Cam1_K
[	2666.6667   0.          960.
   0.          2666.6667   540.
   0.          0.          1.  ]

Cam1_RT
[   0.9874449  -0.1576334  -0.0102154   11.840861
  -0.0165432  -0.0388828  -0.9991068   1.1459197
   0.1570954   0.986732   -0.0410024   50.106411 ]


Cam2_K
[   4266.667   0.         960.
   0.         4266.667   540.
   0.         0.         1.  ]

Cam2_RT
[  -0.0000004  -1.          0.0000001   12.915463
  -0.299365    0.0  -0.9541386  -7.8007503
   0.9541386  -0.0000004  -0.299365    116.06975 ]