3.20 -44.82
3.20 -44.82
3.20 -44.82
5.75 -42.81
5.75 -42.81
5.75 -42.81
6.30 -42.81
6.30 -42.81
6.30 -42.81
6.12 -42.63
6.12 -42.63
6.12 -42.63
6.30 -42.45
6.30 -42.45
6.30 -42.45
5.75 -42.27
5.75 -42.27
5.75 -42.27
5.93 -42.27
5.93 -42.27
5.93 -42.27
5.93 -42.08
5.93 -42.08
5.93 -42.08
6.30 -42.08
6.30 -42.08
6.30 -42.08
6.12 -41.90
6.12 -41.90
6.12 -41.90
6.30 -41.90
6.30 -41.90
6.30 -41.90
5.02 -41.72
5.02 -41.72
5.02 -41.72
5.39 -41.72
5.39 -41.72
5.39 -41.72
5.02 -41.54
5.02 -41.54
5.02 -41.54
5.20 -41.54
5.20 -41.54
5.20 -41.54
5.57 -41.54
5.57 -41.54
5.57 -41.54
5.20 -41.35
5.20 -41.35
5.20 -41.35
5.39 -41.35
5.39 -41.35
5.39 -41.35
4.84 -41.17
4.84 -41.17
4.84 -41.17
5.02 -41.17
5.02 -41.17
5.02 -41.17
5.02 -40.99
5.02 -40.99
5.02 -40.99
5.20 -40.99
5.20 -40.99
5.20 -40.99
5.39 -40.99
5.39 -40.99
5.39 -40.99
5.57 -40.99
5.57 -40.99
5.57 -40.99
1.55 -34.78
1.55 -34.78
1.55 -34.78
2.10 -34.78
2.10 -34.78
2.10 -34.78
1.00 -34.60
1.00 -34.60
1.00 -34.60
1.37 -34.60
1.37 -34.60
1.37 -34.60
1.55 -34.60
1.55 -34.60
1.55 -34.60
1.73 -34.60
1.73 -34.60
1.73 -34.60
1.92 -34.60
1.92 -34.60
1.92 -34.60
2.10 -34.60
2.10 -34.60
2.10 -34.60
0.64 -34.42
0.64 -34.42
0.64 -34.42
1.00 -34.42
1.00 -34.42
1.00 -34.42
1.19 -34.42
1.19 -34.42
1.19 -34.42
1.37 -34.42
1.37 -34.42
1.37 -34.42
1.73 -34.42
1.73 -34.42
1.73 -34.42
2.10 -34.42
2.10 -34.42
2.10 -34.42
0.64 -34.23
0.64 -34.23
0.64 -34.23
1.00 -34.23
1.00 -34.23
1.00 -34.23
1.19 -34.23
1.19 -34.23
1.19 -34.23
1.55 -34.23
1.55 -34.23
1.55 -34.23
1.73 -34.23
1.73 -34.23
1.73 -34.23
2.10 -34.23
2.10 -34.23
2.10 -34.23
0.64 -34.05
0.64 -34.05
0.64 -34.05
1.00 -34.05
1.00 -34.05
1.00 -34.05
1.19 -34.05
1.19 -34.05
1.19 -34.05
1.37 -34.05
1.37 -34.05
1.37 -34.05
1.55 -34.05
1.55 -34.05
1.55 -34.05
1.73 -34.05
1.73 -34.05
1.73 -34.05
0.64 -33.87
0.64 -33.87
0.64 -33.87
1.92 -33.87
1.92 -33.87
1.92 -33.87
-1.73 -33.69
-1.73 -33.69
-1.73 -33.69
-1.19 -33.69
-1.19 -33.69
-1.19 -33.69
-0.46 -33.69
-0.46 -33.69
-0.46 -33.69
-0.27 -33.69
-0.27 -33.69
-0.27 -33.69
-0.09 -33.69
-0.09 -33.69
-0.09 -33.69
0.09 -33.69
0.09 -33.69
0.09 -33.69
0.64 -33.69
0.64 -33.69
0.64 -33.69
0.82 -33.69
0.82 -33.69
0.82 -33.69
1.19 -33.69
1.19 -33.69
1.19 -33.69
-2.65 -33.50
-2.65 -33.50
-2.65 -33.50
-2.28 -33.50
-2.28 -33.50
-2.28 -33.50
-1.73 -33.50
-1.73 -33.50
-1.73 -33.50
-1.55 -33.50
-1.55 -33.50
-1.55 -33.50
-1.37 -33.50
-1.37 -33.50
-1.37 -33.50
-1.19 -33.50
-1.19 -33.50
-1.19 -33.50
-1.00 -33.50
-1.00 -33.50
-1.00 -33.50
-0.82 -33.50
-0.82 -33.50
-0.82 -33.50
-0.46 -33.50
-0.46 -33.50
-0.46 -33.50
-2.46 -33.32
-2.46 -33.32
-2.46 -33.32
-2.28 -33.32
-2.28 -33.32
-2.28 -33.32
-2.10 -33.32
-2.10 -33.32
-2.10 -33.32
-1.92 -33.32
-1.92 -33.32
-1.92 -33.32
-0.82 -33.32
-0.82 -33.32
-0.82 -33.32
-0.64 -33.32
-0.64 -33.32
-0.64 -33.32
-0.46 -33.32
-0.46 -33.32
-0.46 -33.32
-0.27 -33.32
-0.27 -33.32
-0.27 -33.32
-0.09 -33.32
-0.09 -33.32
-0.09 -33.32
0.09 -33.32
0.09 -33.32
0.09 -33.32
0.27 -33.32
0.27 -33.32
0.27 -33.32
-2.65 -33.14
-2.65 -33.14
-2.65 -33.14
-2.46 -33.14
-2.46 -33.14
-2.46 -33.14
-1.55 -33.14
-1.55 -33.14
-1.55 -33.14
0.64 -33.14
0.64 -33.14
0.64 -33.14
-3.38 -32.96
-3.38 -32.96
-3.38 -32.96
-3.01 -32.96
-3.01 -32.96
-3.01 -32.96
-2.65 -32.96
-2.65 -32.96
-2.65 -32.96
-2.28 -32.96
-2.28 -32.96
-2.28 -32.96
-2.10 -32.96
-2.10 -32.96
-2.10 -32.96
-1.00 -32.96
-1.00 -32.96
-1.00 -32.96
-0.64 -32.96
-0.64 -32.96
-0.64 -32.96
-0.46 -32.96
-0.46 -32.96
-0.46 -32.96
-0.27 -32.96
-0.27 -32.96
-0.27 -32.96
-0.09 -32.96
-0.09 -32.96
-0.09 -32.96
0.27 -32.96
0.27 -32.96
0.27 -32.96
0.46 -32.96
0.46 -32.96
0.46 -32.96
1.00 -32.96
1.00 -32.96
1.00 -32.96
-1.55 -32.77
-1.55 -32.77
-1.55 -32.77
-1.37 -32.77
-1.37 -32.77
-1.37 -32.77
-1.19 -32.77
-1.19 -32.77
-1.19 -32.77
-1.00 -32.77
-1.00 -32.77
-1.00 -32.77
-0.82 -32.77
-0.82 -32.77
-0.82 -32.77
-0.46 -32.77
-0.46 -32.77
-0.46 -32.77
0.27 -32.77
0.27 -32.77
0.27 -32.77
0.64 -32.77
0.64 -32.77
0.64 -32.77
-4.29 -32.59
-4.29 -32.59
-4.29 -32.59
-3.74 -32.59
-3.74 -32.59
-3.74 -32.59
-2.46 -32.59
-2.46 -32.59
-2.46 -32.59
-2.28 -32.59
-2.28 -32.59
-2.28 -32.59
-2.10 -32.59
-2.10 -32.59
-2.10 -32.59
-1.92 -32.59
-1.92 -32.59
-1.92 -32.59
-1.73 -32.59
-1.73 -32.59
-1.73 -32.59
-1.55 -32.59
-1.55 -32.59
-1.55 -32.59
-1.37 -32.59
-1.37 -32.59
-1.37 -32.59
-1.19 -32.59
-1.19 -32.59
-1.19 -32.59
0.09 -32.59
0.09 -32.59
0.09 -32.59
0.27 -32.59
0.27 -32.59
0.27 -32.59
0.82 -32.59
0.82 -32.59
0.82 -32.59
1.19 -32.59
1.19 -32.59
1.19 -32.59
-4.29 -32.41
-4.29 -32.41
-4.29 -32.41
-4.11 -32.41
-4.11 -32.41
-4.11 -32.41
-3.93 -32.41
-3.93 -32.41
-3.93 -32.41
-3.74 -32.41
-3.74 -32.41
-3.74 -32.41
-2.28 -32.41
-2.28 -32.41
-2.28 -32.41
-2.10 -32.41
-2.10 -32.41
-2.10 -32.41
-1.92 -32.41
-1.92 -32.41
-1.92 -32.41
-1.73 -32.41
-1.73 -32.41
-1.73 -32.41
-1.55 -32.41
-1.55 -32.41
-1.55 -32.41
-1.37 -32.41
-1.37 -32.41
-1.37 -32.41
-1.19 -32.41
-1.19 -32.41
-1.19 -32.41
-1.00 -32.41
-1.00 -32.41
-1.00 -32.41
-0.46 -32.41
-0.46 -32.41
-0.46 -32.41
-0.09 -32.41
-0.09 -32.41
-0.09 -32.41
0.46 -32.41
0.46 -32.41
0.46 -32.41
-4.29 -32.22
-4.29 -32.22
-4.29 -32.22
-2.10 -32.22
-2.10 -32.22
-2.10 -32.22
-1.92 -32.22
-1.92 -32.22
-1.92 -32.22
-1.73 -32.22
-1.73 -32.22
-1.73 -32.22
-1.55 -32.22
-1.55 -32.22
-1.55 -32.22
-1.37 -32.22
-1.37 -32.22
-1.37 -32.22
-1.19 -32.22
-1.19 -32.22
-1.19 -32.22
-1.00 -32.22
-1.00 -32.22
-1.00 -32.22
-0.82 -32.22
-0.82 -32.22
-0.82 -32.22
-0.46 -32.22
-0.46 -32.22
-0.46 -32.22
-0.09 -32.22
-0.09 -32.22
-0.09 -32.22
0.27 -32.22
0.27 -32.22
0.27 -32.22
1.00 -32.22
1.00 -32.22
1.00 -32.22
-3.93 -32.04
-3.93 -32.04
-3.93 -32.04
-3.74 -32.04
-3.74 -32.04
-3.74 -32.04
-2.10 -32.04
-2.10 -32.04
-2.10 -32.04
-1.92 -32.04
-1.92 -32.04
-1.92 -32.04
-1.73 -32.04
-1.73 -32.04
-1.73 -32.04
-1.55 -32.04
-1.55 -32.04
-1.55 -32.04
-1.37 -32.04
-1.37 -32.04
-1.37 -32.04
-1.19 -32.04
-1.19 -32.04
-1.19 -32.04
0.09 -32.04
0.09 -32.04
0.09 -32.04
0.27 -32.04
0.27 -32.04
0.27 -32.04
0.82 -32.04
0.82 -32.04
0.82 -32.04
1.00 -32.04
1.00 -32.04
1.00 -32.04
-4.11 -31.86
-4.11 -31.86
-4.11 -31.86
-3.93 -31.86
-3.93 -31.86
-3.93 -31.86
-3.38 -31.86
-3.38 -31.86
-3.38 -31.86
-3.20 -31.86
-3.20 -31.86
-3.20 -31.86
-3.01 -31.86
-3.01 -31.86
-3.01 -31.86
-2.83 -31.86
-2.83 -31.86
-2.83 -31.86
-2.65 -31.86
-2.65 -31.86
-2.65 -31.86
-2.46 -31.86
-2.46 -31.86
-2.46 -31.86
-2.28 -31.86
-2.28 -31.86
-2.28 -31.86
-2.10 -31.86
-2.10 -31.86
-2.10 -31.86
-1.92 -31.86
-1.92 -31.86
-1.92 -31.86
-1.73 -31.86
-1.73 -31.86
-1.73 -31.86
-1.55 -31.86
-1.55 -31.86
-1.55 -31.86
-0.64 -31.86
-0.64 -31.86
-0.64 -31.86
-0.09 -31.86
-0.09 -31.86
-0.09 -31.86
0.09 -31.86
0.09 -31.86
0.09 -31.86
0.27 -31.86
0.27 -31.86
0.27 -31.86
0.64 -31.86
0.64 -31.86
0.64 -31.86
1.00 -31.86
1.00 -31.86
1.00 -31.86
-4.29 -31.68
-4.29 -31.68
-4.29 -31.68
-3.93 -31.68
-3.93 -31.68
-3.93 -31.68
-3.74 -31.68
-3.74 -31.68
-3.74 -31.68
-3.56 -31.68
-3.56 -31.68
-3.56 -31.68
-3.38 -31.68
-3.38 -31.68
-3.38 -31.68
-3.20 -31.68
-3.20 -31.68
-3.20 -31.68
-3.01 -31.68
-3.01 -31.68
-3.01 -31.68
-2.83 -31.68
-2.83 -31.68
-2.83 -31.68
-2.46 -31.68
-2.46 -31.68
-2.46 -31.68
-2.28 -31.68
-2.28 -31.68
-2.28 -31.68
-2.10 -31.68
-2.10 -31.68
-2.10 -31.68
-1.92 -31.68
-1.92 -31.68
-1.92 -31.68
-1.73 -31.68
-1.73 -31.68
-1.73 -31.68
-1.55 -31.68
-1.55 -31.68
-1.55 -31.68
-1.37 -31.68
-1.37 -31.68
-1.37 -31.68
-0.64 -31.68
-0.64 -31.68
-0.64 -31.68
-0.46 -31.68
-0.46 -31.68
-0.46 -31.68
-0.27 -31.68
-0.27 -31.68
-0.27 -31.68
-0.09 -31.68
-0.09 -31.68
-0.09 -31.68
0.46 -31.68
0.46 -31.68
0.46 -31.68
-5.02 -31.49
-5.02 -31.49
-5.02 -31.49
-4.84 -31.49
-4.84 -31.49
-4.84 -31.49
-4.11 -31.49
-4.11 -31.49
-4.11 -31.49
-3.93 -31.49
-3.93 -31.49
-3.93 -31.49
-3.56 -31.49
-3.56 -31.49
-3.56 -31.49
-3.38 -31.49
-3.38 -31.49
-3.38 -31.49
-3.20 -31.49
-3.20 -31.49
-3.20 -31.49
-2.28 -31.49
-2.28 -31.49
-2.28 -31.49
-2.10 -31.49
-2.10 -31.49
-2.10 -31.49
-1.92 -31.49
-1.92 -31.49
-1.92 -31.49
-1.73 -31.49
-1.73 -31.49
-1.73 -31.49
-1.55 -31.49
-1.55 -31.49
-1.55 -31.49
-1.37 -31.49
-1.37 -31.49
-1.37 -31.49
-1.19 -31.49
-1.19 -31.49
-1.19 -31.49
-1.00 -31.49
-1.00 -31.49
-1.00 -31.49
-0.82 -31.49
-0.82 -31.49
-0.82 -31.49
-0.46 -31.49
-0.46 -31.49
-0.46 -31.49
-0.27 -31.49
-0.27 -31.49
-0.27 -31.49
0.09 -31.49
0.09 -31.49
0.09 -31.49
0.27 -31.49
0.27 -31.49
0.27 -31.49
0.46 -31.49
0.46 -31.49
0.46 -31.49
-5.20 -31.31
-5.20 -31.31
-5.20 -31.31
-5.02 -31.31
-5.02 -31.31
-5.02 -31.31
-4.84 -31.31
-4.84 -31.31
-4.84 -31.31
-4.66 -31.31
-4.66 -31.31
-4.66 -31.31
-4.47 -31.31
-4.47 -31.31
-4.47 -31.31
-4.29 -31.31
-4.29 -31.31
-4.29 -31.31
-4.11 -31.31
-4.11 -31.31
-4.11 -31.31
-3.93 -31.31
-3.93 -31.31
-3.93 -31.31
-3.74 -31.31
-3.74 -31.31
-3.74 -31.31
-3.56 -31.31
-3.56 -31.31
-3.56 -31.31
-3.38 -31.31
-3.38 -31.31
-3.38 -31.31
-1.92 -31.31
-1.92 -31.31
-1.92 -31.31
-1.73 -31.31
-1.73 -31.31
-1.73 -31.31
-1.55 -31.31
-1.55 -31.31
-1.55 -31.31
-1.37 -31.31
-1.37 -31.31
-1.37 -31.31
-1.19 -31.31
-1.19 -31.31
-1.19 -31.31
-1.00 -31.31
-1.00 -31.31
-1.00 -31.31
-0.82 -31.31
-0.82 -31.31
-0.82 -31.31
-5.02 -31.13
-5.02 -31.13
-5.02 -31.13
-4.84 -31.13
-4.84 -31.13
-4.84 -31.13
-4.66 -31.13
-4.66 -31.13
-4.66 -31.13
-4.47 -31.13
-4.47 -31.13
-4.47 -31.13
-4.29 -31.13
-4.29 -31.13
-4.29 -31.13
-4.11 -31.13
-4.11 -31.13
-4.11 -31.13
-3.93 -31.13
-3.93 -31.13
-3.93 -31.13
-3.74 -31.13
-3.74 -31.13
-3.74 -31.13
-3.56 -31.13
-3.56 -31.13
-3.56 -31.13
-3.38 -31.13
-3.38 -31.13
-3.38 -31.13
-3.20 -31.13
-3.20 -31.13
-3.20 -31.13
-3.01 -31.13
-3.01 -31.13
-3.01 -31.13
-2.83 -31.13
-2.83 -31.13
-2.83 -31.13
-2.65 -31.13
-2.65 -31.13
-2.65 -31.13
-2.46 -31.13
-2.46 -31.13
-2.46 -31.13
-2.28 -31.13
-2.28 -31.13
-2.28 -31.13
-2.10 -31.13
-2.10 -31.13
-2.10 -31.13
-1.92 -31.13
-1.92 -31.13
-1.92 -31.13
-1.73 -31.13
-1.73 -31.13
-1.73 -31.13
-1.55 -31.13
-1.55 -31.13
-1.55 -31.13
-1.37 -31.13
-1.37 -31.13
-1.37 -31.13
0.27 -31.13
0.27 -31.13
0.27 -31.13
-5.20 -30.95
-5.20 -30.95
-5.20 -30.95
-5.02 -30.95
-5.02 -30.95
-5.02 -30.95
-4.84 -30.95
-4.84 -30.95
-4.84 -30.95
-4.66 -30.95
-4.66 -30.95
-4.66 -30.95
-4.47 -30.95
-4.47 -30.95
-4.47 -30.95
-4.29 -30.95
-4.29 -30.95
-4.29 -30.95
-4.11 -30.95
-4.11 -30.95
-4.11 -30.95
-3.93 -30.95
-3.93 -30.95
-3.93 -30.95
-3.74 -30.95
-3.74 -30.95
-3.74 -30.95
-3.56 -30.95
-3.56 -30.95
-3.56 -30.95
-3.38 -30.95
-3.38 -30.95
-3.38 -30.95
-3.20 -30.95
-3.20 -30.95
-3.20 -30.95
-3.01 -30.95
-3.01 -30.95
-3.01 -30.95
-2.83 -30.95
-2.83 -30.95
-2.83 -30.95
-2.65 -30.95
-2.65 -30.95
-2.65 -30.95
-2.46 -30.95
-2.46 -30.95
-2.46 -30.95
-0.46 -30.95
-0.46 -30.95
-0.46 -30.95
-0.09 -30.95
-0.09 -30.95
-0.09 -30.95
0.09 -30.95
0.09 -30.95
0.09 -30.95
-5.20 -30.76
-5.20 -30.76
-5.20 -30.76
-5.02 -30.76
-5.02 -30.76
-5.02 -30.76
-4.84 -30.76
-4.84 -30.76
-4.84 -30.76
-4.66 -30.76
-4.66 -30.76
-4.66 -30.76
-4.47 -30.76
-4.47 -30.76
-4.47 -30.76
-4.29 -30.76
-4.29 -30.76
-4.29 -30.76
-4.11 -30.76
-4.11 -30.76
-4.11 -30.76
-3.93 -30.76
-3.93 -30.76
-3.93 -30.76
-3.74 -30.76
-3.74 -30.76
-3.74 -30.76
-3.56 -30.76
-3.56 -30.76
-3.56 -30.76
-3.38 -30.76
-3.38 -30.76
-3.38 -30.76
-0.64 -30.76
-0.64 -30.76
-0.64 -30.76
-0.46 -30.76
-0.46 -30.76
-0.46 -30.76
-0.09 -30.76
-0.09 -30.76
-0.09 -30.76
0.09 -30.76
0.09 -30.76
0.09 -30.76
-5.02 -30.58
-5.02 -30.58
-5.02 -30.58
-4.84 -30.58
-4.84 -30.58
-4.84 -30.58
-4.66 -30.58
-4.66 -30.58
-4.66 -30.58
-4.47 -30.58
-4.47 -30.58
-4.47 -30.58
-4.29 -30.58
-4.29 -30.58
-4.29 -30.58
-4.11 -30.58
-4.11 -30.58
-4.11 -30.58
-3.93 -30.58
-3.93 -30.58
-3.93 -30.58
-3.74 -30.58
-3.74 -30.58
-3.74 -30.58
-3.56 -30.58
-3.56 -30.58
-3.56 -30.58
-3.38 -30.58
-3.38 -30.58
-3.38 -30.58
-3.20 -30.58
-3.20 -30.58
-3.20 -30.58
-3.01 -30.58
-3.01 -30.58
-3.01 -30.58
-2.83 -30.58
-2.83 -30.58
-2.83 -30.58
-2.65 -30.58
-2.65 -30.58
-2.65 -30.58
-2.46 -30.58
-2.46 -30.58
-2.46 -30.58
-2.28 -30.58
-2.28 -30.58
-2.28 -30.58
-2.10 -30.58
-2.10 -30.58
-2.10 -30.58
-1.92 -30.58
-1.92 -30.58
-1.92 -30.58
-1.73 -30.58
-1.73 -30.58
-1.73 -30.58
-1.55 -30.58
-1.55 -30.58
-1.55 -30.58
-1.37 -30.58
-1.37 -30.58
-1.37 -30.58
-5.20 -30.40
-5.20 -30.40
-5.20 -30.40
-5.02 -30.40
-5.02 -30.40
-5.02 -30.40
-4.84 -30.40
-4.84 -30.40
-4.84 -30.40
-4.66 -30.40
-4.66 -30.40
-4.66 -30.40
-4.47 -30.40
-4.47 -30.40
-4.47 -30.40
-4.29 -30.40
-4.29 -30.40
-4.29 -30.40
-4.11 -30.40
-4.11 -30.40
-4.11 -30.40
-3.93 -30.40
-3.93 -30.40
-3.93 -30.40
-3.74 -30.40
-3.74 -30.40
-3.74 -30.40
-3.56 -30.40
-3.56 -30.40
-3.56 -30.40
-3.38 -30.40
-3.38 -30.40
-3.38 -30.40
-3.20 -30.40
-3.20 -30.40
-3.20 -30.40
-3.01 -30.40
-3.01 -30.40
-3.01 -30.40
-2.83 -30.40
-2.83 -30.40
-2.83 -30.40
-2.65 -30.40
-2.65 -30.40
-2.65 -30.40
-2.46 -30.40
-2.46 -30.40
-2.46 -30.40
-2.28 -30.40
-2.28 -30.40
-2.28 -30.40
-2.10 -30.40
-2.10 -30.40
-2.10 -30.40
-1.92 -30.40
-1.92 -30.40
-1.92 -30.40
-1.73 -30.40
-1.73 -30.40
-1.73 -30.40
-1.55 -30.40
-1.55 -30.40
-1.55 -30.40
-1.37 -30.40
-1.37 -30.40
-1.37 -30.40
-1.19 -30.40
-1.19 -30.40
-1.19 -30.40
-1.00 -30.40
-1.00 -30.40
-1.00 -30.40
-0.82 -30.40
-0.82 -30.40
-0.82 -30.40
-0.46 -30.40
-0.46 -30.40
-0.46 -30.40
-5.20 -30.22
-5.20 -30.22
-5.20 -30.22
-5.02 -30.22
-5.02 -30.22
-5.02 -30.22
-4.84 -30.22
-4.84 -30.22
-4.84 -30.22
-4.66 -30.22
-4.66 -30.22
-4.66 -30.22
-4.47 -30.22
-4.47 -30.22
-4.47 -30.22
-4.29 -30.22
-4.29 -30.22
-4.29 -30.22
-4.11 -30.22
-4.11 -30.22
-4.11 -30.22
-3.93 -30.22
-3.93 -30.22
-3.93 -30.22
-3.74 -30.22
-3.74 -30.22
-3.74 -30.22
-3.56 -30.22
-3.56 -30.22
-3.56 -30.22
-3.38 -30.22
-3.38 -30.22
-3.38 -30.22
-3.20 -30.22
-3.20 -30.22
-3.20 -30.22
-3.01 -30.22
-3.01 -30.22
-3.01 -30.22
-2.83 -30.22
-2.83 -30.22
-2.83 -30.22
-1.37 -30.22
-1.37 -30.22
-1.37 -30.22
-1.19 -30.22
-1.19 -30.22
-1.19 -30.22
-1.00 -30.22
-1.00 -30.22
-1.00 -30.22
-0.82 -30.22
-0.82 -30.22
-0.82 -30.22
-0.64 -30.22
-0.64 -30.22
-0.64 -30.22
-0.46 -30.22
-0.46 -30.22
-0.46 -30.22
-5.02 -30.03
-5.02 -30.03
-5.02 -30.03
-4.84 -30.03
-4.84 -30.03
-4.84 -30.03
-4.66 -30.03
-4.66 -30.03
-4.66 -30.03
-4.47 -30.03
-4.47 -30.03
-4.47 -30.03
-4.29 -30.03
-4.29 -30.03
-4.29 -30.03
-4.11 -30.03
-4.11 -30.03
-4.11 -30.03
-3.93 -30.03
-3.93 -30.03
-3.93 -30.03
-3.74 -30.03
-3.74 -30.03
-3.74 -30.03
-3.56 -30.03
-3.56 -30.03
-3.56 -30.03
-3.38 -30.03
-3.38 -30.03
-3.38 -30.03
-3.20 -30.03
-3.20 -30.03
-3.20 -30.03
-2.10 -30.03
-2.10 -30.03
-2.10 -30.03
-1.92 -30.03
-1.92 -30.03
-1.92 -30.03
-1.73 -30.03
-1.73 -30.03
-1.73 -30.03
-1.55 -30.03
-1.55 -30.03
-1.55 -30.03
-0.64 -30.03
-0.64 -30.03
-0.64 -30.03
-0.46 -30.03
-0.46 -30.03
-0.46 -30.03
-5.20 -29.85
-5.20 -29.85
-5.20 -29.85
-4.84 -29.85
-4.84 -29.85
-4.84 -29.85
-4.66 -29.85
-4.66 -29.85
-4.66 -29.85
-4.47 -29.85
-4.47 -29.85
-4.47 -29.85
-4.29 -29.85
-4.29 -29.85
-4.29 -29.85
-3.93 -29.85
-3.93 -29.85
-3.93 -29.85
-3.74 -29.85
-3.74 -29.85
-3.74 -29.85
-2.10 -29.85
-2.10 -29.85
-2.10 -29.85
-1.92 -29.85
-1.92 -29.85
-1.92 -29.85
-1.73 -29.85
-1.73 -29.85
-1.73 -29.85
-1.55 -29.85
-1.55 -29.85
-1.55 -29.85
-1.37 -29.85
-1.37 -29.85
-1.37 -29.85
-1.19 -29.85
-1.19 -29.85
-1.19 -29.85
-1.00 -29.85
-1.00 -29.85
-1.00 -29.85
-0.82 -29.85
-0.82 -29.85
-0.82 -29.85
-0.64 -29.85
-0.64 -29.85
-0.64 -29.85
-5.20 -29.67
-5.20 -29.67
-5.20 -29.67
-5.02 -29.67
-5.02 -29.67
-5.02 -29.67
-4.84 -29.67
-4.84 -29.67
-4.84 -29.67
-3.56 -29.67
-3.56 -29.67
-3.56 -29.67
-3.38 -29.67
-3.38 -29.67
-3.38 -29.67
-3.20 -29.67
-3.20 -29.67
-3.20 -29.67
-3.01 -29.67
-3.01 -29.67
-3.01 -29.67
-2.83 -29.67
-2.83 -29.67
-2.83 -29.67
-2.65 -29.67
-2.65 -29.67
-2.65 -29.67
-2.46 -29.67
-2.46 -29.67
-2.46 -29.67
-2.28 -29.67
-2.28 -29.67
-2.28 -29.67
-2.10 -29.67
-2.10 -29.67
-2.10 -29.67
-1.92 -29.67
-1.92 -29.67
-1.92 -29.67
-1.73 -29.67
-1.73 -29.67
-1.73 -29.67
-1.55 -29.67
-1.55 -29.67
-1.55 -29.67
-1.37 -29.67
-1.37 -29.67
-1.37 -29.67
-1.19 -29.67
-1.19 -29.67
-1.19 -29.67
-1.00 -29.67
-1.00 -29.67
-1.00 -29.67
-0.82 -29.67
-0.82 -29.67
-0.82 -29.67
-0.46 -29.67
-0.46 -29.67
-0.46 -29.67
-5.02 -29.49
-5.02 -29.49
-5.02 -29.49
-4.84 -29.49
-4.84 -29.49
-4.84 -29.49
-4.66 -29.49
-4.66 -29.49
-4.66 -29.49
-4.47 -29.49
-4.47 -29.49
-4.47 -29.49
-4.29 -29.49
-4.29 -29.49
-4.29 -29.49
-4.11 -29.49
-4.11 -29.49
-4.11 -29.49
-3.93 -29.49
-3.93 -29.49
-3.93 -29.49
-3.56 -29.49
-3.56 -29.49
-3.56 -29.49
-3.38 -29.49
-3.38 -29.49
-3.38 -29.49
-3.20 -29.49
-3.20 -29.49
-3.20 -29.49
-3.01 -29.49
-3.01 -29.49
-3.01 -29.49
-2.83 -29.49
-2.83 -29.49
-2.83 -29.49
-2.65 -29.49
-2.65 -29.49
-2.65 -29.49
-2.46 -29.49
-2.46 -29.49
-2.46 -29.49
-2.28 -29.49
-2.28 -29.49
-2.28 -29.49
-2.10 -29.49
-2.10 -29.49
-2.10 -29.49
-1.92 -29.49
-1.92 -29.49
-1.92 -29.49
-1.73 -29.49
-1.73 -29.49
-1.73 -29.49
-1.55 -29.49
-1.55 -29.49
-1.55 -29.49
-1.37 -29.49
-1.37 -29.49
-1.37 -29.49
-0.64 -29.49
-0.64 -29.49
-0.64 -29.49
-5.20 -29.30
-5.20 -29.30
-5.20 -29.30
-4.84 -29.30
-4.84 -29.30
-4.84 -29.30
-4.66 -29.30
-4.66 -29.30
-4.66 -29.30
-3.74 -29.30
-3.74 -29.30
-3.74 -29.30
-3.56 -29.30
-3.56 -29.30
-3.56 -29.30
-2.28 -29.30
-2.28 -29.30
-2.28 -29.30
-5.20 -29.12
-5.20 -29.12
-5.20 -29.12
-4.84 -29.12
-4.84 -29.12
-4.84 -29.12
-4.66 -29.12
-4.66 -29.12
-4.66 -29.12
-4.47 -29.12
-4.47 -29.12
-4.47 -29.12
-4.29 -29.12
-4.29 -29.12
-4.29 -29.12
-3.93 -29.12
-3.93 -29.12
-3.93 -29.12
-3.74 -29.12
-3.74 -29.12
-3.74 -29.12
-3.56 -29.12
-3.56 -29.12
-3.56 -29.12
-2.28 -29.12
-2.28 -29.12
-2.28 -29.12
-5.02 -28.94
-5.02 -28.94
-5.02 -28.94
-4.84 -28.94
-4.84 -28.94
-4.84 -28.94
-1.55 -28.94
-1.55 -28.94
-1.55 -28.94
-1.37 -28.94
-1.37 -28.94
-1.37 -28.94
-1.19 -28.94
-1.19 -28.94
-1.19 -28.94
-1.00 -28.94
-1.00 -28.94
-1.00 -28.94
-0.82 -28.94
-0.82 -28.94
-0.82 -28.94
-0.64 -28.94
-0.64 -28.94
-0.64 -28.94
-5.20 -28.76
-5.20 -28.76
-5.20 -28.76
-4.66 -28.76
-4.66 -28.76
-4.66 -28.76
-4.47 -28.76
-4.47 -28.76
-4.47 -28.76
-4.11 -28.76
-4.11 -28.76
-4.11 -28.76
-3.93 -28.76
-3.93 -28.76
-3.93 -28.76
-3.74 -28.76
-3.74 -28.76
-3.74 -28.76
-1.73 -28.76
-1.73 -28.76
-1.73 -28.76
-1.55 -28.76
-1.55 -28.76
-1.55 -28.76
-1.37 -28.76
-1.37 -28.76
-1.37 -28.76
-1.19 -28.76
-1.19 -28.76
-1.19 -28.76
-1.00 -28.76
-1.00 -28.76
-1.00 -28.76
-0.82 -28.76
-0.82 -28.76
-0.82 -28.76
-0.64 -28.76
-0.64 -28.76
-0.64 -28.76
-4.29 -28.57
-4.29 -28.57
-4.29 -28.57
-1.55 -28.57
-1.55 -28.57
-1.55 -28.57
-1.37 -28.57
-1.37 -28.57
-1.37 -28.57
-1.19 -28.57
-1.19 -28.57
-1.19 -28.57
-0.64 -28.57
-0.64 -28.57
-0.64 -28.57
-3.74 -28.39
-3.74 -28.39
-3.74 -28.39
-3.56 -28.39
-3.56 -28.39
-3.56 -28.39
-3.38 -28.39
-3.38 -28.39
-3.38 -28.39
-3.01 -28.39
-3.01 -28.39
-3.01 -28.39
-2.83 -28.39
-2.83 -28.39
-2.83 -28.39
-2.28 -28.39
-2.28 -28.39
-2.28 -28.39
-0.82 -28.39
-0.82 -28.39
-0.82 -28.39
-0.64 -28.39
-0.64 -28.39
-0.64 -28.39
-4.29 -28.21
-4.29 -28.21
-4.29 -28.21
-4.11 -28.21
-4.11 -28.21
-4.11 -28.21
-3.93 -28.21
-3.93 -28.21
-3.93 -28.21
-3.74 -28.21
-3.74 -28.21
-3.74 -28.21
-3.56 -28.21
-3.56 -28.21
-3.56 -28.21
-2.83 -28.21
-2.83 -28.21
-2.83 -28.21
-2.65 -28.21
-2.65 -28.21
-2.65 -28.21
-2.28 -28.21
-2.28 -28.21
-2.28 -28.21
-3.56 -28.03
-3.56 -28.03
-3.56 -28.03
-3.20 -28.03
-3.20 -28.03
-3.20 -28.03
-2.28 -28.03
-2.28 -28.03
-2.28 -28.03
-2.10 -28.03
-2.10 -28.03
-2.10 -28.03
-0.46 -28.03
-0.46 -28.03
-0.46 -28.03
0.09 -28.03
0.09 -28.03
0.09 -28.03
-2.65 -27.84
-2.65 -27.84
-2.65 -27.84
-2.10 -27.84
-2.10 -27.84
-2.10 -27.84
-1.00 -27.84
-1.00 -27.84
-1.00 -27.84
-0.82 -27.84
-0.82 -27.84
-0.82 -27.84
-0.64 -27.84
-0.64 -27.84
-0.64 -27.84
-0.46 -27.84
-0.46 -27.84
-0.46 -27.84
0.09 -27.84
0.09 -27.84
0.09 -27.84
0.27 -27.84
0.27 -27.84
0.27 -27.84
-2.46 -27.66
-2.46 -27.66
-2.46 -27.66
-2.28 -27.66
-2.28 -27.66
-2.28 -27.66
-1.73 -27.66
-1.73 -27.66
-1.73 -27.66
-1.55 -27.66
-1.55 -27.66
-1.55 -27.66
-1.37 -27.66
-1.37 -27.66
-1.37 -27.66
-1.19 -27.66
-1.19 -27.66
-1.19 -27.66
-1.00 -27.66
-1.00 -27.66
-1.00 -27.66
-0.82 -27.66
-0.82 -27.66
-0.82 -27.66
-0.09 -27.66
-0.09 -27.66
-0.09 -27.66
-2.10 -27.48
-2.10 -27.48
-2.10 -27.48
-1.92 -27.48
-1.92 -27.48
-1.92 -27.48
-1.73 -27.48
-1.73 -27.48
-1.73 -27.48
-1.55 -27.48
-1.55 -27.48
-1.55 -27.48
-1.37 -27.48
-1.37 -27.48
-1.37 -27.48
0.09 -27.48
0.09 -27.48
0.09 -27.48
-2.10 -27.30
-2.10 -27.30
-2.10 -27.30
-1.92 -27.30
-1.92 -27.30
-1.92 -27.30
-1.73 -27.30
-1.73 -27.30
-1.73 -27.30
-1.55 -27.30
-1.55 -27.30
-1.55 -27.30
-1.37 -27.30
-1.37 -27.30
-1.37 -27.30
-2.10 -27.11
-2.10 -27.11
-2.10 -27.11
-1.92 -27.11
-1.92 -27.11
-1.92 -27.11
-1.73 -27.11
-1.73 -27.11
-1.73 -27.11
-1.55 -27.11
-1.55 -27.11
-1.55 -27.11
-1.37 -27.11
-1.37 -27.11
-1.37 -27.11
-2.10 -26.93
-2.10 -26.93
-2.10 -26.93
-1.92 -26.93
-1.92 -26.93
-1.92 -26.93
-0.46 -26.93
-0.46 -26.93
-0.46 -26.93
0.09 -26.93
0.09 -26.93
0.09 -26.93
-0.82 -26.75
-0.82 -26.75
-0.82 -26.75
-0.46 -26.75
-0.46 -26.75
-0.46 -26.75
-0.09 -26.75
-0.09 -26.75
-0.09 -26.75
0.09 -26.75
0.09 -26.75
0.09 -26.75
-1.19 -26.56
-1.19 -26.56
-1.19 -26.56
-1.19 -26.38
-1.19 -26.38
-1.19 -26.38
-14.33 10.13
-14.33 10.13
-14.33 10.13
-13.60 10.50
-13.60 10.50
-13.60 10.50
-13.42 10.50
-13.42 10.50
-13.42 10.50
-13.97 10.68
-13.97 10.68
-13.97 10.68
-13.60 10.68
-13.60 10.68
-13.60 10.68
-13.24 10.68
-13.24 10.68
-13.24 10.68
-13.97 10.86
-13.97 10.86
-13.97 10.86
-13.78 10.86
-13.78 10.86
-13.78 10.86
-13.60 10.86
-13.60 10.86
-13.60 10.86
-13.42 10.86
-13.42 10.86
-13.42 10.86
-13.60 11.05
-13.60 11.05
-13.60 11.05
-13.24 11.05
-13.24 11.05
-13.24 11.05
-12.87 11.05
-12.87 11.05
-12.87 11.05
-13.42 11.23
-13.42 11.23
-13.42 11.23
-13.05 11.23
-13.05 11.23
-13.05 11.23
-12.51 11.23
-12.51 11.23
-12.51 11.23
-13.97 11.41
-13.97 11.41
-13.97 11.41
-13.78 11.41
-13.78 11.41
-13.78 11.41
-13.60 11.41
-13.60 11.41
-13.60 11.41
-13.05 11.41
-13.05 11.41
-13.05 11.41
-12.87 11.41
-12.87 11.41
-12.87 11.41
-13.42 11.59
-13.42 11.59
-13.42 11.59
-12.69 11.59
-12.69 11.59
-12.69 11.59
-12.51 11.59
-12.51 11.59
-12.51 11.59
-13.05 11.78
-13.05 11.78
-13.05 11.78
-11.78 11.78
-11.78 11.78
-11.78 11.78
-11.59 11.78
-11.59 11.78
-11.59 11.78
-12.14 11.96
-12.14 11.96
-12.14 11.96
-11.96 11.96
-11.96 11.96
-11.96 11.96
-11.78 11.96
-11.78 11.96
-11.78 11.96
-11.59 11.96
-11.59 11.96
-11.59 11.96
-16.71 12.14
-16.71 12.14
-16.71 12.14
-16.52 12.14
-16.52 12.14
-16.52 12.14
-16.16 12.14
-16.16 12.14
-16.16 12.14
-15.98 12.14
-15.98 12.14
-15.98 12.14
-12.32 12.14
-12.32 12.14
-12.32 12.14
-16.16 12.32
-16.16 12.32
-16.16 12.32
-15.98 12.32
-15.98 12.32
-15.98 12.32
-11.96 12.32
-11.96 12.32
-11.96 12.32
-16.16 12.51
-16.16 12.51
-16.16 12.51
-12.32 12.51
-12.32 12.51
-12.32 12.51
-11.96 12.51
-11.96 12.51
-11.96 12.51
-11.78 12.51
-11.78 12.51
-11.78 12.51
-11.41 12.51
-11.41 12.51
-11.41 12.51
-11.23 12.51
-11.23 12.51
-11.23 12.51
-16.71 12.69
-16.71 12.69
-16.71 12.69
-16.52 12.69
-16.52 12.69
-16.52 12.69
-16.34 12.69
-16.34 12.69
-16.34 12.69
-16.16 12.69
-16.16 12.69
-16.16 12.69
-12.32 12.69
-12.32 12.69
-12.32 12.69
-12.14 12.69
-12.14 12.69
-12.14 12.69
-11.05 12.69
-11.05 12.69
-11.05 12.69
-16.71 12.87
-16.71 12.87
-16.71 12.87
-16.52 12.87
-16.52 12.87
-16.52 12.87
-16.34 12.87
-16.34 12.87
-16.34 12.87
-15.98 12.87
-15.98 12.87
-15.98 12.87
-11.59 12.87
-11.59 12.87
-11.59 12.87
-11.41 12.87
-11.41 12.87
-11.41 12.87
-16.52 13.05
-16.52 13.05
-16.52 13.05
-16.34 13.05
-16.34 13.05
-16.34 13.05
-15.98 13.05
-15.98 13.05
-15.98 13.05
-16.71 13.24
-16.71 13.24
-16.71 13.24
-16.52 13.24
-16.52 13.24
-16.52 13.24
-16.34 13.24
-16.34 13.24
-16.34 13.24
-15.98 13.24
-15.98 13.24
-15.98 13.24
-15.79 13.24
-15.79 13.24
-15.79 13.24
-15.61 13.24
-15.61 13.24
-15.61 13.24
-15.25 13.24
-15.25 13.24
-15.25 13.24
-15.06 13.24
-15.06 13.24
-15.06 13.24
-16.52 13.42
-16.52 13.42
-16.52 13.42
-16.34 13.42
-16.34 13.42
-16.34 13.42
-15.61 13.42
-15.61 13.42
-15.61 13.42
-15.43 13.42
-15.43 13.42
-15.43 13.42
-15.79 13.60
-15.79 13.60
-15.79 13.60
-15.25 13.60
-15.25 13.60
-15.25 13.60
-9.59 13.60
-9.59 13.60
-9.59 13.60
-9.40 13.60
-9.40 13.60
-9.40 13.60
-15.43 13.78
-15.43 13.78
-15.43 13.78
-14.88 13.78
-14.88 13.78
-14.88 13.78
-14.51 13.78
-14.51 13.78
-14.51 13.78
-10.86 13.78
-10.86 13.78
-10.86 13.78
-10.68 13.78
-10.68 13.78
-10.68 13.78
-9.95 13.78
-9.95 13.78
-9.95 13.78
-9.77 13.78
-9.77 13.78
-9.77 13.78
-9.59 13.78
-9.59 13.78
-9.59 13.78
-9.22 13.78
-9.22 13.78
-9.22 13.78
-15.98 13.97
-15.98 13.97
-15.98 13.97
-15.43 13.97
-15.43 13.97
-15.43 13.97
-15.25 13.97
-15.25 13.97
-15.25 13.97
-15.06 13.97
-15.06 13.97
-15.06 13.97
-14.88 13.97
-14.88 13.97
-14.88 13.97
-14.70 13.97
-14.70 13.97
-14.70 13.97
-10.50 13.97
-10.50 13.97
-10.50 13.97
-10.32 13.97
-10.32 13.97
-10.32 13.97
-10.13 13.97
-10.13 13.97
-10.13 13.97
-9.59 13.97
-9.59 13.97
-9.59 13.97
-9.40 13.97
-9.40 13.97
-9.40 13.97
-9.22 13.97
-9.22 13.97
-9.22 13.97
-14.70 14.15
-14.70 14.15
-14.70 14.15
-14.33 14.15
-14.33 14.15
-14.33 14.15
-9.95 14.15
-9.95 14.15
-9.95 14.15
-9.77 14.15
-9.77 14.15
-9.77 14.15
-9.22 14.15
-9.22 14.15
-9.22 14.15
-14.88 14.33
-14.88 14.33
-14.88 14.33
-14.70 14.33
-14.70 14.33
-14.70 14.33
-9.77 14.33
-9.77 14.33
-9.77 14.33
-9.59 14.33
-9.59 14.33
-9.59 14.33
-9.40 14.33
-9.40 14.33
-9.40 14.33
-9.22 14.33
-9.22 14.33
-9.22 14.33
-14.51 14.51
-14.51 14.51
-14.51 14.51
-9.95 14.51
-9.95 14.51
-9.95 14.51
-9.77 14.51
-9.77 14.51
-9.77 14.51
-9.22 14.51
-9.22 14.51
-9.22 14.51
-9.04 14.51
-9.04 14.51
-9.04 14.51
-8.85 14.51
-8.85 14.51
-8.85 14.51
-15.06 14.70
-15.06 14.70
-15.06 14.70
-14.88 14.70
-14.88 14.70
-14.88 14.70
-14.51 14.70
-14.51 14.70
-14.51 14.70
-9.77 14.70
-9.77 14.70
-9.77 14.70
-9.22 14.70
-9.22 14.70
-9.22 14.70
-8.67 14.70
-8.67 14.70
-8.67 14.70
-8.49 14.70
-8.49 14.70
-8.49 14.70
-14.51 14.88
-14.51 14.88
-14.51 14.88
-14.33 14.88
-14.33 14.88
-14.33 14.88
-13.60 14.88
-13.60 14.88
-13.60 14.88
-9.04 14.88
-9.04 14.88
-9.04 14.88
-8.67 14.88
-8.67 14.88
-8.67 14.88
-8.49 14.88
-8.49 14.88
-8.49 14.88
-14.88 15.06
-14.88 15.06
-14.88 15.06
-14.70 15.06
-14.70 15.06
-14.70 15.06
-14.33 15.06
-14.33 15.06
-14.33 15.06
-9.04 15.06
-9.04 15.06
-9.04 15.06
-8.49 15.06
-8.49 15.06
-8.49 15.06
-14.15 15.25
-14.15 15.25
-14.15 15.25
-12.69 15.25
-12.69 15.25
-12.69 15.25
-8.85 15.25
-8.85 15.25
-8.85 15.25
-8.67 15.25
-8.67 15.25
-8.67 15.25
-14.33 15.43
-14.33 15.43
-14.33 15.43
-13.97 15.43
-13.97 15.43
-13.97 15.43
-13.60 15.43
-13.60 15.43
-13.60 15.43
-13.24 15.43
-13.24 15.43
-13.24 15.43
-13.05 15.43
-13.05 15.43
-13.05 15.43
-12.69 15.43
-12.69 15.43
-12.69 15.43
-11.96 15.43
-11.96 15.43
-11.96 15.43
-14.33 15.61
-14.33 15.61
-14.33 15.61
-13.60 15.61
-13.60 15.61
-13.60 15.61
-12.69 15.61
-12.69 15.61
-12.69 15.61
-11.96 15.61
-11.96 15.61
-11.96 15.61
-13.24 15.79
-13.24 15.79
-13.24 15.79
-13.05 15.79
-13.05 15.79
-13.05 15.79
-12.69 15.79
-12.69 15.79
-12.69 15.79
-12.51 15.79
-12.51 15.79
-12.51 15.79
-12.32 15.79
-12.32 15.79
-12.32 15.79
-13.42 15.98
-13.42 15.98
-13.42 15.98
-13.24 15.98
-13.24 15.98
-13.24 15.98
-11.96 15.98
-11.96 15.98
-11.96 15.98
-13.42 16.16
-13.42 16.16
-13.42 16.16
-13.05 16.16
-13.05 16.16
-13.05 16.16
-12.87 16.16
-12.87 16.16
-12.87 16.16
-12.51 16.34
-12.51 16.34
-12.51 16.34
-12.32 16.34
-12.32 16.34
-12.32 16.34
-12.14 16.34
-12.14 16.34
-12.14 16.34
-11.96 16.34
-11.96 16.34
-11.96 16.34
-12.69 16.52
-12.69 16.52
-12.69 16.52
-12.14 16.52
-12.14 16.52
-12.14 16.52
-11.96 16.52
-11.96 16.52
-11.96 16.52
-5.93 16.52
-5.93 16.52
-5.93 16.52
-5.75 16.52
-5.75 16.52
-5.75 16.52
-12.51 16.71
-12.51 16.71
-12.51 16.71
-12.32 16.71
-12.32 16.71
-12.32 16.71
-12.14 16.71
-12.14 16.71
-12.14 16.71
-5.75 16.71
-5.75 16.71
-5.75 16.71
-5.39 16.71
-5.39 16.71
-5.39 16.71
-12.69 16.89
-12.69 16.89
-12.69 16.89
-12.51 16.89
-12.51 16.89
-12.51 16.89
-12.14 16.89
-12.14 16.89
-12.14 16.89
-11.59 16.89
-11.59 16.89
-11.59 16.89
-11.41 16.89
-11.41 16.89
-11.41 16.89
-5.93 16.89
-5.93 16.89
-5.93 16.89
-5.57 16.89
-5.57 16.89
-5.57 16.89
-5.39 16.89
-5.39 16.89
-5.39 16.89
-5.20 16.89
-5.20 16.89
-5.20 16.89
-11.96 17.07
-11.96 17.07
-11.96 17.07
-11.41 17.07
-11.41 17.07
-11.41 17.07
-11.23 17.07
-11.23 17.07
-11.23 17.07
-11.05 17.07
-11.05 17.07
-11.05 17.07
-5.57 17.07
-5.57 17.07
-5.57 17.07
-5.39 17.07
-5.39 17.07
-5.39 17.07
-12.51 17.25
-12.51 17.25
-12.51 17.25
-12.32 17.25
-12.32 17.25
-12.32 17.25
-11.41 17.25
-11.41 17.25
-11.41 17.25
-5.57 17.25
-5.57 17.25
-5.57 17.25
-5.39 17.25
-5.39 17.25
-5.39 17.25
-11.78 17.44
-11.78 17.44
-11.78 17.44
-11.59 17.44
-11.59 17.44
-11.59 17.44
-11.41 17.44
-11.41 17.44
-11.41 17.44
-11.05 17.44
-11.05 17.44
-11.05 17.44
-10.50 17.44
-10.50 17.44
-10.50 17.44
-5.93 17.44
-5.93 17.44
-5.93 17.44
-5.75 17.44
-5.75 17.44
-5.75 17.44
-5.20 17.44
-5.20 17.44
-5.20 17.44
-4.66 17.44
-4.66 17.44
-4.66 17.44
-4.47 17.44
-4.47 17.44
-4.47 17.44
-3.74 17.44
-3.74 17.44
-3.74 17.44
-3.56 17.44
-3.56 17.44
-3.56 17.44
-10.68 17.62
-10.68 17.62
-10.68 17.62
-10.50 17.62
-10.50 17.62
-10.50 17.62
-5.75 17.62
-5.75 17.62
-5.75 17.62
-5.02 17.62
-5.02 17.62
-5.02 17.62
-4.84 17.62
-4.84 17.62
-4.84 17.62
-4.66 17.62
-4.66 17.62
-4.66 17.62
-4.29 17.62
-4.29 17.62
-4.29 17.62
-4.11 17.62
-4.11 17.62
-4.11 17.62
-11.05 17.80
-11.05 17.80
-11.05 17.80
-10.86 17.80
-10.86 17.80
-10.86 17.80
-5.75 17.80
-5.75 17.80
-5.75 17.80
-5.57 17.80
-5.57 17.80
-5.57 17.80
-5.39 17.80
-5.39 17.80
-5.39 17.80
-4.11 17.80
-4.11 17.80
-4.11 17.80
-3.93 17.80
-3.93 17.80
-3.93 17.80
-3.74 17.80
-3.74 17.80
-3.74 17.80
-5.75 17.98
-5.75 17.98
-5.75 17.98
-5.20 17.98
-5.20 17.98
-5.20 17.98
-5.02 17.98
-5.02 17.98
-5.02 17.98
-4.84 17.98
-4.84 17.98
-4.84 17.98
-4.66 17.98
-4.66 17.98
-4.66 17.98
-4.47 17.98
-4.47 17.98
-4.47 17.98
-4.29 17.98
-4.29 17.98
-4.29 17.98
-5.75 18.17
-5.75 18.17
-5.75 18.17
-5.20 18.17
-5.20 18.17
-5.20 18.17
-5.02 18.17
-5.02 18.17
-5.02 18.17
-3.93 18.17
-3.93 18.17
-3.93 18.17
-5.20 18.53
-5.20 18.53
-5.20 18.53
-4.84 18.53
-4.84 18.53
-4.84 18.53
-4.66 18.53
-4.66 18.53
-4.66 18.53
-4.47 18.53
-4.47 18.53
-4.47 18.53
-4.11 18.53
-4.11 18.53
-4.11 18.53
-3.93 18.53
-3.93 18.53
-3.93 18.53
-3.56 18.53
-3.56 18.53
-3.56 18.53
-3.38 18.53
-3.38 18.53
-3.38 18.53
-3.20 18.53
-3.20 18.53
-3.20 18.53
-3.74 18.71
-3.74 18.71
-3.74 18.71
-3.01 18.71
-3.01 18.71
-3.01 18.71
-8.49 18.90
-8.49 18.90
-8.49 18.90
-8.12 18.90
-8.12 18.90
-8.12 18.90
-7.76 18.90
-7.76 18.90
-7.76 18.90
-4.29 18.90
-4.29 18.90
-4.29 18.90
-4.11 18.90
-4.11 18.90
-4.11 18.90
-3.74 18.90
-3.74 18.90
-3.74 18.90
-3.56 18.90
-3.56 18.90
-3.56 18.90
-3.38 18.90
-3.38 18.90
-3.38 18.90
-8.49 19.08
-8.49 19.08
-8.49 19.08
-8.12 19.08
-8.12 19.08
-8.12 19.08
-7.76 19.08
-7.76 19.08
-7.76 19.08
-7.58 19.08
-7.58 19.08
-7.58 19.08
-7.39 19.08
-7.39 19.08
-7.39 19.08
-7.21 19.08
-7.21 19.08
-7.21 19.08
-7.03 19.08
-7.03 19.08
-7.03 19.08
-4.47 19.08
-4.47 19.08
-4.47 19.08
-4.11 19.08
-4.11 19.08
-4.11 19.08
-3.93 19.08
-3.93 19.08
-3.93 19.08
-3.74 19.08
-3.74 19.08
-3.74 19.08
-3.20 19.08
-3.20 19.08
-3.20 19.08
-8.49 19.26
-8.49 19.26
-8.49 19.26
-8.31 19.26
-8.31 19.26
-8.31 19.26
-8.12 19.26
-8.12 19.26
-8.12 19.26
-7.94 19.26
-7.94 19.26
-7.94 19.26
-7.39 19.26
-7.39 19.26
-7.39 19.26
-4.47 19.26
-4.47 19.26
-4.47 19.26
-3.56 19.26
-3.56 19.26
-3.56 19.26
-3.01 19.26
-3.01 19.26
-3.01 19.26
-7.58 19.44
-7.58 19.44
-7.58 19.44
-7.39 19.44
-7.39 19.44
-7.39 19.44
-4.29 19.44
-4.29 19.44
-4.29 19.44
-3.20 19.44
-3.20 19.44
-3.20 19.44
-8.31 19.63
-8.31 19.63
-8.31 19.63
-7.76 19.63
-7.76 19.63
-7.76 19.63
-7.21 19.63
-7.21 19.63
-7.21 19.63
-7.03 19.63
-7.03 19.63
-7.03 19.63
-3.38 19.63
-3.38 19.63
-3.38 19.63
-3.20 19.63
-3.20 19.63
-3.20 19.63
-3.01 19.63
-3.01 19.63
-3.01 19.63
-2.83 19.63
-2.83 19.63
-2.83 19.63
-2.65 19.63
-2.65 19.63
-2.65 19.63
-2.28 19.63
-2.28 19.63
-2.28 19.63
-2.10 19.63
-2.10 19.63
-2.10 19.63
-9.40 19.81
-9.40 19.81
-9.40 19.81
-9.04 19.81
-9.04 19.81
-9.04 19.81
-8.85 19.81
-8.85 19.81
-8.85 19.81
-8.67 19.81
-8.67 19.81
-8.67 19.81
-8.49 19.81
-8.49 19.81
-8.49 19.81
-8.31 19.81
-8.31 19.81
-8.31 19.81
-7.58 19.81
-7.58 19.81
-7.58 19.81
-7.03 19.81
-7.03 19.81
-7.03 19.81
-4.29 19.81
-4.29 19.81
-4.29 19.81
-3.20 19.81
-3.20 19.81
-3.20 19.81
-2.65 19.81
-2.65 19.81
-2.65 19.81
-2.28 19.81
-2.28 19.81
-2.28 19.81
-2.10 19.81
-2.10 19.81
-2.10 19.81
-8.49 19.99
-8.49 19.99
-8.49 19.99
-8.31 19.99
-8.31 19.99
-8.31 19.99
-7.94 19.99
-7.94 19.99
-7.94 19.99
-7.21 19.99
-7.21 19.99
-7.21 19.99
-4.29 19.99
-4.29 19.99
-4.29 19.99
-4.11 19.99
-4.11 19.99
-4.11 19.99
-3.56 19.99
-3.56 19.99
-3.56 19.99
-2.65 19.99
-2.65 19.99
-2.65 19.99
-2.28 19.99
-2.28 19.99
-2.28 19.99
-8.49 20.17
-8.49 20.17
-8.49 20.17
-8.31 20.17
-8.31 20.17
-8.31 20.17
-8.12 20.17
-8.12 20.17
-8.12 20.17
-7.94 20.17
-7.94 20.17
-7.94 20.17
-7.76 20.17
-7.76 20.17
-7.76 20.17
-3.20 20.17
-3.20 20.17
-3.20 20.17
-3.01 20.17
-3.01 20.17
-3.01 20.17
-2.28 20.17
-2.28 20.17
-2.28 20.17
-8.67 20.36
-8.67 20.36
-8.67 20.36
-7.76 20.36
-7.76 20.36
-7.76 20.36
-7.58 20.36
-7.58 20.36
-7.58 20.36
-3.56 20.36
-3.56 20.36
-3.56 20.36
-3.38 20.36
-3.38 20.36
-3.38 20.36
-3.20 20.36
-3.20 20.36
-3.20 20.36
-2.83 20.36
-2.83 20.36
-2.83 20.36
-2.65 20.36
-2.65 20.36
-2.65 20.36
-2.46 20.36
-2.46 20.36
-2.46 20.36
-2.10 20.36
-2.10 20.36
-2.10 20.36
-1.92 20.36
-1.92 20.36
-1.92 20.36
-1.73 20.36
-1.73 20.36
-1.73 20.36
-1.55 20.36
-1.55 20.36
-1.55 20.36
-1.37 20.36
-1.37 20.36
-1.37 20.36
-8.67 20.54
-8.67 20.54
-8.67 20.54
-8.49 20.54
-8.49 20.54
-8.49 20.54
-8.31 20.54
-8.31 20.54
-8.31 20.54
-8.12 20.54
-8.12 20.54
-8.12 20.54
-7.94 20.54
-7.94 20.54
-7.94 20.54
-7.76 20.54
-7.76 20.54
-7.76 20.54
-7.39 20.54
-7.39 20.54
-7.39 20.54
-7.03 20.54
-7.03 20.54
-7.03 20.54
-6.66 20.54
-6.66 20.54
-6.66 20.54
-3.01 20.54
-3.01 20.54
-3.01 20.54
-2.83 20.54
-2.83 20.54
-2.83 20.54
-2.65 20.54
-2.65 20.54
-2.65 20.54
-2.46 20.54
-2.46 20.54
-2.46 20.54
-2.28 20.54
-2.28 20.54
-2.28 20.54
-1.92 20.54
-1.92 20.54
-1.92 20.54
-1.73 20.54
-1.73 20.54
-1.73 20.54
-8.31 20.72
-8.31 20.72
-8.31 20.72
-7.94 20.72
-7.94 20.72
-7.94 20.72
-7.76 20.72
-7.76 20.72
-7.76 20.72
-7.39 20.72
-7.39 20.72
-7.39 20.72
-7.21 20.72
-7.21 20.72
-7.21 20.72
-7.03 20.72
-7.03 20.72
-7.03 20.72
-6.48 20.72
-6.48 20.72
-6.48 20.72
-6.30 20.72
-6.30 20.72
-6.30 20.72
-3.74 20.72
-3.74 20.72
-3.74 20.72
-3.56 20.72
-3.56 20.72
-3.56 20.72
-3.38 20.72
-3.38 20.72
-3.38 20.72
-3.01 20.72
-3.01 20.72
-3.01 20.72
-2.83 20.72
-2.83 20.72
-2.83 20.72
-2.28 20.72
-2.28 20.72
-2.28 20.72
-2.10 20.72
-2.10 20.72
-2.10 20.72
-1.73 20.72
-1.73 20.72
-1.73 20.72
-1.55 20.72
-1.55 20.72
-1.55 20.72
-8.67 20.91
-8.67 20.91
-8.67 20.91
-8.49 20.91
-8.49 20.91
-8.49 20.91
-7.76 20.91
-7.76 20.91
-7.76 20.91
-7.39 20.91
-7.39 20.91
-7.39 20.91
-7.03 20.91
-7.03 20.91
-7.03 20.91
-6.85 20.91
-6.85 20.91
-6.85 20.91
-6.30 20.91
-6.30 20.91
-6.30 20.91
-5.93 20.91
-5.93 20.91
-5.93 20.91
-5.57 20.91
-5.57 20.91
-5.57 20.91
-2.65 20.91
-2.65 20.91
-2.65 20.91
-2.46 20.91
-2.46 20.91
-2.46 20.91
-2.10 20.91
-2.10 20.91
-2.10 20.91
-1.73 20.91
-1.73 20.91
-1.73 20.91
-7.39 21.09
-7.39 21.09
-7.39 21.09
-6.85 21.09
-6.85 21.09
-6.85 21.09
-6.48 21.09
-6.48 21.09
-6.48 21.09
-6.30 21.09
-6.30 21.09
-6.30 21.09
-5.93 21.09
-5.93 21.09
-5.93 21.09
-2.28 21.09
-2.28 21.09
-2.28 21.09
-1.73 21.09
-1.73 21.09
-1.73 21.09
-1.37 21.09
-1.37 21.09
-1.37 21.09
-1.19 21.09
-1.19 21.09
-1.19 21.09
-0.82 21.09
-0.82 21.09
-0.82 21.09
-0.64 21.09
-0.64 21.09
-0.64 21.09
-7.76 21.27
-7.76 21.27
-7.76 21.27
-7.58 21.27
-7.58 21.27
-7.58 21.27
-7.39 21.27
-7.39 21.27
-7.39 21.27
-7.03 21.27
-7.03 21.27
-7.03 21.27
-6.85 21.27
-6.85 21.27
-6.85 21.27
-6.48 21.27
-6.48 21.27
-6.48 21.27
-6.12 21.27
-6.12 21.27
-6.12 21.27
-5.93 21.27
-5.93 21.27
-5.93 21.27
-5.57 21.27
-5.57 21.27
-5.57 21.27
-2.65 21.27
-2.65 21.27
-2.65 21.27
-2.10 21.27
-2.10 21.27
-2.10 21.27
-1.73 21.27
-1.73 21.27
-1.73 21.27
-1.37 21.27
-1.37 21.27
-1.37 21.27
-1.19 21.27
-1.19 21.27
-1.19 21.27
-0.82 21.27
-0.82 21.27
-0.82 21.27
-7.39 21.45
-7.39 21.45
-7.39 21.45
-6.12 21.45
-6.12 21.45
-6.12 21.45
-5.93 21.45
-5.93 21.45
-5.93 21.45
-5.57 21.45
-5.57 21.45
-5.57 21.45
-2.10 21.45
-2.10 21.45
-2.10 21.45
-1.92 21.45
-1.92 21.45
-1.92 21.45
-1.73 21.45
-1.73 21.45
-1.73 21.45
-1.55 21.45
-1.55 21.45
-1.55 21.45
-1.37 21.45
-1.37 21.45
-1.37 21.45
-0.82 21.45
-0.82 21.45
-0.82 21.45
-0.64 21.45
-0.64 21.45
-0.64 21.45
-7.39 21.64
-7.39 21.64
-7.39 21.64
-6.48 21.64
-6.48 21.64
-6.48 21.64
-6.30 21.64
-6.30 21.64
-6.30 21.64
-5.93 21.64
-5.93 21.64
-5.93 21.64
-5.57 21.64
-5.57 21.64
-5.57 21.64
-1.73 21.64
-1.73 21.64
-1.73 21.64
-1.37 21.64
-1.37 21.64
-1.37 21.64
-1.19 21.64
-1.19 21.64
-1.19 21.64
-1.00 21.64
-1.00 21.64
-1.00 21.64
-0.82 21.64
-0.82 21.64
-0.82 21.64
-0.64 21.64
-0.64 21.64
-0.64 21.64
-7.76 21.82
-7.76 21.82
-7.76 21.82
-7.03 21.82
-7.03 21.82
-7.03 21.82
-5.93 21.82
-5.93 21.82
-5.93 21.82
-1.00 21.82
-1.00 21.82
-1.00 21.82
-0.82 21.82
-0.82 21.82
-0.82 21.82
-0.09 21.82
-0.09 21.82
-0.09 21.82
0.09 21.82
0.09 21.82
0.09 21.82
0.27 21.82
0.27 21.82
0.27 21.82
-7.58 22.00
-7.58 22.00
-7.58 22.00
-7.39 22.00
-7.39 22.00
-7.39 22.00
-6.30 22.00
-6.30 22.00
-6.30 22.00
-5.57 22.00
-5.57 22.00
-5.57 22.00
-1.19 22.00
-1.19 22.00
-1.19 22.00
-1.00 22.00
-1.00 22.00
-1.00 22.00
-0.64 22.00
-0.64 22.00
-0.64 22.00
0.09 22.00
0.09 22.00
0.09 22.00
0.27 22.00
0.27 22.00
0.27 22.00
-7.03 22.18
-7.03 22.18
-7.03 22.18
-6.30 22.18
-6.30 22.18
-6.30 22.18
-6.12 22.18
-6.12 22.18
-6.12 22.18
-5.93 22.18
-5.93 22.18
-5.93 22.18
-5.57 22.18
-5.57 22.18
-5.57 22.18
-1.00 22.18
-1.00 22.18
-1.00 22.18
-0.27 22.18
-0.27 22.18
-0.27 22.18
-0.09 22.18
-0.09 22.18
-0.09 22.18
-7.03 22.37
-7.03 22.37
-7.03 22.37
-6.48 22.37
-6.48 22.37
-6.48 22.37
-1.37 22.37
-1.37 22.37
-1.37 22.37
-0.82 22.37
-0.82 22.37
-0.82 22.37
-0.09 22.37
-0.09 22.37
-0.09 22.37
-7.03 22.55
-7.03 22.55
-7.03 22.55
-5.02 22.55
-5.02 22.55
-5.02 22.55
-4.66 22.55
-4.66 22.55
-4.66 22.55
-1.37 22.55
-1.37 22.55
-1.37 22.55
-1.19 22.55
-1.19 22.55
-1.19 22.55
-1.00 22.55
-1.00 22.55
-1.00 22.55
-0.64 22.55
-0.64 22.55
-0.64 22.55
-0.46 22.55
-0.46 22.55
-0.46 22.55
-0.27 22.55
-0.27 22.55
-0.27 22.55
0.09 22.55
0.09 22.55
0.09 22.55
-5.20 22.73
-5.20 22.73
-5.20 22.73
-1.37 22.73
-1.37 22.73
-1.37 22.73
-1.19 22.73
-1.19 22.73
-1.19 22.73
-1.00 22.73
-1.00 22.73
-1.00 22.73
-0.64 22.73
-0.64 22.73
-0.64 22.73
-0.09 22.73
-0.09 22.73
-0.09 22.73
0.09 22.73
0.09 22.73
0.09 22.73
-5.39 22.91
-5.39 22.91
-5.39 22.91
-5.02 22.91
-5.02 22.91
-5.02 22.91
-4.84 22.91
-4.84 22.91
-4.84 22.91
-1.37 22.91
-1.37 22.91
-1.37 22.91
-1.00 22.91
-1.00 22.91
-1.00 22.91
-0.82 22.91
-0.82 22.91
-0.82 22.91
-0.46 22.91
-0.46 22.91
-0.46 22.91
-0.27 22.91
-0.27 22.91
-0.27 22.91
-5.39 23.10
-5.39 23.10
-5.39 23.10
-5.20 23.10
-5.20 23.10
-5.20 23.10
-1.37 23.10
-1.37 23.10
-1.37 23.10
-0.46 23.10
-0.46 23.10
-0.46 23.10
-0.09 23.10
-0.09 23.10
-0.09 23.10
0.09 23.10
0.09 23.10
0.09 23.10
-0.64 23.28
-0.64 23.28
-0.64 23.28
-0.46 23.28
-0.46 23.28
-0.46 23.28
-1.37 23.46
-1.37 23.46
-1.37 23.46
-1.00 23.46
-1.00 23.46
-1.00 23.46
-0.09 23.46
-0.09 23.46
-0.09 23.46
0.09 23.46
0.09 23.46
0.09 23.46
0.82 23.46
0.82 23.46
0.82 23.46
1.00 23.46
1.00 23.46
1.00 23.46
-1.37 23.64
-1.37 23.64
-1.37 23.64
-1.19 23.64
-1.19 23.64
-1.19 23.64
-1.00 23.64
-1.00 23.64
-1.00 23.64
-0.82 23.64
-0.82 23.64
-0.82 23.64
-0.64 23.64
-0.64 23.64
-0.64 23.64
-0.46 23.64
-0.46 23.64
-0.46 23.64
0.64 23.64
0.64 23.64
0.64 23.64
1.00 23.64
1.00 23.64
1.00 23.64
-1.19 23.83
-1.19 23.83
-1.19 23.83
-1.00 23.83
-1.00 23.83
-1.00 23.83
-0.46 23.83
-0.46 23.83
-0.46 23.83
-0.27 23.83
-0.27 23.83
-0.27 23.83
-0.09 23.83
-0.09 23.83
-0.09 23.83
0.27 23.83
0.27 23.83
0.27 23.83
0.46 23.83
0.46 23.83
0.46 23.83
0.64 23.83
0.64 23.83
0.64 23.83
0.82 23.83
0.82 23.83
0.82 23.83
-1.37 24.01
-1.37 24.01
-1.37 24.01
-0.64 24.01
-0.64 24.01
-0.64 24.01
-0.09 24.01
-0.09 24.01
-0.09 24.01
0.27 24.01
0.27 24.01
0.27 24.01
0.46 24.01
0.46 24.01
0.46 24.01
0.82 24.01
0.82 24.01
0.82 24.01
-0.64 24.19
-0.64 24.19
-0.64 24.19
-0.46 24.19
-0.46 24.19
-0.46 24.19
-0.27 24.19
-0.27 24.19
-0.27 24.19
0.64 24.19
0.64 24.19
0.64 24.19
0.82 24.19
0.82 24.19
0.82 24.19
-0.46 24.37
-0.46 24.37
-0.46 24.37
-0.27 24.37
-0.27 24.37
-0.27 24.37
-0.09 24.37
-0.09 24.37
-0.09 24.37
0.09 24.37
0.09 24.37
0.09 24.37
0.27 24.37
0.27 24.37
0.27 24.37
0.82 24.37
0.82 24.37
0.82 24.37
-0.64 24.56
-0.64 24.56
-0.64 24.56
-0.46 24.56
-0.46 24.56
-0.46 24.56
0.27 24.56
0.27 24.56
0.27 24.56
0.46 24.56
0.46 24.56
0.46 24.56
0.64 24.56
0.64 24.56
0.64 24.56
1.37 24.56
1.37 24.56
1.37 24.56
1.55 24.56
1.55 24.56
1.55 24.56
1.73 24.56
1.73 24.56
1.73 24.56
0.82 24.74
0.82 24.74
0.82 24.74
1.19 24.74
1.19 24.74
1.19 24.74
1.37 24.74
1.37 24.74
1.37 24.74
0.46 24.92
0.46 24.92
0.46 24.92
0.64 24.92
0.64 24.92
0.64 24.92
0.82 24.92
0.82 24.92
0.82 24.92
1.19 24.92
1.19 24.92
1.19 24.92
1.73 24.92
1.73 24.92
1.73 24.92
0.27 25.10
0.27 25.10
0.27 25.10
0.46 25.10
0.46 25.10
0.46 25.10
1.00 25.10
1.00 25.10
1.00 25.10
1.19 25.10
1.19 25.10
1.19 25.10
1.55 25.10
1.55 25.10
1.55 25.10
1.73 25.10
1.73 25.10
1.73 25.10
0.64 25.29
0.64 25.29
0.64 25.29
1.55 25.29
1.55 25.29
1.55 25.29
1.73 25.29
1.73 25.29
1.73 25.29
1.00 25.47
1.00 25.47
1.00 25.47
1.19 25.47
1.19 25.47
1.19 25.47
1.37 25.47
1.37 25.47
1.37 25.47
2.10 25.47
2.10 25.47
2.10 25.47
2.28 25.47
2.28 25.47
2.28 25.47
2.46 25.47
2.46 25.47
2.46 25.47
1.00 25.65
1.00 25.65
1.00 25.65
1.19 25.65
1.19 25.65
1.19 25.65
1.37 25.65
1.37 25.65
1.37 25.65
1.55 25.65
1.55 25.65
1.55 25.65
1.73 25.65
1.73 25.65
1.73 25.65
2.10 25.65
2.10 25.65
2.10 25.65
2.28 25.65
2.28 25.65
2.28 25.65
1.19 25.83
1.19 25.83
1.19 25.83
1.73 25.83
1.73 25.83
1.73 25.83
1.92 25.83
1.92 25.83
1.92 25.83
2.28 25.83
2.28 25.83
2.28 25.83
1.37 26.02
1.37 26.02
1.37 26.02
1.55 26.02
1.55 26.02
1.55 26.02
1.73 26.02
1.73 26.02
1.73 26.02
1.92 26.02
1.92 26.02
1.92 26.02
2.46 26.02
2.46 26.02
2.46 26.02
1.00 26.20
1.00 26.20
1.00 26.20
1.37 26.20
1.37 26.20
1.37 26.20
1.55 26.20
1.55 26.20
1.55 26.20
1.92 26.20
1.92 26.20
1.92 26.20
2.10 26.20
2.10 26.20
2.10 26.20
2.28 26.20
2.28 26.20
2.28 26.20
2.46 26.20
2.46 26.20
2.46 26.20
1.00 26.38
1.00 26.38
1.00 26.38
1.73 26.38
1.73 26.38
1.73 26.38
1.92 26.38
1.92 26.38
1.92 26.38
2.28 26.38
2.28 26.38
2.28 26.38
1.19 26.56
1.19 26.56
1.19 26.56
1.37 26.56
1.37 26.56
1.37 26.56
1.55 26.56
1.55 26.56
1.55 26.56
1.73 26.56
1.73 26.56
1.73 26.56
2.10 26.56
2.10 26.56
2.10 26.56
2.46 26.75
2.46 26.75
2.46 26.75
1.73 26.93
1.73 26.93
1.73 26.93
2.10 26.93
2.10 26.93
2.10 26.93
2.28 26.93
2.28 26.93
2.28 26.93
1.73 27.11
1.73 27.11
1.73 27.11
1.92 27.11
1.92 27.11
1.92 27.11
