2.65 -45.19
2.65 -45.19
2.65 -45.19
2.83 -45.19
2.83 -45.19
2.83 -45.19
2.46 -45.01
2.46 -45.01
2.46 -45.01
2.65 -45.01
2.65 -45.01
2.65 -45.01
2.83 -45.01
2.83 -45.01
2.83 -45.01
3.01 -45.01
3.01 -45.01
3.01 -45.01
2.46 -44.82
2.46 -44.82
2.46 -44.82
2.65 -44.82
2.65 -44.82
2.65 -44.82
3.01 -44.82
3.01 -44.82
3.01 -44.82
2.46 -44.64
2.46 -44.64
2.46 -44.64
2.65 -44.64
2.65 -44.64
2.65 -44.64
3.01 -44.64
3.01 -44.64
3.01 -44.64
2.65 -44.46
2.65 -44.46
2.65 -44.46
3.01 -44.46
3.01 -44.46
3.01 -44.46
5.57 -43.00
5.57 -43.00
5.57 -43.00
5.93 -43.00
5.93 -43.00
5.93 -43.00
5.39 -42.81
5.39 -42.81
5.39 -42.81
5.57 -42.81
5.57 -42.81
5.57 -42.81
5.93 -42.81
5.93 -42.81
5.93 -42.81
6.12 -42.81
6.12 -42.81
6.12 -42.81
5.39 -42.63
5.39 -42.63
5.39 -42.63
5.57 -42.63
5.57 -42.63
5.57 -42.63
5.75 -42.63
5.75 -42.63
5.75 -42.63
5.57 -42.45
5.57 -42.45
5.57 -42.45
5.75 -42.45
5.75 -42.45
5.75 -42.45
5.57 -42.27
5.57 -42.27
5.57 -42.27
5.75 -42.27
5.75 -42.27
5.75 -42.27
6.12 -42.27
6.12 -42.27
6.12 -42.27
5.39 -42.08
5.39 -42.08
5.39 -42.08
5.57 -42.08
5.57 -42.08
5.57 -42.08
5.75 -42.08
5.75 -42.08
5.75 -42.08
5.39 -41.90
5.39 -41.90
5.39 -41.90
5.93 -41.90
5.93 -41.90
5.93 -41.90
4.66 -41.72
4.66 -41.72
4.66 -41.72
4.84 -41.72
4.84 -41.72
4.84 -41.72
5.20 -41.72
5.20 -41.72
5.20 -41.72
5.39 -41.72
5.39 -41.72
5.39 -41.72
5.75 -41.72
5.75 -41.72
5.75 -41.72
4.66 -41.54
4.66 -41.54
4.66 -41.54
5.20 -41.54
5.20 -41.54
5.20 -41.54
5.57 -41.54
5.57 -41.54
5.57 -41.54
4.84 -41.35
4.84 -41.35
4.84 -41.35
5.02 -41.35
5.02 -41.35
5.02 -41.35
5.20 -41.35
5.20 -41.35
5.20 -41.35
5.57 -41.35
5.57 -41.35
5.57 -41.35
5.75 -41.35
5.75 -41.35
5.75 -41.35
5.93 -41.35
5.93 -41.35
5.93 -41.35
5.20 -41.17
5.20 -41.17
5.20 -41.17
5.39 -41.17
5.39 -41.17
5.39 -41.17
5.93 -41.17
5.93 -41.17
5.93 -41.17
5.39 -40.99
5.39 -40.99
5.39 -40.99
5.57 -40.99
5.57 -40.99
5.57 -40.99
5.75 -40.99
5.75 -40.99
5.75 -40.99
5.93 -40.99
5.93 -40.99
5.93 -40.99
5.39 -40.81
5.39 -40.81
5.39 -40.81
5.75 -40.81
5.75 -40.81
5.75 -40.81
5.93 -40.81
5.93 -40.81
5.93 -40.81
1.37 -34.96
1.37 -34.96
1.37 -34.96
1.55 -34.96
1.55 -34.96
1.55 -34.96
1.19 -34.78
1.19 -34.78
1.19 -34.78
1.37 -34.78
1.37 -34.78
1.37 -34.78
1.73 -34.78
1.73 -34.78
1.73 -34.78
0.46 -34.60
0.46 -34.60
0.46 -34.60
0.82 -34.60
0.82 -34.60
0.82 -34.60
1.37 -34.60
1.37 -34.60
1.37 -34.60
2.28 -34.60
2.28 -34.60
2.28 -34.60
2.46 -34.60
2.46 -34.60
2.46 -34.60
0.27 -34.42
0.27 -34.42
0.27 -34.42
1.19 -34.42
1.19 -34.42
1.19 -34.42
1.55 -34.42
1.55 -34.42
1.55 -34.42
0.64 -34.23
0.64 -34.23
0.64 -34.23
0.82 -34.23
0.82 -34.23
0.82 -34.23
1.00 -34.23
1.00 -34.23
1.00 -34.23
1.19 -34.23
1.19 -34.23
1.19 -34.23
1.37 -34.23
1.37 -34.23
1.37 -34.23
-0.27 -34.05
-0.27 -34.05
-0.27 -34.05
0.09 -34.05
0.09 -34.05
0.09 -34.05
0.27 -34.05
0.27 -34.05
0.27 -34.05
0.64 -34.05
0.64 -34.05
0.64 -34.05
1.73 -34.05
1.73 -34.05
1.73 -34.05
-0.27 -33.87
-0.27 -33.87
-0.27 -33.87
0.64 -33.87
0.64 -33.87
0.64 -33.87
0.82 -33.87
0.82 -33.87
0.82 -33.87
1.00 -33.87
1.00 -33.87
1.00 -33.87
1.37 -33.87
1.37 -33.87
1.37 -33.87
-2.65 -33.69
-2.65 -33.69
-2.65 -33.69
-2.10 -33.69
-2.10 -33.69
-2.10 -33.69
-1.73 -33.69
-1.73 -33.69
-1.73 -33.69
-1.55 -33.69
-1.55 -33.69
-1.55 -33.69
-1.37 -33.69
-1.37 -33.69
-1.37 -33.69
-1.00 -33.69
-1.00 -33.69
-1.00 -33.69
-0.09 -33.69
-0.09 -33.69
-0.09 -33.69
0.09 -33.69
0.09 -33.69
0.09 -33.69
0.27 -33.69
0.27 -33.69
0.27 -33.69
0.46 -33.69
0.46 -33.69
0.46 -33.69
0.64 -33.69
0.64 -33.69
0.64 -33.69
1.37 -33.69
1.37 -33.69
1.37 -33.69
1.73 -33.69
1.73 -33.69
1.73 -33.69
-3.01 -33.50
-3.01 -33.50
-3.01 -33.50
-2.83 -33.50
-2.83 -33.50
-2.83 -33.50
-2.65 -33.50
-2.65 -33.50
-2.65 -33.50
-2.28 -33.50
-2.28 -33.50
-2.28 -33.50
-1.92 -33.50
-1.92 -33.50
-1.92 -33.50
-1.73 -33.50
-1.73 -33.50
-1.73 -33.50
-1.00 -33.50
-1.00 -33.50
-1.00 -33.50
-0.64 -33.50
-0.64 -33.50
-0.64 -33.50
-0.46 -33.50
-0.46 -33.50
-0.46 -33.50
-0.27 -33.50
-0.27 -33.50
-0.27 -33.50
0.46 -33.50
0.46 -33.50
0.46 -33.50
0.82 -33.50
0.82 -33.50
0.82 -33.50
1.00 -33.50
1.00 -33.50
1.00 -33.50
1.37 -33.50
1.37 -33.50
1.37 -33.50
1.55 -33.50
1.55 -33.50
1.55 -33.50
-2.83 -33.32
-2.83 -33.32
-2.83 -33.32
-1.92 -33.32
-1.92 -33.32
-1.92 -33.32
-1.55 -33.32
-1.55 -33.32
-1.55 -33.32
-1.19 -33.32
-1.19 -33.32
-1.19 -33.32
-0.27 -33.32
-0.27 -33.32
-0.27 -33.32
-0.09 -33.32
-0.09 -33.32
-0.09 -33.32
0.09 -33.32
0.09 -33.32
0.09 -33.32
0.27 -33.32
0.27 -33.32
0.27 -33.32
0.46 -33.32
0.46 -33.32
0.46 -33.32
0.82 -33.32
0.82 -33.32
0.82 -33.32
1.00 -33.32
1.00 -33.32
1.00 -33.32
-3.01 -33.14
-3.01 -33.14
-3.01 -33.14
-2.83 -33.14
-2.83 -33.14
-2.83 -33.14
-2.46 -33.14
-2.46 -33.14
-2.46 -33.14
-2.10 -33.14
-2.10 -33.14
-2.10 -33.14
-1.37 -33.14
-1.37 -33.14
-1.37 -33.14
-0.82 -33.14
-0.82 -33.14
-0.82 -33.14
-0.64 -33.14
-0.64 -33.14
-0.64 -33.14
-0.46 -33.14
-0.46 -33.14
-0.46 -33.14
0.46 -33.14
0.46 -33.14
0.46 -33.14
0.64 -33.14
0.64 -33.14
0.64 -33.14
0.82 -33.14
0.82 -33.14
0.82 -33.14
-3.38 -32.96
-3.38 -32.96
-3.38 -32.96
-3.20 -32.96
-3.20 -32.96
-3.20 -32.96
-2.83 -32.96
-2.83 -32.96
-2.83 -32.96
-2.46 -32.96
-2.46 -32.96
-2.46 -32.96
-2.28 -32.96
-2.28 -32.96
-2.28 -32.96
-1.92 -32.96
-1.92 -32.96
-1.92 -32.96
-1.73 -32.96
-1.73 -32.96
-1.73 -32.96
-0.09 -32.96
-0.09 -32.96
-0.09 -32.96
0.09 -32.96
0.09 -32.96
0.09 -32.96
0.27 -32.96
0.27 -32.96
0.27 -32.96
0.64 -32.96
0.64 -32.96
0.64 -32.96
-4.47 -32.77
-4.47 -32.77
-4.47 -32.77
-4.29 -32.77
-4.29 -32.77
-4.29 -32.77
-2.65 -32.77
-2.65 -32.77
-2.65 -32.77
-2.46 -32.77
-2.46 -32.77
-2.46 -32.77
-2.28 -32.77
-2.28 -32.77
-2.28 -32.77
-2.10 -32.77
-2.10 -32.77
-2.10 -32.77
-1.92 -32.77
-1.92 -32.77
-1.92 -32.77
-1.73 -32.77
-1.73 -32.77
-1.73 -32.77
-0.27 -32.77
-0.27 -32.77
-0.27 -32.77
0.09 -32.77
0.09 -32.77
0.09 -32.77
0.27 -32.77
0.27 -32.77
0.27 -32.77
0.46 -32.77
0.46 -32.77
0.46 -32.77
0.64 -32.77
0.64 -32.77
0.64 -32.77
-4.66 -32.59
-4.66 -32.59
-4.66 -32.59
-4.11 -32.59
-4.11 -32.59
-4.11 -32.59
-3.93 -32.59
-3.93 -32.59
-3.93 -32.59
-2.10 -32.59
-2.10 -32.59
-2.10 -32.59
-1.92 -32.59
-1.92 -32.59
-1.92 -32.59
-1.73 -32.59
-1.73 -32.59
-1.73 -32.59
-1.55 -32.59
-1.55 -32.59
-1.55 -32.59
-1.37 -32.59
-1.37 -32.59
-1.37 -32.59
-1.19 -32.59
-1.19 -32.59
-1.19 -32.59
-0.27 -32.59
-0.27 -32.59
-0.27 -32.59
0.09 -32.59
0.09 -32.59
0.09 -32.59
0.27 -32.59
0.27 -32.59
0.27 -32.59
0.64 -32.59
0.64 -32.59
0.64 -32.59
-4.66 -32.41
-4.66 -32.41
-4.66 -32.41
-4.47 -32.41
-4.47 -32.41
-4.47 -32.41
-1.55 -32.41
-1.55 -32.41
-1.55 -32.41
-1.37 -32.41
-1.37 -32.41
-1.37 -32.41
-1.19 -32.41
-1.19 -32.41
-1.19 -32.41
-0.09 -32.41
-0.09 -32.41
-0.09 -32.41
0.09 -32.41
0.09 -32.41
0.09 -32.41
0.27 -32.41
0.27 -32.41
0.27 -32.41
0.64 -32.41
0.64 -32.41
0.64 -32.41
0.82 -32.41
0.82 -32.41
0.82 -32.41
-4.47 -32.22
-4.47 -32.22
-4.47 -32.22
-4.29 -32.22
-4.29 -32.22
-4.29 -32.22
-3.93 -32.22
-3.93 -32.22
-3.93 -32.22
-3.74 -32.22
-3.74 -32.22
-3.74 -32.22
-3.56 -32.22
-3.56 -32.22
-3.56 -32.22
-3.38 -32.22
-3.38 -32.22
-3.38 -32.22
-3.20 -32.22
-3.20 -32.22
-3.20 -32.22
-1.55 -32.22
-1.55 -32.22
-1.55 -32.22
-1.37 -32.22
-1.37 -32.22
-1.37 -32.22
-1.19 -32.22
-1.19 -32.22
-1.19 -32.22
-0.64 -32.22
-0.64 -32.22
-0.64 -32.22
-0.46 -32.22
-0.46 -32.22
-0.46 -32.22
0.46 -32.22
0.46 -32.22
0.46 -32.22
0.64 -32.22
0.64 -32.22
0.64 -32.22
-3.93 -32.04
-3.93 -32.04
-3.93 -32.04
-3.74 -32.04
-3.74 -32.04
-3.74 -32.04
-3.56 -32.04
-3.56 -32.04
-3.56 -32.04
-3.38 -32.04
-3.38 -32.04
-3.38 -32.04
-3.20 -32.04
-3.20 -32.04
-3.20 -32.04
-1.73 -32.04
-1.73 -32.04
-1.73 -32.04
-1.55 -32.04
-1.55 -32.04
-1.55 -32.04
-1.37 -32.04
-1.37 -32.04
-1.37 -32.04
-1.19 -32.04
-1.19 -32.04
-1.19 -32.04
-1.00 -32.04
-1.00 -32.04
-1.00 -32.04
-0.82 -32.04
-0.82 -32.04
-0.82 -32.04
-0.46 -32.04
-0.46 -32.04
-0.46 -32.04
-0.27 -32.04
-0.27 -32.04
-0.27 -32.04
-0.09 -32.04
-0.09 -32.04
-0.09 -32.04
0.09 -32.04
0.09 -32.04
0.09 -32.04
0.46 -32.04
0.46 -32.04
0.46 -32.04
0.82 -32.04
0.82 -32.04
0.82 -32.04
-4.66 -31.86
-4.66 -31.86
-4.66 -31.86
-2.46 -31.86
-2.46 -31.86
-2.46 -31.86
-2.28 -31.86
-2.28 -31.86
-2.28 -31.86
-2.10 -31.86
-2.10 -31.86
-2.10 -31.86
-1.92 -31.86
-1.92 -31.86
-1.92 -31.86
-1.73 -31.86
-1.73 -31.86
-1.73 -31.86
-1.55 -31.86
-1.55 -31.86
-1.55 -31.86
-1.37 -31.86
-1.37 -31.86
-1.37 -31.86
-1.19 -31.86
-1.19 -31.86
-1.19 -31.86
-0.64 -31.86
-0.64 -31.86
-0.64 -31.86
-0.46 -31.86
-0.46 -31.86
-0.46 -31.86
0.09 -31.86
0.09 -31.86
0.09 -31.86
0.46 -31.86
0.46 -31.86
0.46 -31.86
0.82 -31.86
0.82 -31.86
0.82 -31.86
-4.47 -31.68
-4.47 -31.68
-4.47 -31.68
-4.29 -31.68
-4.29 -31.68
-4.29 -31.68
-4.11 -31.68
-4.11 -31.68
-4.11 -31.68
-3.93 -31.68
-3.93 -31.68
-3.93 -31.68
-3.74 -31.68
-3.74 -31.68
-3.74 -31.68
-2.46 -31.68
-2.46 -31.68
-2.46 -31.68
-2.28 -31.68
-2.28 -31.68
-2.28 -31.68
-2.10 -31.68
-2.10 -31.68
-2.10 -31.68
-1.92 -31.68
-1.92 -31.68
-1.92 -31.68
-1.73 -31.68
-1.73 -31.68
-1.73 -31.68
-0.27 -31.68
-0.27 -31.68
-0.27 -31.68
-0.09 -31.68
-0.09 -31.68
-0.09 -31.68
0.09 -31.68
0.09 -31.68
0.09 -31.68
-4.66 -31.49
-4.66 -31.49
-4.66 -31.49
-4.47 -31.49
-4.47 -31.49
-4.47 -31.49
-4.29 -31.49
-4.29 -31.49
-4.29 -31.49
-3.74 -31.49
-3.74 -31.49
-3.74 -31.49
-3.56 -31.49
-3.56 -31.49
-3.56 -31.49
-3.38 -31.49
-3.38 -31.49
-3.38 -31.49
-3.20 -31.49
-3.20 -31.49
-3.20 -31.49
-3.01 -31.49
-3.01 -31.49
-3.01 -31.49
-2.83 -31.49
-2.83 -31.49
-2.83 -31.49
-1.55 -31.49
-1.55 -31.49
-1.55 -31.49
-1.37 -31.49
-1.37 -31.49
-1.37 -31.49
-1.19 -31.49
-1.19 -31.49
-1.19 -31.49
-1.00 -31.49
-1.00 -31.49
-1.00 -31.49
-0.82 -31.49
-0.82 -31.49
-0.82 -31.49
-0.64 -31.49
-0.64 -31.49
-0.64 -31.49
-0.09 -31.49
-0.09 -31.49
-0.09 -31.49
0.09 -31.49
0.09 -31.49
0.09 -31.49
-5.39 -31.31
-5.39 -31.31
-5.39 -31.31
-5.02 -31.31
-5.02 -31.31
-5.02 -31.31
-4.84 -31.31
-4.84 -31.31
-4.84 -31.31
-4.66 -31.31
-4.66 -31.31
-4.66 -31.31
-4.47 -31.31
-4.47 -31.31
-4.47 -31.31
-4.29 -31.31
-4.29 -31.31
-4.29 -31.31
-4.11 -31.31
-4.11 -31.31
-4.11 -31.31
-3.93 -31.31
-3.93 -31.31
-3.93 -31.31
-3.56 -31.31
-3.56 -31.31
-3.56 -31.31
-3.38 -31.31
-3.38 -31.31
-3.38 -31.31
-3.20 -31.31
-3.20 -31.31
-3.20 -31.31
-3.01 -31.31
-3.01 -31.31
-3.01 -31.31
-0.46 -31.31
-0.46 -31.31
-0.46 -31.31
-5.57 -31.13
-5.57 -31.13
-5.57 -31.13
-5.39 -31.13
-5.39 -31.13
-5.39 -31.13
-4.84 -31.13
-4.84 -31.13
-4.84 -31.13
-4.66 -31.13
-4.66 -31.13
-4.66 -31.13
-4.47 -31.13
-4.47 -31.13
-4.47 -31.13
-4.29 -31.13
-4.29 -31.13
-4.29 -31.13
-4.11 -31.13
-4.11 -31.13
-4.11 -31.13
-3.93 -31.13
-3.93 -31.13
-3.93 -31.13
-3.74 -31.13
-3.74 -31.13
-3.74 -31.13
-3.20 -31.13
-3.20 -31.13
-3.20 -31.13
-3.01 -31.13
-3.01 -31.13
-3.01 -31.13
-2.46 -31.13
-2.46 -31.13
-2.46 -31.13
-2.28 -31.13
-2.28 -31.13
-2.28 -31.13
-1.55 -31.13
-1.55 -31.13
-1.55 -31.13
-1.37 -31.13
-1.37 -31.13
-1.37 -31.13
-1.19 -31.13
-1.19 -31.13
-1.19 -31.13
-1.00 -31.13
-1.00 -31.13
-1.00 -31.13
-0.82 -31.13
-0.82 -31.13
-0.82 -31.13
-0.46 -31.13
-0.46 -31.13
-0.46 -31.13
-0.27 -31.13
-0.27 -31.13
-0.27 -31.13
-5.39 -30.95
-5.39 -30.95
-5.39 -30.95
-5.20 -30.95
-5.20 -30.95
-5.20 -30.95
-5.02 -30.95
-5.02 -30.95
-5.02 -30.95
-4.84 -30.95
-4.84 -30.95
-4.84 -30.95
-4.66 -30.95
-4.66 -30.95
-4.66 -30.95
-4.47 -30.95
-4.47 -30.95
-4.47 -30.95
-4.29 -30.95
-4.29 -30.95
-4.29 -30.95
-4.11 -30.95
-4.11 -30.95
-4.11 -30.95
-3.93 -30.95
-3.93 -30.95
-3.93 -30.95
-3.74 -30.95
-3.74 -30.95
-3.74 -30.95
-3.56 -30.95
-3.56 -30.95
-3.56 -30.95
-1.73 -30.95
-1.73 -30.95
-1.73 -30.95
-1.55 -30.95
-1.55 -30.95
-1.55 -30.95
-1.37 -30.95
-1.37 -30.95
-1.37 -30.95
-1.19 -30.95
-1.19 -30.95
-1.19 -30.95
-1.00 -30.95
-1.00 -30.95
-1.00 -30.95
-0.82 -30.95
-0.82 -30.95
-0.82 -30.95
-0.64 -30.95
-0.64 -30.95
-0.64 -30.95
-5.57 -30.76
-5.57 -30.76
-5.57 -30.76
-5.39 -30.76
-5.39 -30.76
-5.39 -30.76
-5.02 -30.76
-5.02 -30.76
-5.02 -30.76
-4.84 -30.76
-4.84 -30.76
-4.84 -30.76
-4.66 -30.76
-4.66 -30.76
-4.66 -30.76
-3.56 -30.76
-3.56 -30.76
-3.56 -30.76
-1.92 -30.76
-1.92 -30.76
-1.92 -30.76
-1.73 -30.76
-1.73 -30.76
-1.73 -30.76
-1.55 -30.76
-1.55 -30.76
-1.55 -30.76
-1.37 -30.76
-1.37 -30.76
-1.37 -30.76
-1.19 -30.76
-1.19 -30.76
-1.19 -30.76
-1.00 -30.76
-1.00 -30.76
-1.00 -30.76
-0.82 -30.76
-0.82 -30.76
-0.82 -30.76
-2.83 -30.58
-2.83 -30.58
-2.83 -30.58
-2.65 -30.58
-2.65 -30.58
-2.65 -30.58
-2.46 -30.58
-2.46 -30.58
-2.46 -30.58
-2.28 -30.58
-2.28 -30.58
-2.28 -30.58
-1.73 -30.58
-1.73 -30.58
-1.73 -30.58
-1.55 -30.58
-1.55 -30.58
-1.55 -30.58
-1.37 -30.58
-1.37 -30.58
-1.37 -30.58
-1.19 -30.58
-1.19 -30.58
-1.19 -30.58
-1.00 -30.58
-1.00 -30.58
-1.00 -30.58
-5.20 -30.40
-5.20 -30.40
-5.20 -30.40
-3.74 -30.40
-3.74 -30.40
-3.74 -30.40
-1.55 -30.40
-1.55 -30.40
-1.55 -30.40
-1.37 -30.40
-1.37 -30.40
-1.37 -30.40
-1.19 -30.40
-1.19 -30.40
-1.19 -30.40
-1.00 -30.40
-1.00 -30.40
-1.00 -30.40
-5.57 -30.22
-5.57 -30.22
-5.57 -30.22
-5.39 -30.22
-5.39 -30.22
-5.39 -30.22
-4.11 -30.22
-4.11 -30.22
-4.11 -30.22
-3.93 -30.22
-3.93 -30.22
-3.93 -30.22
-3.74 -30.22
-3.74 -30.22
-3.74 -30.22
-3.56 -30.22
-3.56 -30.22
-3.56 -30.22
-3.38 -30.22
-3.38 -30.22
-3.38 -30.22
-3.20 -30.22
-3.20 -30.22
-3.20 -30.22
-1.55 -30.22
-1.55 -30.22
-1.55 -30.22
-1.37 -30.22
-1.37 -30.22
-1.37 -30.22
-1.19 -30.22
-1.19 -30.22
-1.19 -30.22
-5.57 -30.03
-5.57 -30.03
-5.57 -30.03
-5.39 -30.03
-5.39 -30.03
-5.39 -30.03
-5.20 -30.03
-5.20 -30.03
-5.20 -30.03
-5.02 -30.03
-5.02 -30.03
-5.02 -30.03
-4.84 -30.03
-4.84 -30.03
-4.84 -30.03
-3.38 -30.03
-3.38 -30.03
-3.38 -30.03
-3.20 -30.03
-3.20 -30.03
-3.20 -30.03
-3.01 -30.03
-3.01 -30.03
-3.01 -30.03
-2.28 -30.03
-2.28 -30.03
-2.28 -30.03
-1.73 -30.03
-1.73 -30.03
-1.73 -30.03
-1.55 -30.03
-1.55 -30.03
-1.55 -30.03
-1.37 -30.03
-1.37 -30.03
-1.37 -30.03
-5.20 -29.85
-5.20 -29.85
-5.20 -29.85
-4.84 -29.85
-4.84 -29.85
-4.84 -29.85
-3.74 -29.85
-3.74 -29.85
-3.74 -29.85
-3.56 -29.85
-3.56 -29.85
-3.56 -29.85
-3.38 -29.85
-3.38 -29.85
-3.38 -29.85
-3.20 -29.85
-3.20 -29.85
-3.20 -29.85
-3.01 -29.85
-3.01 -29.85
-3.01 -29.85
-2.83 -29.85
-2.83 -29.85
-2.83 -29.85
-1.73 -29.85
-1.73 -29.85
-1.73 -29.85
-1.55 -29.85
-1.55 -29.85
-1.55 -29.85
-1.00 -29.85
-1.00 -29.85
-1.00 -29.85
-0.82 -29.85
-0.82 -29.85
-0.82 -29.85
-5.57 -29.67
-5.57 -29.67
-5.57 -29.67
-5.39 -29.67
-5.39 -29.67
-5.39 -29.67
-5.20 -29.67
-5.20 -29.67
-5.20 -29.67
-4.84 -29.67
-4.84 -29.67
-4.84 -29.67
-4.66 -29.67
-4.66 -29.67
-4.66 -29.67
-4.47 -29.67
-4.47 -29.67
-4.47 -29.67
-4.29 -29.67
-4.29 -29.67
-4.29 -29.67
-4.11 -29.67
-4.11 -29.67
-4.11 -29.67
-3.74 -29.67
-3.74 -29.67
-3.74 -29.67
-3.56 -29.67
-3.56 -29.67
-3.56 -29.67
-3.38 -29.67
-3.38 -29.67
-3.38 -29.67
-3.20 -29.67
-3.20 -29.67
-3.20 -29.67
-3.01 -29.67
-3.01 -29.67
-3.01 -29.67
-1.73 -29.67
-1.73 -29.67
-1.73 -29.67
-1.55 -29.67
-1.55 -29.67
-1.55 -29.67
-1.37 -29.67
-1.37 -29.67
-1.37 -29.67
-1.19 -29.67
-1.19 -29.67
-1.19 -29.67
-1.00 -29.67
-1.00 -29.67
-1.00 -29.67
-5.57 -29.49
-5.57 -29.49
-5.57 -29.49
-5.39 -29.49
-5.39 -29.49
-5.39 -29.49
-5.02 -29.49
-5.02 -29.49
-5.02 -29.49
-4.84 -29.49
-4.84 -29.49
-4.84 -29.49
-4.66 -29.49
-4.66 -29.49
-4.66 -29.49
-4.11 -29.49
-4.11 -29.49
-4.11 -29.49
-3.93 -29.49
-3.93 -29.49
-3.93 -29.49
-3.56 -29.49
-3.56 -29.49
-3.56 -29.49
-3.38 -29.49
-3.38 -29.49
-3.38 -29.49
-3.20 -29.49
-3.20 -29.49
-3.20 -29.49
-3.01 -29.49
-3.01 -29.49
-3.01 -29.49
-2.83 -29.49
-2.83 -29.49
-2.83 -29.49
-1.73 -29.49
-1.73 -29.49
-1.73 -29.49
-1.55 -29.49
-1.55 -29.49
-1.55 -29.49
-1.19 -29.49
-1.19 -29.49
-1.19 -29.49
-1.00 -29.49
-1.00 -29.49
-1.00 -29.49
-5.57 -29.30
-5.57 -29.30
-5.57 -29.30
-5.39 -29.30
-5.39 -29.30
-5.39 -29.30
-5.02 -29.30
-5.02 -29.30
-5.02 -29.30
-4.84 -29.30
-4.84 -29.30
-4.84 -29.30
-4.66 -29.30
-4.66 -29.30
-4.66 -29.30
-4.47 -29.30
-4.47 -29.30
-4.47 -29.30
-3.93 -29.30
-3.93 -29.30
-3.93 -29.30
-3.74 -29.30
-3.74 -29.30
-3.74 -29.30
-3.56 -29.30
-3.56 -29.30
-3.56 -29.30
-3.38 -29.30
-3.38 -29.30
-3.38 -29.30
-3.20 -29.30
-3.20 -29.30
-3.20 -29.30
-3.01 -29.30
-3.01 -29.30
-3.01 -29.30
-2.83 -29.30
-2.83 -29.30
-2.83 -29.30
-1.00 -29.30
-1.00 -29.30
-1.00 -29.30
-0.82 -29.30
-0.82 -29.30
-0.82 -29.30
-5.20 -29.12
-5.20 -29.12
-5.20 -29.12
-4.47 -29.12
-4.47 -29.12
-4.47 -29.12
-4.29 -29.12
-4.29 -29.12
-4.29 -29.12
-3.74 -29.12
-3.74 -29.12
-3.74 -29.12
-2.65 -29.12
-2.65 -29.12
-2.65 -29.12
-2.46 -29.12
-2.46 -29.12
-2.46 -29.12
-1.00 -29.12
-1.00 -29.12
-1.00 -29.12
-5.57 -28.94
-5.57 -28.94
-5.57 -28.94
-5.39 -28.94
-5.39 -28.94
-5.39 -28.94
-5.02 -28.94
-5.02 -28.94
-5.02 -28.94
-3.20 -28.94
-3.20 -28.94
-3.20 -28.94
-3.01 -28.94
-3.01 -28.94
-3.01 -28.94
-2.83 -28.94
-2.83 -28.94
-2.83 -28.94
-2.65 -28.94
-2.65 -28.94
-2.65 -28.94
-2.46 -28.94
-2.46 -28.94
-2.46 -28.94
-2.28 -28.94
-2.28 -28.94
-2.28 -28.94
-1.73 -28.94
-1.73 -28.94
-1.73 -28.94
-1.55 -28.94
-1.55 -28.94
-1.55 -28.94
-1.19 -28.94
-1.19 -28.94
-1.19 -28.94
-4.84 -28.76
-4.84 -28.76
-4.84 -28.76
-4.66 -28.76
-4.66 -28.76
-4.66 -28.76
-4.11 -28.76
-4.11 -28.76
-4.11 -28.76
-3.74 -28.76
-3.74 -28.76
-3.74 -28.76
-3.56 -28.76
-3.56 -28.76
-3.56 -28.76
-3.38 -28.76
-3.38 -28.76
-3.38 -28.76
-3.20 -28.76
-3.20 -28.76
-3.20 -28.76
-3.01 -28.76
-3.01 -28.76
-3.01 -28.76
-2.83 -28.76
-2.83 -28.76
-2.83 -28.76
-2.65 -28.76
-2.65 -28.76
-2.65 -28.76
-2.46 -28.76
-2.46 -28.76
-2.46 -28.76
-2.28 -28.76
-2.28 -28.76
-2.28 -28.76
-1.92 -28.76
-1.92 -28.76
-1.92 -28.76
-1.73 -28.76
-1.73 -28.76
-1.73 -28.76
-1.55 -28.76
-1.55 -28.76
-1.55 -28.76
-1.37 -28.76
-1.37 -28.76
-1.37 -28.76
-1.19 -28.76
-1.19 -28.76
-1.19 -28.76
-4.66 -28.57
-4.66 -28.57
-4.66 -28.57
-1.73 -28.57
-1.73 -28.57
-1.73 -28.57
-4.84 -28.39
-4.84 -28.39
-4.84 -28.39
-4.66 -28.39
-4.66 -28.39
-4.66 -28.39
-3.38 -28.39
-3.38 -28.39
-3.38 -28.39
-3.20 -28.39
-3.20 -28.39
-3.20 -28.39
-3.01 -28.39
-3.01 -28.39
-3.01 -28.39
-2.83 -28.39
-2.83 -28.39
-2.83 -28.39
-2.65 -28.39
-2.65 -28.39
-2.65 -28.39
-4.47 -28.21
-4.47 -28.21
-4.47 -28.21
-4.29 -28.21
-4.29 -28.21
-4.29 -28.21
-4.11 -28.21
-4.11 -28.21
-4.11 -28.21
-3.38 -28.21
-3.38 -28.21
-3.38 -28.21
-2.28 -28.21
-2.28 -28.21
-2.28 -28.21
-0.46 -28.21
-0.46 -28.21
-0.46 -28.21
-3.74 -28.03
-3.74 -28.03
-3.74 -28.03
-3.56 -28.03
-3.56 -28.03
-3.56 -28.03
-3.38 -28.03
-3.38 -28.03
-3.38 -28.03
-2.83 -28.03
-2.83 -28.03
-2.83 -28.03
-2.65 -28.03
-2.65 -28.03
-2.65 -28.03
-1.92 -28.03
-1.92 -28.03
-1.92 -28.03
-1.73 -28.03
-1.73 -28.03
-1.73 -28.03
-1.55 -28.03
-1.55 -28.03
-1.55 -28.03
-1.37 -28.03
-1.37 -28.03
-1.37 -28.03
-0.82 -28.03
-0.82 -28.03
-0.82 -28.03
-0.64 -28.03
-0.64 -28.03
-0.64 -28.03
-0.46 -28.03
-0.46 -28.03
-0.46 -28.03
-0.27 -28.03
-0.27 -28.03
-0.27 -28.03
-4.11 -27.84
-4.11 -27.84
-4.11 -27.84
-3.93 -27.84
-3.93 -27.84
-3.93 -27.84
-3.38 -27.84
-3.38 -27.84
-3.38 -27.84
-3.20 -27.84
-3.20 -27.84
-3.20 -27.84
-3.01 -27.84
-3.01 -27.84
-3.01 -27.84
-1.73 -27.84
-1.73 -27.84
-1.73 -27.84
-1.55 -27.84
-1.55 -27.84
-1.55 -27.84
-1.37 -27.84
-1.37 -27.84
-1.37 -27.84
-1.19 -27.84
-1.19 -27.84
-1.19 -27.84
-1.00 -27.84
-1.00 -27.84
-1.00 -27.84
-0.64 -27.84
-0.64 -27.84
-0.64 -27.84
-4.11 -27.66
-4.11 -27.66
-4.11 -27.66
-3.93 -27.66
-3.93 -27.66
-3.93 -27.66
-3.56 -27.66
-3.56 -27.66
-3.56 -27.66
-2.46 -27.66
-2.46 -27.66
-2.46 -27.66
-1.37 -27.66
-1.37 -27.66
-1.37 -27.66
-1.19 -27.66
-1.19 -27.66
-1.19 -27.66
-1.00 -27.66
-1.00 -27.66
-1.00 -27.66
-0.82 -27.66
-0.82 -27.66
-0.82 -27.66
-0.27 -27.66
-0.27 -27.66
-0.27 -27.66
-2.10 -27.48
-2.10 -27.48
-2.10 -27.48
-1.92 -27.48
-1.92 -27.48
-1.92 -27.48
-1.73 -27.48
-1.73 -27.48
-1.73 -27.48
-1.55 -27.48
-1.55 -27.48
-1.55 -27.48
-1.37 -27.48
-1.37 -27.48
-1.37 -27.48
-1.19 -27.48
-1.19 -27.48
-1.19 -27.48
-1.00 -27.48
-1.00 -27.48
-1.00 -27.48
-0.82 -27.48
-0.82 -27.48
-0.82 -27.48
-0.64 -27.48
-0.64 -27.48
-0.64 -27.48
-2.28 -27.30
-2.28 -27.30
-2.28 -27.30
-1.73 -27.30
-1.73 -27.30
-1.73 -27.30
-1.55 -27.30
-1.55 -27.30
-1.55 -27.30
-1.37 -27.30
-1.37 -27.30
-1.37 -27.30
-0.82 -27.30
-0.82 -27.30
-0.82 -27.30
-0.64 -27.30
-0.64 -27.30
-0.64 -27.30
-1.55 -27.11
-1.55 -27.11
-1.55 -27.11
-0.82 -27.11
-0.82 -27.11
-0.82 -27.11
-0.46 -27.11
-0.46 -27.11
-0.46 -27.11
-0.27 -27.11
-0.27 -27.11
-0.27 -27.11
-1.00 -26.93
-1.00 -26.93
-1.00 -26.93
-0.64 -26.93
-0.64 -26.93
-0.64 -26.93
-0.46 -26.93
-0.46 -26.93
-0.46 -26.93
-1.00 -26.75
-1.00 -26.75
-1.00 -26.75
-0.82 -26.75
-0.82 -26.75
-0.82 -26.75
-0.46 -26.75
-0.46 -26.75
-0.46 -26.75
-15.25 9.77
-15.25 9.77
-15.25 9.77
-15.25 9.95
-15.25 9.95
-15.25 9.95
-15.06 9.95
-15.06 9.95
-15.06 9.95
-14.88 9.95
-14.88 9.95
-14.88 9.95
-14.70 9.95
-14.70 9.95
-14.70 9.95
-14.51 9.95
-14.51 9.95
-14.51 9.95
-15.06 10.13
-15.06 10.13
-15.06 10.13
-14.15 10.50
-14.15 10.50
-14.15 10.50
-13.97 10.50
-13.97 10.50
-13.97 10.50
-13.78 10.50
-13.78 10.50
-13.78 10.50
-14.15 11.05
-14.15 11.05
-14.15 11.05
-13.97 11.05
-13.97 11.05
-13.97 11.05
-13.78 11.05
-13.78 11.05
-13.78 11.05
-13.60 11.05
-13.60 11.05
-13.60 11.05
-14.51 11.23
-14.51 11.23
-14.51 11.23
-14.15 11.23
-14.15 11.23
-14.15 11.23
-13.97 11.23
-13.97 11.23
-13.97 11.23
-13.78 11.23
-13.78 11.23
-13.78 11.23
-13.60 11.23
-13.60 11.23
-13.60 11.23
-13.24 11.23
-13.24 11.23
-13.24 11.23
-13.05 11.23
-13.05 11.23
-13.05 11.23
-14.33 11.41
-14.33 11.41
-14.33 11.41
-13.60 11.41
-13.60 11.41
-13.60 11.41
-13.05 11.41
-13.05 11.41
-13.05 11.41
-13.42 11.59
-13.42 11.59
-13.42 11.59
-12.87 11.59
-12.87 11.59
-12.87 11.59
-12.51 11.59
-12.51 11.59
-12.51 11.59
-13.42 11.78
-13.42 11.78
-13.42 11.78
-12.87 11.78
-12.87 11.78
-12.87 11.78
-12.69 11.78
-12.69 11.78
-12.69 11.78
-12.32 11.78
-12.32 11.78
-12.32 11.78
-13.78 11.96
-13.78 11.96
-13.78 11.96
-12.69 11.96
-12.69 11.96
-12.69 11.96
-12.51 11.96
-12.51 11.96
-12.51 11.96
-12.14 11.96
-12.14 11.96
-12.14 11.96
-11.23 11.96
-11.23 11.96
-11.23 11.96
-17.07 12.14
-17.07 12.14
-17.07 12.14
-12.87 12.14
-12.87 12.14
-12.87 12.14
-12.69 12.14
-12.69 12.14
-12.69 12.14
-12.14 12.14
-12.14 12.14
-12.14 12.14
-11.78 12.14
-11.78 12.14
-11.78 12.14
-11.59 12.14
-11.59 12.14
-11.59 12.14
-17.07 12.32
-17.07 12.32
-17.07 12.32
-16.89 12.32
-16.89 12.32
-16.89 12.32
-16.71 12.32
-16.71 12.32
-16.71 12.32
-16.52 12.32
-16.52 12.32
-16.52 12.32
-12.87 12.32
-12.87 12.32
-12.87 12.32
-12.51 12.32
-12.51 12.32
-12.51 12.32
-12.14 12.32
-12.14 12.32
-12.14 12.32
-17.25 12.51
-17.25 12.51
-17.25 12.51
-16.89 12.51
-16.89 12.51
-16.89 12.51
-16.71 12.51
-16.71 12.51
-16.71 12.51
-11.78 12.51
-11.78 12.51
-11.78 12.51
-17.07 12.69
-17.07 12.69
-17.07 12.69
-16.89 12.69
-16.89 12.69
-16.89 12.69
-16.71 12.69
-16.71 12.69
-16.71 12.69
-11.96 12.69
-11.96 12.69
-11.96 12.69
-11.59 12.69
-11.59 12.69
-11.59 12.69
-11.41 12.69
-11.41 12.69
-11.41 12.69
-17.25 12.87
-17.25 12.87
-17.25 12.87
-17.07 12.87
-17.07 12.87
-17.07 12.87
-16.52 12.87
-16.52 12.87
-16.52 12.87
-16.34 12.87
-16.34 12.87
-16.34 12.87
-15.61 12.87
-15.61 12.87
-15.61 12.87
-12.14 12.87
-12.14 12.87
-12.14 12.87
-11.96 12.87
-11.96 12.87
-11.96 12.87
-11.78 12.87
-11.78 12.87
-11.78 12.87
-11.59 12.87
-11.59 12.87
-11.59 12.87
-17.25 13.05
-17.25 13.05
-17.25 13.05
-16.71 13.05
-16.71 13.05
-16.71 13.05
-16.34 13.05
-16.34 13.05
-16.34 13.05
-15.98 13.05
-15.98 13.05
-15.98 13.05
-15.79 13.05
-15.79 13.05
-15.79 13.05
-17.25 13.24
-17.25 13.24
-17.25 13.24
-17.07 13.24
-17.07 13.24
-17.07 13.24
-16.89 13.24
-16.89 13.24
-16.89 13.24
-16.71 13.24
-16.71 13.24
-16.71 13.24
-16.34 13.24
-16.34 13.24
-16.34 13.24
-15.79 13.24
-15.79 13.24
-15.79 13.24
-16.16 13.42
-16.16 13.42
-16.16 13.42
-15.98 13.42
-15.98 13.42
-15.98 13.42
-15.79 13.42
-15.79 13.42
-15.79 13.42
-16.16 13.60
-16.16 13.60
-16.16 13.60
-15.98 13.60
-15.98 13.60
-15.98 13.60
-15.61 13.60
-15.61 13.60
-15.61 13.60
-10.13 13.60
-10.13 13.60
-10.13 13.60
-9.77 13.60
-9.77 13.60
-9.77 13.60
-15.43 13.78
-15.43 13.78
-15.43 13.78
-14.88 13.78
-14.88 13.78
-14.88 13.78
-10.50 13.78
-10.50 13.78
-10.50 13.78
-10.13 13.78
-10.13 13.78
-10.13 13.78
-9.95 13.78
-9.95 13.78
-9.95 13.78
-9.77 13.78
-9.77 13.78
-9.77 13.78
-15.61 13.97
-15.61 13.97
-15.61 13.97
-15.06 13.97
-15.06 13.97
-15.06 13.97
-9.95 13.97
-9.95 13.97
-9.95 13.97
-9.77 13.97
-9.77 13.97
-9.77 13.97
-15.61 14.15
-15.61 14.15
-15.61 14.15
-15.43 14.15
-15.43 14.15
-15.43 14.15
-15.25 14.15
-15.25 14.15
-15.25 14.15
-14.88 14.15
-14.88 14.15
-14.88 14.15
-10.50 14.15
-10.50 14.15
-10.50 14.15
-9.95 14.15
-9.95 14.15
-9.95 14.15
-9.59 14.15
-9.59 14.15
-9.59 14.15
-9.22 14.15
-9.22 14.15
-9.22 14.15
-9.04 14.15
-9.04 14.15
-9.04 14.15
-8.85 14.15
-8.85 14.15
-8.85 14.15
-10.32 14.33
-10.32 14.33
-10.32 14.33
-9.95 14.33
-9.95 14.33
-9.95 14.33
-9.77 14.33
-9.77 14.33
-9.77 14.33
-9.40 14.33
-9.40 14.33
-9.40 14.33
-9.04 14.33
-9.04 14.33
-9.04 14.33
-10.50 14.51
-10.50 14.51
-10.50 14.51
-10.32 14.51
-10.32 14.51
-10.32 14.51
-9.59 14.51
-9.59 14.51
-9.59 14.51
-9.40 14.51
-9.40 14.51
-9.40 14.51
-8.85 14.51
-8.85 14.51
-8.85 14.51
-9.59 14.70
-9.59 14.70
-9.59 14.70
-14.70 14.88
-14.70 14.88
-14.70 14.88
-14.33 14.88
-14.33 14.88
-14.33 14.88
-13.97 14.88
-13.97 14.88
-13.97 14.88
-9.59 14.88
-9.59 14.88
-9.59 14.88
-9.22 14.88
-9.22 14.88
-9.22 14.88
-9.04 14.88
-9.04 14.88
-9.04 14.88
-14.70 15.06
-14.70 15.06
-14.70 15.06
-14.51 15.06
-14.51 15.06
-14.51 15.06
-14.33 15.06
-14.33 15.06
-14.33 15.06
-14.15 15.06
-14.15 15.06
-14.15 15.06
-13.78 15.06
-13.78 15.06
-13.78 15.06
-14.70 15.25
-14.70 15.25
-14.70 15.25
-14.15 15.25
-14.15 15.25
-14.15 15.25
-13.97 15.25
-13.97 15.25
-13.97 15.25
-13.60 15.25
-13.60 15.25
-13.60 15.25
-13.78 15.43
-13.78 15.43
-13.78 15.43
-13.97 15.61
-13.97 15.61
-13.97 15.61
-13.78 15.61
-13.78 15.61
-13.78 15.61
-13.60 15.61
-13.60 15.61
-13.60 15.61
-13.24 15.61
-13.24 15.61
-13.24 15.61
-13.05 15.61
-13.05 15.61
-13.05 15.61
-12.87 15.61
-12.87 15.61
-12.87 15.61
-12.51 15.61
-12.51 15.61
-12.51 15.61
-13.60 15.79
-13.60 15.79
-13.60 15.79
-13.24 15.79
-13.24 15.79
-13.24 15.79
-13.05 15.79
-13.05 15.79
-13.05 15.79
-12.87 15.79
-12.87 15.79
-12.87 15.79
-12.51 15.79
-12.51 15.79
-12.51 15.79
-12.32 15.79
-12.32 15.79
-12.32 15.79
-13.60 15.98
-13.60 15.98
-13.60 15.98
-13.24 15.98
-13.24 15.98
-13.24 15.98
-13.05 15.98
-13.05 15.98
-13.05 15.98
-12.87 15.98
-12.87 15.98
-12.87 15.98
-13.78 16.16
-13.78 16.16
-13.78 16.16
-13.60 16.16
-13.60 16.16
-13.60 16.16
-13.05 16.16
-13.05 16.16
-13.05 16.16
-12.87 16.16
-12.87 16.16
-12.87 16.16
-12.69 16.16
-12.69 16.16
-12.69 16.16
-12.51 16.16
-12.51 16.16
-12.51 16.16
-12.32 16.16
-12.32 16.16
-12.32 16.16
-6.30 16.16
-6.30 16.16
-6.30 16.16
-6.12 16.16
-6.12 16.16
-6.12 16.16
-12.51 16.34
-12.51 16.34
-12.51 16.34
-6.12 16.34
-6.12 16.34
-6.12 16.34
-13.05 16.52
-13.05 16.52
-13.05 16.52
-12.87 16.52
-12.87 16.52
-12.87 16.52
-12.32 16.52
-12.32 16.52
-12.32 16.52
-6.30 16.52
-6.30 16.52
-6.30 16.52
-5.75 16.52
-5.75 16.52
-5.75 16.52
-12.69 16.71
-12.69 16.71
-12.69 16.71
-12.51 16.71
-12.51 16.71
-12.51 16.71
-13.05 16.89
-13.05 16.89
-13.05 16.89
-12.51 16.89
-12.51 16.89
-12.51 16.89
-11.96 16.89
-11.96 16.89
-11.96 16.89
-11.59 16.89
-11.59 16.89
-11.59 16.89
-6.48 16.89
-6.48 16.89
-6.48 16.89
-12.87 17.07
-12.87 17.07
-12.87 17.07
-12.69 17.07
-12.69 17.07
-12.69 17.07
-12.32 17.07
-12.32 17.07
-12.32 17.07
-11.59 17.07
-11.59 17.07
-11.59 17.07
-11.05 17.07
-11.05 17.07
-11.05 17.07
-10.86 17.07
-10.86 17.07
-10.86 17.07
-10.68 17.07
-10.68 17.07
-10.68 17.07
-13.24 17.25
-13.24 17.25
-13.24 17.25
-12.87 17.25
-12.87 17.25
-12.87 17.25
-12.32 17.25
-12.32 17.25
-12.32 17.25
-11.96 17.25
-11.96 17.25
-11.96 17.25
-11.78 17.25
-11.78 17.25
-11.78 17.25
-11.23 17.25
-11.23 17.25
-11.23 17.25
-11.05 17.25
-11.05 17.25
-11.05 17.25
-10.68 17.25
-10.68 17.25
-10.68 17.25
-11.78 17.44
-11.78 17.44
-11.78 17.44
-11.41 17.44
-11.41 17.44
-11.41 17.44
-11.23 17.44
-11.23 17.44
-11.23 17.44
-4.84 17.44
-4.84 17.44
-4.84 17.44
-4.66 17.44
-4.66 17.44
-4.66 17.44
-4.29 17.44
-4.29 17.44
-4.29 17.44
-4.11 17.44
-4.11 17.44
-4.11 17.44
-10.86 17.62
-10.86 17.62
-10.86 17.62
-4.66 17.62
-4.66 17.62
-4.66 17.62
-4.47 17.62
-4.47 17.62
-4.47 17.62
-4.11 17.62
-4.11 17.62
-4.11 17.62
-5.57 17.80
-5.57 17.80
-5.57 17.80
-5.39 17.80
-5.39 17.80
-5.39 17.80
-5.02 17.80
-5.02 17.80
-5.02 17.80
-4.47 17.80
-4.47 17.80
-4.47 17.80
-4.29 17.80
-4.29 17.80
-4.29 17.80
-4.11 17.80
-4.11 17.80
-4.11 17.80
-5.39 17.98
-5.39 17.98
-5.39 17.98
-4.29 17.98
-4.29 17.98
-4.29 17.98
-4.11 17.98
-4.11 17.98
-4.11 17.98
-5.39 18.17
-5.39 18.17
-5.39 18.17
-5.02 18.17
-5.02 18.17
-5.02 18.17
-4.84 18.17
-4.84 18.17
-4.84 18.17
-4.47 18.17
-4.47 18.17
-4.47 18.17
-4.84 18.35
-4.84 18.35
-4.84 18.35
-4.29 18.35
-4.29 18.35
-4.29 18.35
-4.66 18.53
-4.66 18.53
-4.66 18.53
-4.47 18.53
-4.47 18.53
-4.47 18.53
-4.29 18.53
-4.29 18.53
-4.29 18.53
-4.11 18.53
-4.11 18.53
-4.11 18.53
-7.76 18.71
-7.76 18.71
-7.76 18.71
-4.66 18.71
-4.66 18.71
-4.66 18.71
-4.47 18.71
-4.47 18.71
-4.47 18.71
-4.11 18.71
-4.11 18.71
-4.11 18.71
-3.93 18.71
-3.93 18.71
-3.93 18.71
-3.74 18.71
-3.74 18.71
-3.74 18.71
-3.56 18.71
-3.56 18.71
-3.56 18.71
-9.04 18.90
-9.04 18.90
-9.04 18.90
-8.49 18.90
-8.49 18.90
-8.49 18.90
-8.31 18.90
-8.31 18.90
-8.31 18.90
-4.11 18.90
-4.11 18.90
-4.11 18.90
-7.94 19.08
-7.94 19.08
-7.94 19.08
-7.76 19.08
-7.76 19.08
-7.76 19.08
-4.66 19.08
-4.66 19.08
-4.66 19.08
-3.74 19.08
-3.74 19.08
-3.74 19.08
-3.38 19.08
-3.38 19.08
-3.38 19.08
-8.85 19.26
-8.85 19.26
-8.85 19.26
-8.67 19.26
-8.67 19.26
-8.67 19.26
-8.49 19.26
-8.49 19.26
-8.49 19.26
-7.94 19.26
-7.94 19.26
-7.94 19.26
-4.84 19.26
-4.84 19.26
-4.84 19.26
-4.66 19.26
-4.66 19.26
-4.66 19.26
-4.47 19.26
-4.47 19.26
-4.47 19.26
-3.56 19.26
-3.56 19.26
-3.56 19.26
-3.38 19.26
-3.38 19.26
-3.38 19.26
-2.83 19.26
-2.83 19.26
-2.83 19.26
-2.65 19.26
-2.65 19.26
-2.65 19.26
-8.12 19.44
-8.12 19.44
-8.12 19.44
-7.94 19.44
-7.94 19.44
-7.94 19.44
-4.84 19.44
-4.84 19.44
-4.84 19.44
-4.29 19.44
-4.29 19.44
-4.29 19.44
-3.74 19.44
-3.74 19.44
-3.74 19.44
-3.38 19.44
-3.38 19.44
-3.38 19.44
-3.20 19.44
-3.20 19.44
-3.20 19.44
-3.01 19.44
-3.01 19.44
-3.01 19.44
-2.83 19.44
-2.83 19.44
-2.83 19.44
-9.04 19.63
-9.04 19.63
-9.04 19.63
-8.85 19.63
-8.85 19.63
-8.85 19.63
-8.67 19.63
-8.67 19.63
-8.67 19.63
-8.49 19.63
-8.49 19.63
-8.49 19.63
-8.31 19.63
-8.31 19.63
-8.31 19.63
-8.12 19.63
-8.12 19.63
-8.12 19.63
-7.76 19.63
-7.76 19.63
-7.76 19.63
-3.74 19.63
-3.74 19.63
-3.74 19.63
-3.38 19.63
-3.38 19.63
-3.38 19.63
-2.83 19.63
-2.83 19.63
-2.83 19.63
-8.85 19.81
-8.85 19.81
-8.85 19.81
-8.31 19.81
-8.31 19.81
-8.31 19.81
-7.76 19.81
-7.76 19.81
-7.76 19.81
-7.03 19.81
-7.03 19.81
-7.03 19.81
-6.85 19.81
-6.85 19.81
-6.85 19.81
-3.38 19.81
-3.38 19.81
-3.38 19.81
-3.20 19.81
-3.20 19.81
-3.20 19.81
-9.04 19.99
-9.04 19.99
-9.04 19.99
-8.85 19.99
-8.85 19.99
-8.85 19.99
-8.67 19.99
-8.67 19.99
-8.67 19.99
-7.94 19.99
-7.94 19.99
-7.94 19.99
-7.76 19.99
-7.76 19.99
-7.76 19.99
-6.66 19.99
-6.66 19.99
-6.66 19.99
-3.56 19.99
-3.56 19.99
-3.56 19.99
-3.20 19.99
-3.20 19.99
-3.20 19.99
-3.01 19.99
-3.01 19.99
-3.01 19.99
-2.46 19.99
-2.46 19.99
-2.46 19.99
-1.92 19.99
-1.92 19.99
-1.92 19.99
-8.49 20.17
-8.49 20.17
-8.49 20.17
-8.12 20.17
-8.12 20.17
-8.12 20.17
-7.39 20.17
-7.39 20.17
-7.39 20.17
-7.21 20.17
-7.21 20.17
-7.21 20.17
-6.85 20.17
-6.85 20.17
-6.85 20.17
-6.66 20.17
-6.66 20.17
-6.66 20.17
-3.74 20.17
-3.74 20.17
-3.74 20.17
-3.56 20.17
-3.56 20.17
-3.56 20.17
-3.38 20.17
-3.38 20.17
-3.38 20.17
-3.20 20.17
-3.20 20.17
-3.20 20.17
-3.01 20.17
-3.01 20.17
-3.01 20.17
-2.10 20.17
-2.10 20.17
-2.10 20.17
-1.73 20.17
-1.73 20.17
-1.73 20.17
-9.04 20.36
-9.04 20.36
-9.04 20.36
-8.85 20.36
-8.85 20.36
-8.85 20.36
-8.12 20.36
-8.12 20.36
-8.12 20.36
-7.39 20.36
-7.39 20.36
-7.39 20.36
-7.21 20.36
-7.21 20.36
-7.21 20.36
-7.03 20.36
-7.03 20.36
-7.03 20.36
-2.83 20.36
-2.83 20.36
-2.83 20.36
-2.46 20.36
-2.46 20.36
-2.46 20.36
-2.28 20.36
-2.28 20.36
-2.28 20.36
-2.10 20.36
-2.10 20.36
-2.10 20.36
-1.73 20.36
-1.73 20.36
-1.73 20.36
-8.31 20.54
-8.31 20.54
-8.31 20.54
-7.94 20.54
-7.94 20.54
-7.94 20.54
-7.76 20.54
-7.76 20.54
-7.76 20.54
-7.58 20.54
-7.58 20.54
-7.58 20.54
-7.21 20.54
-7.21 20.54
-7.21 20.54
-7.03 20.54
-7.03 20.54
-7.03 20.54
-2.83 20.54
-2.83 20.54
-2.83 20.54
-8.12 20.72
-8.12 20.72
-8.12 20.72
-7.94 20.72
-7.94 20.72
-7.94 20.72
-7.76 20.72
-7.76 20.72
-7.76 20.72
-7.58 20.72
-7.58 20.72
-7.58 20.72
-7.03 20.72
-7.03 20.72
-7.03 20.72
-3.38 20.72
-3.38 20.72
-3.38 20.72
-2.83 20.72
-2.83 20.72
-2.83 20.72
-2.28 20.72
-2.28 20.72
-2.28 20.72
-1.92 20.72
-1.92 20.72
-1.92 20.72
-8.12 20.91
-8.12 20.91
-8.12 20.91
-7.76 20.91
-7.76 20.91
-7.76 20.91
-7.58 20.91
-7.58 20.91
-7.58 20.91
-7.21 20.91
-7.21 20.91
-7.21 20.91
-7.03 20.91
-7.03 20.91
-7.03 20.91
-6.30 20.91
-6.30 20.91
-6.30 20.91
-6.12 20.91
-6.12 20.91
-6.12 20.91
-5.93 20.91
-5.93 20.91
-5.93 20.91
-3.20 20.91
-3.20 20.91
-3.20 20.91
-1.92 20.91
-1.92 20.91
-1.92 20.91
-8.31 21.09
-8.31 21.09
-8.31 21.09
-7.94 21.09
-7.94 21.09
-7.94 21.09
-7.76 21.09
-7.76 21.09
-7.76 21.09
-7.58 21.09
-7.58 21.09
-7.58 21.09
-7.39 21.09
-7.39 21.09
-7.39 21.09
-6.66 21.09
-6.66 21.09
-6.66 21.09
-6.48 21.09
-6.48 21.09
-6.48 21.09
-6.12 21.09
-6.12 21.09
-6.12 21.09
-5.93 21.09
-5.93 21.09
-5.93 21.09
-2.28 21.09
-2.28 21.09
-2.28 21.09
-2.10 21.09
-2.10 21.09
-2.10 21.09
-1.55 21.09
-1.55 21.09
-1.55 21.09
-8.12 21.27
-8.12 21.27
-8.12 21.27
-7.76 21.27
-7.76 21.27
-7.76 21.27
-6.85 21.27
-6.85 21.27
-6.85 21.27
-6.30 21.27
-6.30 21.27
-6.30 21.27
-1.92 21.27
-1.92 21.27
-1.92 21.27
-1.55 21.27
-1.55 21.27
-1.55 21.27
-1.00 21.27
-1.00 21.27
-1.00 21.27
-7.39 21.45
-7.39 21.45
-7.39 21.45
-7.21 21.45
-7.21 21.45
-7.21 21.45
-6.66 21.45
-6.66 21.45
-6.66 21.45
-2.46 21.45
-2.46 21.45
-2.46 21.45
-2.28 21.45
-2.28 21.45
-2.28 21.45
-1.37 21.45
-1.37 21.45
-1.37 21.45
-1.19 21.45
-1.19 21.45
-1.19 21.45
-6.48 21.64
-6.48 21.64
-6.48 21.64
-6.30 21.64
-6.30 21.64
-6.30 21.64
-1.73 21.64
-1.73 21.64
-1.73 21.64
-1.55 21.64
-1.55 21.64
-1.55 21.64
-7.58 21.82
-7.58 21.82
-7.58 21.82
-6.85 21.82
-6.85 21.82
-6.85 21.82
-6.66 21.82
-6.66 21.82
-6.66 21.82
-6.30 21.82
-6.30 21.82
-6.30 21.82
-6.12 21.82
-6.12 21.82
-6.12 21.82
-1.73 21.82
-1.73 21.82
-1.73 21.82
-1.55 21.82
-1.55 21.82
-1.55 21.82
-1.37 21.82
-1.37 21.82
-1.37 21.82
-1.19 21.82
-1.19 21.82
-1.19 21.82
-7.58 22.00
-7.58 22.00
-7.58 22.00
-7.39 22.00
-7.39 22.00
-7.39 22.00
-7.21 22.00
-7.21 22.00
-7.21 22.00
-6.66 22.00
-6.66 22.00
-6.66 22.00
-6.48 22.00
-6.48 22.00
-6.48 22.00
-5.75 22.00
-5.75 22.00
-5.75 22.00
-5.20 22.00
-5.20 22.00
-5.20 22.00
-1.55 22.00
-1.55 22.00
-1.55 22.00
-1.37 22.00
-1.37 22.00
-1.37 22.00
-1.00 22.00
-1.00 22.00
-1.00 22.00
-7.21 22.18
-7.21 22.18
-7.21 22.18
-7.03 22.18
-7.03 22.18
-7.03 22.18
-6.85 22.18
-6.85 22.18
-6.85 22.18
-6.30 22.18
-6.30 22.18
-6.30 22.18
-6.12 22.18
-6.12 22.18
-6.12 22.18
-5.75 22.18
-5.75 22.18
-5.75 22.18
-5.57 22.18
-5.57 22.18
-5.57 22.18
-1.55 22.18
-1.55 22.18
-1.55 22.18
-1.00 22.18
-1.00 22.18
-1.00 22.18
-0.64 22.18
-0.64 22.18
-0.64 22.18
-7.39 22.37
-7.39 22.37
-7.39 22.37
-7.03 22.37
-7.03 22.37
-7.03 22.37
-6.85 22.37
-6.85 22.37
-6.85 22.37
-6.48 22.37
-6.48 22.37
-6.48 22.37
-6.30 22.37
-6.30 22.37
-6.30 22.37
-5.93 22.37
-5.93 22.37
-5.93 22.37
-5.39 22.37
-5.39 22.37
-5.39 22.37
-1.37 22.37
-1.37 22.37
-1.37 22.37
-1.19 22.37
-1.19 22.37
-1.19 22.37
-1.00 22.37
-1.00 22.37
-1.00 22.37
-0.64 22.37
-0.64 22.37
-0.64 22.37
-0.27 22.37
-0.27 22.37
-0.27 22.37
-5.93 22.55
-5.93 22.55
-5.93 22.55
-5.39 22.55
-5.39 22.55
-5.39 22.55
-5.20 22.55
-5.20 22.55
-5.20 22.55
-1.37 22.55
-1.37 22.55
-1.37 22.55
-1.19 22.55
-1.19 22.55
-1.19 22.55
-0.82 22.55
-0.82 22.55
-0.82 22.55
-0.46 22.55
-0.46 22.55
-0.46 22.55
-0.27 22.55
-0.27 22.55
-0.27 22.55
-5.93 22.73
-5.93 22.73
-5.93 22.73
-5.57 22.73
-5.57 22.73
-5.57 22.73
-1.55 22.73
-1.55 22.73
-1.55 22.73
-1.19 22.73
-1.19 22.73
-1.19 22.73
-1.00 22.73
-1.00 22.73
-1.00 22.73
-0.64 22.73
-0.64 22.73
-0.64 22.73
-0.27 22.73
-0.27 22.73
-0.27 22.73
-5.20 22.91
-5.20 22.91
-5.20 22.91
-0.64 22.91
-0.64 22.91
-0.64 22.91
-0.27 22.91
-0.27 22.91
-0.27 22.91
0.09 22.91
0.09 22.91
0.09 22.91
0.27 22.91
0.27 22.91
0.27 22.91
0.46 22.91
0.46 22.91
0.46 22.91
-5.93 23.10
-5.93 23.10
-5.93 23.10
-5.75 23.10
-5.75 23.10
-5.75 23.10
-5.20 23.10
-5.20 23.10
-5.20 23.10
-1.55 23.10
-1.55 23.10
-1.55 23.10
-0.82 23.10
-0.82 23.10
-0.82 23.10
0.09 23.10
0.09 23.10
0.09 23.10
0.46 23.10
0.46 23.10
0.46 23.10
-4.84 23.28
-4.84 23.28
-4.84 23.28
-4.66 23.28
-4.66 23.28
-4.66 23.28
-4.47 23.28
-4.47 23.28
-4.47 23.28
-1.00 23.28
-1.00 23.28
-1.00 23.28
-0.46 23.28
-0.46 23.28
-0.46 23.28
-0.27 23.28
-0.27 23.28
-0.27 23.28
-0.09 23.28
-0.09 23.28
-0.09 23.28
0.09 23.28
0.09 23.28
0.09 23.28
0.46 23.28
0.46 23.28
0.46 23.28
-1.73 23.46
-1.73 23.46
-1.73 23.46
-0.27 23.46
-0.27 23.46
-0.27 23.46
0.09 23.46
0.09 23.46
0.09 23.46
0.46 23.46
0.46 23.46
0.46 23.46
-0.64 23.64
-0.64 23.64
-0.64 23.64
-0.27 23.64
-0.27 23.64
-0.27 23.64
0.09 23.64
0.09 23.64
0.09 23.64
0.27 23.64
0.27 23.64
0.27 23.64
-0.82 23.83
-0.82 23.83
-0.82 23.83
-0.64 23.83
-0.64 23.83
-0.64 23.83
-0.27 23.83
-0.27 23.83
-0.27 23.83
-0.09 23.83
-0.09 23.83
-0.09 23.83
0.09 23.83
0.09 23.83
0.09 23.83
0.27 23.83
0.27 23.83
0.27 23.83
-1.00 24.01
-1.00 24.01
-1.00 24.01
-0.64 24.01
-0.64 24.01
-0.64 24.01
-0.46 24.01
-0.46 24.01
-0.46 24.01
-0.09 24.01
-0.09 24.01
-0.09 24.01
0.09 24.01
0.09 24.01
0.09 24.01
0.27 24.01
0.27 24.01
0.27 24.01
0.46 24.01
0.46 24.01
0.46 24.01
-1.00 24.19
-1.00 24.19
-1.00 24.19
-0.82 24.19
-0.82 24.19
-0.82 24.19
-0.46 24.19
-0.46 24.19
-0.46 24.19
-0.27 24.19
-0.27 24.19
-0.27 24.19
0.27 24.19
0.27 24.19
0.27 24.19
-0.64 24.37
-0.64 24.37
-0.64 24.37
-0.09 24.37
-0.09 24.37
-0.09 24.37
0.09 24.37
0.09 24.37
0.09 24.37
0.46 24.37
0.46 24.37
0.46 24.37
0.82 24.37
0.82 24.37
0.82 24.37
1.00 24.37
1.00 24.37
1.00 24.37
-1.00 24.56
-1.00 24.56
-1.00 24.56
-0.09 24.56
-0.09 24.56
-0.09 24.56
0.46 24.56
0.46 24.56
0.46 24.56
1.00 24.56
1.00 24.56
1.00 24.56
1.19 24.56
1.19 24.56
1.19 24.56
-0.27 24.74
-0.27 24.74
-0.27 24.74
-0.09 24.74
-0.09 24.74
-0.09 24.74
0.27 24.74
0.27 24.74
0.27 24.74
0.46 24.74
0.46 24.74
0.46 24.74
0.64 24.74
0.64 24.74
0.64 24.74
0.82 24.74
0.82 24.74
0.82 24.74
-0.27 24.92
-0.27 24.92
-0.27 24.92
0.27 24.92
0.27 24.92
0.27 24.92
0.82 24.92
0.82 24.92
0.82 24.92
1.19 24.92
1.19 24.92
1.19 24.92
-0.27 25.10
-0.27 25.10
-0.27 25.10
0.09 25.10
0.09 25.10
0.09 25.10
0.27 25.10
0.27 25.10
0.27 25.10
0.46 25.10
0.46 25.10
0.46 25.10
0.64 25.10
0.64 25.10
0.64 25.10
0.82 25.10
0.82 25.10
0.82 25.10
1.00 25.10
1.00 25.10
1.00 25.10
-0.27 25.29
-0.27 25.29
-0.27 25.29
-0.09 25.29
-0.09 25.29
-0.09 25.29
1.19 25.29
1.19 25.29
1.19 25.29
0.64 25.47
0.64 25.47
0.64 25.47
0.82 25.47
0.82 25.47
0.82 25.47
1.19 25.47
1.19 25.47
1.19 25.47
1.92 25.47
1.92 25.47
1.92 25.47
0.64 25.65
0.64 25.65
0.64 25.65
0.82 25.65
0.82 25.65
0.82 25.65
1.19 25.65
1.19 25.65
1.19 25.65
1.37 25.65
1.37 25.65
1.37 25.65
1.73 25.65
1.73 25.65
1.73 25.65
0.82 25.83
0.82 25.83
0.82 25.83
1.19 25.83
1.19 25.83
1.19 25.83
1.37 25.83
1.37 25.83
1.37 25.83
1.73 25.83
1.73 25.83
1.73 25.83
1.92 25.83
1.92 25.83
1.92 25.83
2.28 25.83
2.28 25.83
2.28 25.83
2.46 25.83
2.46 25.83
2.46 25.83
0.46 26.02
0.46 26.02
0.46 26.02
0.64 26.02
0.64 26.02
0.64 26.02
1.00 26.02
1.00 26.02
1.00 26.02
1.19 26.02
1.19 26.02
1.19 26.02
1.37 26.02
1.37 26.02
1.37 26.02
1.55 26.02
1.55 26.02
1.55 26.02
1.73 26.02
1.73 26.02
1.73 26.02
2.10 26.02
2.10 26.02
2.10 26.02
2.28 26.02
2.28 26.02
2.28 26.02
2.46 26.02
2.46 26.02
2.46 26.02
0.64 26.20
0.64 26.20
0.64 26.20
0.82 26.20
0.82 26.20
0.82 26.20
1.00 26.20
1.00 26.20
1.00 26.20
1.55 26.20
1.55 26.20
1.55 26.20
1.73 26.20
1.73 26.20
1.73 26.20
1.92 26.20
1.92 26.20
1.92 26.20
2.10 26.20
2.10 26.20
2.10 26.20
2.28 26.20
2.28 26.20
2.28 26.20
2.46 26.20
2.46 26.20
2.46 26.20
2.65 26.20
2.65 26.20
2.65 26.20
0.46 26.38
0.46 26.38
0.46 26.38
0.82 26.38
0.82 26.38
0.82 26.38
1.37 26.38
1.37 26.38
1.37 26.38
1.55 26.38
1.55 26.38
1.55 26.38
1.73 26.38
1.73 26.38
1.73 26.38
1.92 26.38
1.92 26.38
1.92 26.38
2.10 26.38
2.10 26.38
2.10 26.38
0.46 26.56
0.46 26.56
0.46 26.56
0.64 26.56
0.64 26.56
0.64 26.56
0.82 26.56
0.82 26.56
0.82 26.56
2.28 26.56
2.28 26.56
2.28 26.56
2.46 26.56
2.46 26.56
2.46 26.56
1.73 26.75
1.73 26.75
1.73 26.75
1.92 26.75
1.92 26.75
1.92 26.75
2.10 26.93
2.10 26.93
2.10 26.93
