1.73 -47.20
1.73 -47.20
1.73 -47.20
1.92 -47.20
1.92 -47.20
1.92 -47.20
2.10 -47.20
2.10 -47.20
2.10 -47.20
2.28 -47.20
2.28 -47.20
2.28 -47.20
2.46 -47.20
2.46 -47.20
2.46 -47.20
3.01 -47.20
3.01 -47.20
3.01 -47.20
1.73 -47.01
1.73 -47.01
1.73 -47.01
2.10 -47.01
2.10 -47.01
2.10 -47.01
2.46 -47.01
2.46 -47.01
2.46 -47.01
2.65 -47.01
2.65 -47.01
2.65 -47.01
2.83 -47.01
2.83 -47.01
2.83 -47.01
3.01 -47.01
3.01 -47.01
3.01 -47.01
1.55 -46.83
1.55 -46.83
1.55 -46.83
2.10 -46.83
2.10 -46.83
2.10 -46.83
2.46 -46.83
2.46 -46.83
2.46 -46.83
1.55 -46.65
1.55 -46.65
1.55 -46.65
1.92 -46.65
1.92 -46.65
1.92 -46.65
2.10 -46.65
2.10 -46.65
2.10 -46.65
2.28 -46.65
2.28 -46.65
2.28 -46.65
1.73 -46.47
1.73 -46.47
1.73 -46.47
1.92 -46.47
1.92 -46.47
1.92 -46.47
2.28 -46.47
2.28 -46.47
2.28 -46.47
2.46 -46.47
2.46 -46.47
2.46 -46.47
2.65 -46.47
2.65 -46.47
2.65 -46.47
1.55 -46.28
1.55 -46.28
1.55 -46.28
1.92 -46.28
1.92 -46.28
1.92 -46.28
2.10 -46.28
2.10 -46.28
2.10 -46.28
3.01 -46.28
3.01 -46.28
3.01 -46.28
2.28 -46.10
2.28 -46.10
2.28 -46.10
2.28 -45.92
2.28 -45.92
2.28 -45.92
-0.82 -45.74
-0.82 -45.74
-0.82 -45.74
-0.27 -45.74
-0.27 -45.74
-0.27 -45.74
-0.64 -45.55
-0.64 -45.55
-0.64 -45.55
-0.46 -45.55
-0.46 -45.55
-0.46 -45.55
-0.82 -45.37
-0.82 -45.37
-0.82 -45.37
-0.64 -45.37
-0.64 -45.37
-0.64 -45.37
-0.46 -45.37
-0.46 -45.37
-0.46 -45.37
-0.46 -45.19
-0.46 -45.19
-0.46 -45.19
-0.27 -45.19
-0.27 -45.19
-0.27 -45.19
-0.82 -45.01
-0.82 -45.01
-0.82 -45.01
-0.82 -44.82
-0.82 -44.82
-0.82 -44.82
-0.64 -44.82
-0.64 -44.82
-0.64 -44.82
-0.46 -44.82
-0.46 -44.82
-0.46 -44.82
5.57 -44.09
5.57 -44.09
5.57 -44.09
5.75 -44.09
5.75 -44.09
5.75 -44.09
5.39 -43.91
5.39 -43.91
5.39 -43.91
5.75 -43.91
5.75 -43.91
5.75 -43.91
5.39 -43.73
5.39 -43.73
5.39 -43.73
5.75 -43.73
5.75 -43.73
5.75 -43.73
5.57 -43.54
5.57 -43.54
5.57 -43.54
5.93 -43.54
5.93 -43.54
5.93 -43.54
4.84 -43.36
4.84 -43.36
4.84 -43.36
5.20 -43.36
5.20 -43.36
5.20 -43.36
5.39 -43.36
5.39 -43.36
5.39 -43.36
5.57 -43.36
5.57 -43.36
5.57 -43.36
5.93 -43.36
5.93 -43.36
5.93 -43.36
4.66 -43.18
4.66 -43.18
4.66 -43.18
5.02 -43.18
5.02 -43.18
5.02 -43.18
5.39 -43.18
5.39 -43.18
5.39 -43.18
5.75 -43.18
5.75 -43.18
5.75 -43.18
6.12 -43.18
6.12 -43.18
6.12 -43.18
6.30 -43.18
6.30 -43.18
6.30 -43.18
6.48 -43.18
6.48 -43.18
6.48 -43.18
2.28 -43.00
2.28 -43.00
2.28 -43.00
2.46 -43.00
2.46 -43.00
2.46 -43.00
2.83 -43.00
2.83 -43.00
2.83 -43.00
5.39 -43.00
5.39 -43.00
5.39 -43.00
5.57 -43.00
5.57 -43.00
5.57 -43.00
5.93 -43.00
5.93 -43.00
5.93 -43.00
6.48 -43.00
6.48 -43.00
6.48 -43.00
2.65 -42.81
2.65 -42.81
2.65 -42.81
2.83 -42.81
2.83 -42.81
2.83 -42.81
5.57 -42.81
5.57 -42.81
5.57 -42.81
5.75 -42.81
5.75 -42.81
5.75 -42.81
5.93 -42.81
5.93 -42.81
5.93 -42.81
6.48 -42.81
6.48 -42.81
6.48 -42.81
6.66 -42.81
6.66 -42.81
6.66 -42.81
2.28 -42.63
2.28 -42.63
2.28 -42.63
5.57 -42.63
5.57 -42.63
5.57 -42.63
5.75 -42.63
5.75 -42.63
5.75 -42.63
5.93 -42.63
5.93 -42.63
5.93 -42.63
6.48 -42.63
6.48 -42.63
6.48 -42.63
2.65 -42.45
2.65 -42.45
2.65 -42.45
2.83 -42.45
2.83 -42.45
2.83 -42.45
3.01 -42.45
3.01 -42.45
3.01 -42.45
3.20 -42.45
3.20 -42.45
3.20 -42.45
3.38 -42.45
3.38 -42.45
3.38 -42.45
3.56 -42.45
3.56 -42.45
3.56 -42.45
5.39 -42.45
5.39 -42.45
5.39 -42.45
6.48 -42.45
6.48 -42.45
6.48 -42.45
6.66 -42.45
6.66 -42.45
6.66 -42.45
1.37 -42.27
1.37 -42.27
1.37 -42.27
1.73 -42.27
1.73 -42.27
1.73 -42.27
2.65 -42.27
2.65 -42.27
2.65 -42.27
2.83 -42.27
2.83 -42.27
2.83 -42.27
3.01 -42.27
3.01 -42.27
3.01 -42.27
3.20 -42.27
3.20 -42.27
3.20 -42.27
5.39 -42.27
5.39 -42.27
5.39 -42.27
5.93 -42.27
5.93 -42.27
5.93 -42.27
6.30 -42.27
6.30 -42.27
6.30 -42.27
6.48 -42.27
6.48 -42.27
6.48 -42.27
6.66 -42.27
6.66 -42.27
6.66 -42.27
1.37 -42.08
1.37 -42.08
1.37 -42.08
1.92 -42.08
1.92 -42.08
1.92 -42.08
2.10 -42.08
2.10 -42.08
2.10 -42.08
2.28 -42.08
2.28 -42.08
2.28 -42.08
3.01 -42.08
3.01 -42.08
3.01 -42.08
3.20 -42.08
3.20 -42.08
3.20 -42.08
3.38 -42.08
3.38 -42.08
3.38 -42.08
3.56 -42.08
3.56 -42.08
3.56 -42.08
5.39 -42.08
5.39 -42.08
5.39 -42.08
5.75 -42.08
5.75 -42.08
5.75 -42.08
5.93 -42.08
5.93 -42.08
5.93 -42.08
6.12 -42.08
6.12 -42.08
6.12 -42.08
6.30 -42.08
6.30 -42.08
6.30 -42.08
0.82 -41.90
0.82 -41.90
0.82 -41.90
1.19 -41.90
1.19 -41.90
1.19 -41.90
1.37 -41.90
1.37 -41.90
1.37 -41.90
2.10 -41.90
2.10 -41.90
2.10 -41.90
2.28 -41.90
2.28 -41.90
2.28 -41.90
2.46 -41.90
2.46 -41.90
2.46 -41.90
2.65 -41.90
2.65 -41.90
2.65 -41.90
2.83 -41.90
2.83 -41.90
2.83 -41.90
3.38 -41.90
3.38 -41.90
3.38 -41.90
3.56 -41.90
3.56 -41.90
3.56 -41.90
3.93 -41.90
3.93 -41.90
3.93 -41.90
4.11 -41.90
4.11 -41.90
4.11 -41.90
4.29 -41.90
4.29 -41.90
4.29 -41.90
4.47 -41.90
4.47 -41.90
4.47 -41.90
4.66 -41.90
4.66 -41.90
4.66 -41.90
5.02 -41.90
5.02 -41.90
5.02 -41.90
5.75 -41.90
5.75 -41.90
5.75 -41.90
5.93 -41.90
5.93 -41.90
5.93 -41.90
6.30 -41.90
6.30 -41.90
6.30 -41.90
6.85 -41.90
6.85 -41.90
6.85 -41.90
7.39 -41.90
7.39 -41.90
7.39 -41.90
1.73 -41.72
1.73 -41.72
1.73 -41.72
2.10 -41.72
2.10 -41.72
2.10 -41.72
2.28 -41.72
2.28 -41.72
2.28 -41.72
2.83 -41.72
2.83 -41.72
2.83 -41.72
3.38 -41.72
3.38 -41.72
3.38 -41.72
3.93 -41.72
3.93 -41.72
3.93 -41.72
4.29 -41.72
4.29 -41.72
4.29 -41.72
4.47 -41.72
4.47 -41.72
4.47 -41.72
5.02 -41.72
5.02 -41.72
5.02 -41.72
5.20 -41.72
5.20 -41.72
5.20 -41.72
5.39 -41.72
5.39 -41.72
5.39 -41.72
5.75 -41.72
5.75 -41.72
5.75 -41.72
6.30 -41.72
6.30 -41.72
6.30 -41.72
6.48 -41.72
6.48 -41.72
6.48 -41.72
6.66 -41.72
6.66 -41.72
6.66 -41.72
7.03 -41.72
7.03 -41.72
7.03 -41.72
1.92 -41.54
1.92 -41.54
1.92 -41.54
2.10 -41.54
2.10 -41.54
2.10 -41.54
2.46 -41.54
2.46 -41.54
2.46 -41.54
2.83 -41.54
2.83 -41.54
2.83 -41.54
3.38 -41.54
3.38 -41.54
3.38 -41.54
3.56 -41.54
3.56 -41.54
3.56 -41.54
3.74 -41.54
3.74 -41.54
3.74 -41.54
3.93 -41.54
3.93 -41.54
3.93 -41.54
4.29 -41.54
4.29 -41.54
4.29 -41.54
4.84 -41.54
4.84 -41.54
4.84 -41.54
5.39 -41.54
5.39 -41.54
5.39 -41.54
5.57 -41.54
5.57 -41.54
5.57 -41.54
5.75 -41.54
5.75 -41.54
5.75 -41.54
5.93 -41.54
5.93 -41.54
5.93 -41.54
6.12 -41.54
6.12 -41.54
6.12 -41.54
7.39 -41.54
7.39 -41.54
7.39 -41.54
1.73 -41.35
1.73 -41.35
1.73 -41.35
1.92 -41.35
1.92 -41.35
1.92 -41.35
2.28 -41.35
2.28 -41.35
2.28 -41.35
2.46 -41.35
2.46 -41.35
2.46 -41.35
3.74 -41.35
3.74 -41.35
3.74 -41.35
4.84 -41.35
4.84 -41.35
4.84 -41.35
5.02 -41.35
5.02 -41.35
5.02 -41.35
5.20 -41.35
5.20 -41.35
5.20 -41.35
5.39 -41.35
5.39 -41.35
5.39 -41.35
5.57 -41.35
5.57 -41.35
5.57 -41.35
6.48 -41.35
6.48 -41.35
6.48 -41.35
7.39 -41.35
7.39 -41.35
7.39 -41.35
1.37 -41.17
1.37 -41.17
1.37 -41.17
1.55 -41.17
1.55 -41.17
1.55 -41.17
1.73 -41.17
1.73 -41.17
1.73 -41.17
2.10 -41.17
2.10 -41.17
2.10 -41.17
2.65 -41.17
2.65 -41.17
2.65 -41.17
2.83 -41.17
2.83 -41.17
2.83 -41.17
3.01 -41.17
3.01 -41.17
3.01 -41.17
3.56 -41.17
3.56 -41.17
3.56 -41.17
3.93 -41.17
3.93 -41.17
3.93 -41.17
4.11 -41.17
4.11 -41.17
4.11 -41.17
4.29 -41.17
4.29 -41.17
4.29 -41.17
4.47 -41.17
4.47 -41.17
4.47 -41.17
5.02 -41.17
5.02 -41.17
5.02 -41.17
5.93 -41.17
5.93 -41.17
5.93 -41.17
6.12 -41.17
6.12 -41.17
6.12 -41.17
6.30 -41.17
6.30 -41.17
6.30 -41.17
6.66 -41.17
6.66 -41.17
6.66 -41.17
6.85 -41.17
6.85 -41.17
6.85 -41.17
7.03 -41.17
7.03 -41.17
7.03 -41.17
7.21 -41.17
7.21 -41.17
7.21 -41.17
7.39 -41.17
7.39 -41.17
7.39 -41.17
2.10 -40.99
2.10 -40.99
2.10 -40.99
2.28 -40.99
2.28 -40.99
2.28 -40.99
3.38 -40.99
3.38 -40.99
3.38 -40.99
3.56 -40.99
3.56 -40.99
3.56 -40.99
5.39 -40.99
5.39 -40.99
5.39 -40.99
5.57 -40.99
5.57 -40.99
5.57 -40.99
5.75 -40.99
5.75 -40.99
5.75 -40.99
5.93 -40.99
5.93 -40.99
5.93 -40.99
6.12 -40.99
6.12 -40.99
6.12 -40.99
6.30 -40.99
6.30 -40.99
6.30 -40.99
6.66 -40.99
6.66 -40.99
6.66 -40.99
2.65 -40.81
2.65 -40.81
2.65 -40.81
2.83 -40.81
2.83 -40.81
2.83 -40.81
6.30 -40.81
6.30 -40.81
6.30 -40.81
6.48 -40.81
6.48 -40.81
6.48 -40.81
7.21 -40.81
7.21 -40.81
7.21 -40.81
3.38 -40.62
3.38 -40.62
3.38 -40.62
3.56 -40.62
3.56 -40.62
3.56 -40.62
6.12 -40.62
6.12 -40.62
6.12 -40.62
6.30 -40.62
6.30 -40.62
6.30 -40.62
6.66 -40.62
6.66 -40.62
6.66 -40.62
6.85 -40.62
6.85 -40.62
6.85 -40.62
8.12 -40.62
8.12 -40.62
8.12 -40.62
3.01 -40.44
3.01 -40.44
3.01 -40.44
6.12 -40.44
6.12 -40.44
6.12 -40.44
6.30 -40.44
6.30 -40.44
6.30 -40.44
6.85 -40.44
6.85 -40.44
6.85 -40.44
7.94 -40.44
7.94 -40.44
7.94 -40.44
8.12 -40.44
8.12 -40.44
8.12 -40.44
2.83 -40.26
2.83 -40.26
2.83 -40.26
5.93 -40.26
5.93 -40.26
5.93 -40.26
6.12 -40.26
6.12 -40.26
6.12 -40.26
6.48 -40.26
6.48 -40.26
6.48 -40.26
6.85 -40.26
6.85 -40.26
6.85 -40.26
7.21 -40.26
7.21 -40.26
7.21 -40.26
7.39 -40.26
7.39 -40.26
7.39 -40.26
7.58 -40.26
7.58 -40.26
7.58 -40.26
7.76 -40.26
7.76 -40.26
7.76 -40.26
5.93 -40.08
5.93 -40.08
5.93 -40.08
6.48 -40.08
6.48 -40.08
6.48 -40.08
7.21 -40.08
7.21 -40.08
7.21 -40.08
7.39 -40.08
7.39 -40.08
7.39 -40.08
7.58 -40.08
7.58 -40.08
7.58 -40.08
2.83 -39.89
2.83 -39.89
2.83 -39.89
3.20 -39.89
3.20 -39.89
3.20 -39.89
5.93 -39.89
5.93 -39.89
5.93 -39.89
6.12 -39.89
6.12 -39.89
6.12 -39.89
3.38 -39.71
3.38 -39.71
3.38 -39.71
6.12 -39.71
6.12 -39.71
6.12 -39.71
6.30 -39.71
6.30 -39.71
6.30 -39.71
6.66 -39.71
6.66 -39.71
6.66 -39.71
6.85 -39.71
6.85 -39.71
6.85 -39.71
7.03 -39.71
7.03 -39.71
7.03 -39.71
6.30 -39.53
6.30 -39.53
6.30 -39.53
6.48 -39.53
6.48 -39.53
6.48 -39.53
6.66 -39.53
6.66 -39.53
6.66 -39.53
6.85 -39.53
6.85 -39.53
6.85 -39.53
7.03 -39.53
7.03 -39.53
7.03 -39.53
7.21 -39.53
7.21 -39.53
7.21 -39.53
6.12 -39.35
6.12 -39.35
6.12 -39.35
6.48 -39.35
6.48 -39.35
6.48 -39.35
6.66 -39.35
6.66 -39.35
6.66 -39.35
6.85 -39.35
6.85 -39.35
6.85 -39.35
7.03 -39.35
7.03 -39.35
7.03 -39.35
7.21 -39.35
7.21 -39.35
7.21 -39.35
6.12 -39.16
6.12 -39.16
6.12 -39.16
6.30 -39.16
6.30 -39.16
6.30 -39.16
6.66 -39.16
6.66 -39.16
6.66 -39.16
6.85 -39.16
6.85 -39.16
6.85 -39.16
7.03 -39.16
7.03 -39.16
7.03 -39.16
7.21 -39.16
7.21 -39.16
7.21 -39.16
7.39 -39.16
7.39 -39.16
7.39 -39.16
7.58 -39.16
7.58 -39.16
7.58 -39.16
7.76 -39.16
7.76 -39.16
7.76 -39.16
7.94 -39.16
7.94 -39.16
7.94 -39.16
8.12 -39.16
8.12 -39.16
8.12 -39.16
6.30 -38.98
6.30 -38.98
6.30 -38.98
6.48 -38.98
6.48 -38.98
6.48 -38.98
6.66 -38.98
6.66 -38.98
6.66 -38.98
6.85 -38.98
6.85 -38.98
6.85 -38.98
7.03 -38.98
7.03 -38.98
7.03 -38.98
7.21 -38.98
7.21 -38.98
7.21 -38.98
7.39 -38.98
7.39 -38.98
7.39 -38.98
7.58 -38.98
7.58 -38.98
7.58 -38.98
7.76 -38.98
7.76 -38.98
7.76 -38.98
7.94 -38.98
7.94 -38.98
7.94 -38.98
8.12 -38.98
8.12 -38.98
8.12 -38.98
6.12 -38.80
6.12 -38.80
6.12 -38.80
6.30 -38.80
6.30 -38.80
6.30 -38.80
7.39 -38.80
7.39 -38.80
7.39 -38.80
7.58 -38.80
7.58 -38.80
7.58 -38.80
7.76 -38.80
7.76 -38.80
7.76 -38.80
7.94 -38.80
7.94 -38.80
7.94 -38.80
8.12 -38.80
8.12 -38.80
8.12 -38.80
5.93 -38.61
5.93 -38.61
5.93 -38.61
6.12 -38.61
6.12 -38.61
6.12 -38.61
6.85 -38.61
6.85 -38.61
6.85 -38.61
7.58 -38.61
7.58 -38.61
7.58 -38.61
7.94 -38.61
7.94 -38.61
7.94 -38.61
8.12 -38.61
8.12 -38.61
8.12 -38.61
6.30 -38.43
6.30 -38.43
6.30 -38.43
6.85 -38.43
6.85 -38.43
6.85 -38.43
7.03 -38.43
7.03 -38.43
7.03 -38.43
7.21 -38.43
7.21 -38.43
7.21 -38.43
7.39 -38.43
7.39 -38.43
7.39 -38.43
7.58 -38.43
7.58 -38.43
7.58 -38.43
7.76 -38.43
7.76 -38.43
7.76 -38.43
5.93 -38.25
5.93 -38.25
5.93 -38.25
6.30 -38.25
6.30 -38.25
6.30 -38.25
6.48 -38.25
6.48 -38.25
6.48 -38.25
7.03 -38.25
7.03 -38.25
7.03 -38.25
6.66 -38.07
6.66 -38.07
6.66 -38.07
5.93 -37.88
5.93 -37.88
5.93 -37.88
6.12 -37.88
6.12 -37.88
6.12 -37.88
6.30 -37.88
6.30 -37.88
6.30 -37.88
6.66 -37.88
6.66 -37.88
6.66 -37.88
7.03 -37.88
7.03 -37.88
7.03 -37.88
2.46 -35.88
2.46 -35.88
2.46 -35.88
1.92 -35.69
1.92 -35.69
1.92 -35.69
3.20 -35.69
3.20 -35.69
3.20 -35.69
1.92 -35.51
1.92 -35.51
1.92 -35.51
2.10 -35.51
2.10 -35.51
2.10 -35.51
2.28 -35.51
2.28 -35.51
2.28 -35.51
3.01 -35.51
3.01 -35.51
3.01 -35.51
1.19 -35.33
1.19 -35.33
1.19 -35.33
1.55 -35.33
1.55 -35.33
1.55 -35.33
1.73 -35.33
1.73 -35.33
1.73 -35.33
2.46 -35.33
2.46 -35.33
2.46 -35.33
2.65 -35.33
2.65 -35.33
2.65 -35.33
3.01 -35.33
3.01 -35.33
3.01 -35.33
3.20 -35.33
3.20 -35.33
3.20 -35.33
1.00 -35.15
1.00 -35.15
1.00 -35.15
1.37 -35.15
1.37 -35.15
1.37 -35.15
1.92 -35.15
1.92 -35.15
1.92 -35.15
2.10 -35.15
2.10 -35.15
2.10 -35.15
2.28 -35.15
2.28 -35.15
2.28 -35.15
2.46 -35.15
2.46 -35.15
2.46 -35.15
3.20 -35.15
3.20 -35.15
3.20 -35.15
-2.10 -34.96
-2.10 -34.96
-2.10 -34.96
-1.92 -34.96
-1.92 -34.96
-1.92 -34.96
-1.73 -34.96
-1.73 -34.96
-1.73 -34.96
-1.55 -34.96
-1.55 -34.96
-1.55 -34.96
-1.37 -34.96
-1.37 -34.96
-1.37 -34.96
-1.19 -34.96
-1.19 -34.96
-1.19 -34.96
-0.64 -34.96
-0.64 -34.96
-0.64 -34.96
-0.09 -34.96
-0.09 -34.96
-0.09 -34.96
0.09 -34.96
0.09 -34.96
0.09 -34.96
0.27 -34.96
0.27 -34.96
0.27 -34.96
0.82 -34.96
0.82 -34.96
0.82 -34.96
1.37 -34.96
1.37 -34.96
1.37 -34.96
1.55 -34.96
1.55 -34.96
1.55 -34.96
1.92 -34.96
1.92 -34.96
1.92 -34.96
2.28 -34.96
2.28 -34.96
2.28 -34.96
2.83 -34.96
2.83 -34.96
2.83 -34.96
-3.01 -34.78
-3.01 -34.78
-3.01 -34.78
-2.28 -34.78
-2.28 -34.78
-2.28 -34.78
-1.92 -34.78
-1.92 -34.78
-1.92 -34.78
-1.73 -34.78
-1.73 -34.78
-1.73 -34.78
-1.55 -34.78
-1.55 -34.78
-1.55 -34.78
-1.37 -34.78
-1.37 -34.78
-1.37 -34.78
-1.19 -34.78
-1.19 -34.78
-1.19 -34.78
-1.00 -34.78
-1.00 -34.78
-1.00 -34.78
-0.27 -34.78
-0.27 -34.78
-0.27 -34.78
-0.09 -34.78
-0.09 -34.78
-0.09 -34.78
0.09 -34.78
0.09 -34.78
0.09 -34.78
0.46 -34.78
0.46 -34.78
0.46 -34.78
0.64 -34.78
0.64 -34.78
0.64 -34.78
0.82 -34.78
0.82 -34.78
0.82 -34.78
1.19 -34.78
1.19 -34.78
1.19 -34.78
1.55 -34.78
1.55 -34.78
1.55 -34.78
2.10 -34.78
2.10 -34.78
2.10 -34.78
2.65 -34.78
2.65 -34.78
2.65 -34.78
2.83 -34.78
2.83 -34.78
2.83 -34.78
3.01 -34.78
3.01 -34.78
3.01 -34.78
3.20 -34.78
3.20 -34.78
3.20 -34.78
-3.01 -34.60
-3.01 -34.60
-3.01 -34.60
-2.65 -34.60
-2.65 -34.60
-2.65 -34.60
-2.46 -34.60
-2.46 -34.60
-2.46 -34.60
-2.28 -34.60
-2.28 -34.60
-2.28 -34.60
-2.10 -34.60
-2.10 -34.60
-2.10 -34.60
-1.92 -34.60
-1.92 -34.60
-1.92 -34.60
-1.73 -34.60
-1.73 -34.60
-1.73 -34.60
-0.64 -34.60
-0.64 -34.60
-0.64 -34.60
-0.46 -34.60
-0.46 -34.60
-0.46 -34.60
0.64 -34.60
0.64 -34.60
0.64 -34.60
1.00 -34.60
1.00 -34.60
1.00 -34.60
1.19 -34.60
1.19 -34.60
1.19 -34.60
2.10 -34.60
2.10 -34.60
2.10 -34.60
2.28 -34.60
2.28 -34.60
2.28 -34.60
2.46 -34.60
2.46 -34.60
2.46 -34.60
3.01 -34.60
3.01 -34.60
3.01 -34.60
3.20 -34.60
3.20 -34.60
3.20 -34.60
-3.01 -34.42
-3.01 -34.42
-3.01 -34.42
-2.46 -34.42
-2.46 -34.42
-2.46 -34.42
-2.10 -34.42
-2.10 -34.42
-2.10 -34.42
-1.92 -34.42
-1.92 -34.42
-1.92 -34.42
-1.19 -34.42
-1.19 -34.42
-1.19 -34.42
-1.00 -34.42
-1.00 -34.42
-1.00 -34.42
-0.82 -34.42
-0.82 -34.42
-0.82 -34.42
-0.46 -34.42
-0.46 -34.42
-0.46 -34.42
-0.27 -34.42
-0.27 -34.42
-0.27 -34.42
0.27 -34.42
0.27 -34.42
0.27 -34.42
0.46 -34.42
0.46 -34.42
0.46 -34.42
0.82 -34.42
0.82 -34.42
0.82 -34.42
1.00 -34.42
1.00 -34.42
1.00 -34.42
1.37 -34.42
1.37 -34.42
1.37 -34.42
1.73 -34.42
1.73 -34.42
1.73 -34.42
2.28 -34.42
2.28 -34.42
2.28 -34.42
-0.82 -34.23
-0.82 -34.23
-0.82 -34.23
-0.64 -34.23
-0.64 -34.23
-0.64 -34.23
-0.46 -34.23
-0.46 -34.23
-0.46 -34.23
-0.27 -34.23
-0.27 -34.23
-0.27 -34.23
-0.09 -34.23
-0.09 -34.23
-0.09 -34.23
0.09 -34.23
0.09 -34.23
0.09 -34.23
0.27 -34.23
0.27 -34.23
0.27 -34.23
0.46 -34.23
0.46 -34.23
0.46 -34.23
0.64 -34.23
0.64 -34.23
0.64 -34.23
0.82 -34.23
0.82 -34.23
0.82 -34.23
1.00 -34.23
1.00 -34.23
1.00 -34.23
1.19 -34.23
1.19 -34.23
1.19 -34.23
1.37 -34.23
1.37 -34.23
1.37 -34.23
1.55 -34.23
1.55 -34.23
1.55 -34.23
1.73 -34.23
1.73 -34.23
1.73 -34.23
1.92 -34.23
1.92 -34.23
1.92 -34.23
2.10 -34.23
2.10 -34.23
2.10 -34.23
2.28 -34.23
2.28 -34.23
2.28 -34.23
-0.64 -34.05
-0.64 -34.05
-0.64 -34.05
-0.46 -34.05
-0.46 -34.05
-0.46 -34.05
-0.27 -34.05
-0.27 -34.05
-0.27 -34.05
-0.09 -34.05
-0.09 -34.05
-0.09 -34.05
0.09 -34.05
0.09 -34.05
0.09 -34.05
0.27 -34.05
0.27 -34.05
0.27 -34.05
0.46 -34.05
0.46 -34.05
0.46 -34.05
0.64 -34.05
0.64 -34.05
0.64 -34.05
0.82 -34.05
0.82 -34.05
0.82 -34.05
1.00 -34.05
1.00 -34.05
1.00 -34.05
1.19 -34.05
1.19 -34.05
1.19 -34.05
1.37 -34.05
1.37 -34.05
1.37 -34.05
1.55 -34.05
1.55 -34.05
1.55 -34.05
1.73 -34.05
1.73 -34.05
1.73 -34.05
1.92 -34.05
1.92 -34.05
1.92 -34.05
2.10 -34.05
2.10 -34.05
2.10 -34.05
2.28 -34.05
2.28 -34.05
2.28 -34.05
2.46 -34.05
2.46 -34.05
2.46 -34.05
-2.28 -33.87
-2.28 -33.87
-2.28 -33.87
-0.64 -33.87
-0.64 -33.87
-0.64 -33.87
-0.46 -33.87
-0.46 -33.87
-0.46 -33.87
-0.27 -33.87
-0.27 -33.87
-0.27 -33.87
-0.09 -33.87
-0.09 -33.87
-0.09 -33.87
0.09 -33.87
0.09 -33.87
0.09 -33.87
0.27 -33.87
0.27 -33.87
0.27 -33.87
0.46 -33.87
0.46 -33.87
0.46 -33.87
0.64 -33.87
0.64 -33.87
0.64 -33.87
0.82 -33.87
0.82 -33.87
0.82 -33.87
1.00 -33.87
1.00 -33.87
1.00 -33.87
1.19 -33.87
1.19 -33.87
1.19 -33.87
1.37 -33.87
1.37 -33.87
1.37 -33.87
1.55 -33.87
1.55 -33.87
1.55 -33.87
1.73 -33.87
1.73 -33.87
1.73 -33.87
1.92 -33.87
1.92 -33.87
1.92 -33.87
2.10 -33.87
2.10 -33.87
2.10 -33.87
2.28 -33.87
2.28 -33.87
2.28 -33.87
-2.10 -33.69
-2.10 -33.69
-2.10 -33.69
-1.92 -33.69
-1.92 -33.69
-1.92 -33.69
-1.73 -33.69
-1.73 -33.69
-1.73 -33.69
-1.55 -33.69
-1.55 -33.69
-1.55 -33.69
-1.37 -33.69
-1.37 -33.69
-1.37 -33.69
-1.19 -33.69
-1.19 -33.69
-1.19 -33.69
-1.00 -33.69
-1.00 -33.69
-1.00 -33.69
-0.82 -33.69
-0.82 -33.69
-0.82 -33.69
-0.64 -33.69
-0.64 -33.69
-0.64 -33.69
-0.46 -33.69
-0.46 -33.69
-0.46 -33.69
-0.27 -33.69
-0.27 -33.69
-0.27 -33.69
-0.09 -33.69
-0.09 -33.69
-0.09 -33.69
0.09 -33.69
0.09 -33.69
0.09 -33.69
0.27 -33.69
0.27 -33.69
0.27 -33.69
0.46 -33.69
0.46 -33.69
0.46 -33.69
0.64 -33.69
0.64 -33.69
0.64 -33.69
0.82 -33.69
0.82 -33.69
0.82 -33.69
1.00 -33.69
1.00 -33.69
1.00 -33.69
1.19 -33.69
1.19 -33.69
1.19 -33.69
1.37 -33.69
1.37 -33.69
1.37 -33.69
1.55 -33.69
1.55 -33.69
1.55 -33.69
1.73 -33.69
1.73 -33.69
1.73 -33.69
1.92 -33.69
1.92 -33.69
1.92 -33.69
2.10 -33.69
2.10 -33.69
2.10 -33.69
2.28 -33.69
2.28 -33.69
2.28 -33.69
2.46 -33.69
2.46 -33.69
2.46 -33.69
-2.65 -33.50
-2.65 -33.50
-2.65 -33.50
-2.10 -33.50
-2.10 -33.50
-2.10 -33.50
-1.92 -33.50
-1.92 -33.50
-1.92 -33.50
-1.73 -33.50
-1.73 -33.50
-1.73 -33.50
-1.55 -33.50
-1.55 -33.50
-1.55 -33.50
-1.37 -33.50
-1.37 -33.50
-1.37 -33.50
-1.19 -33.50
-1.19 -33.50
-1.19 -33.50
-1.00 -33.50
-1.00 -33.50
-1.00 -33.50
-0.82 -33.50
-0.82 -33.50
-0.82 -33.50
-0.64 -33.50
-0.64 -33.50
-0.64 -33.50
-0.46 -33.50
-0.46 -33.50
-0.46 -33.50
-0.27 -33.50
-0.27 -33.50
-0.27 -33.50
-0.09 -33.50
-0.09 -33.50
-0.09 -33.50
0.09 -33.50
0.09 -33.50
0.09 -33.50
0.27 -33.50
0.27 -33.50
0.27 -33.50
0.46 -33.50
0.46 -33.50
0.46 -33.50
0.64 -33.50
0.64 -33.50
0.64 -33.50
0.82 -33.50
0.82 -33.50
0.82 -33.50
1.00 -33.50
1.00 -33.50
1.00 -33.50
1.19 -33.50
1.19 -33.50
1.19 -33.50
1.37 -33.50
1.37 -33.50
1.37 -33.50
1.55 -33.50
1.55 -33.50
1.55 -33.50
1.73 -33.50
1.73 -33.50
1.73 -33.50
1.92 -33.50
1.92 -33.50
1.92 -33.50
2.10 -33.50
2.10 -33.50
2.10 -33.50
2.28 -33.50
2.28 -33.50
2.28 -33.50
-2.83 -33.32
-2.83 -33.32
-2.83 -33.32
-2.46 -33.32
-2.46 -33.32
-2.46 -33.32
-1.19 -33.32
-1.19 -33.32
-1.19 -33.32
-1.00 -33.32
-1.00 -33.32
-1.00 -33.32
-0.82 -33.32
-0.82 -33.32
-0.82 -33.32
-0.64 -33.32
-0.64 -33.32
-0.64 -33.32
-0.46 -33.32
-0.46 -33.32
-0.46 -33.32
-0.27 -33.32
-0.27 -33.32
-0.27 -33.32
-0.09 -33.32
-0.09 -33.32
-0.09 -33.32
0.09 -33.32
0.09 -33.32
0.09 -33.32
0.27 -33.32
0.27 -33.32
0.27 -33.32
0.46 -33.32
0.46 -33.32
0.46 -33.32
0.64 -33.32
0.64 -33.32
0.64 -33.32
0.82 -33.32
0.82 -33.32
0.82 -33.32
1.00 -33.32
1.00 -33.32
1.00 -33.32
1.19 -33.32
1.19 -33.32
1.19 -33.32
1.37 -33.32
1.37 -33.32
1.37 -33.32
1.55 -33.32
1.55 -33.32
1.55 -33.32
1.73 -33.32
1.73 -33.32
1.73 -33.32
1.92 -33.32
1.92 -33.32
1.92 -33.32
2.10 -33.32
2.10 -33.32
2.10 -33.32
2.28 -33.32
2.28 -33.32
2.28 -33.32
-2.83 -33.14
-2.83 -33.14
-2.83 -33.14
-2.46 -33.14
-2.46 -33.14
-2.46 -33.14
-2.28 -33.14
-2.28 -33.14
-2.28 -33.14
-1.00 -33.14
-1.00 -33.14
-1.00 -33.14
-0.82 -33.14
-0.82 -33.14
-0.82 -33.14
-0.64 -33.14
-0.64 -33.14
-0.64 -33.14
-0.46 -33.14
-0.46 -33.14
-0.46 -33.14
-0.27 -33.14
-0.27 -33.14
-0.27 -33.14
-0.09 -33.14
-0.09 -33.14
-0.09 -33.14
0.09 -33.14
0.09 -33.14
0.09 -33.14
0.27 -33.14
0.27 -33.14
0.27 -33.14
0.46 -33.14
0.46 -33.14
0.46 -33.14
0.64 -33.14
0.64 -33.14
0.64 -33.14
0.82 -33.14
0.82 -33.14
0.82 -33.14
1.00 -33.14
1.00 -33.14
1.00 -33.14
1.19 -33.14
1.19 -33.14
1.19 -33.14
1.37 -33.14
1.37 -33.14
1.37 -33.14
1.55 -33.14
1.55 -33.14
1.55 -33.14
1.73 -33.14
1.73 -33.14
1.73 -33.14
1.92 -33.14
1.92 -33.14
1.92 -33.14
2.10 -33.14
2.10 -33.14
2.10 -33.14
2.28 -33.14
2.28 -33.14
2.28 -33.14
-3.01 -32.96
-3.01 -32.96
-3.01 -32.96
-2.83 -32.96
-2.83 -32.96
-2.83 -32.96
-2.65 -32.96
-2.65 -32.96
-2.65 -32.96
-2.28 -32.96
-2.28 -32.96
-2.28 -32.96
-2.10 -32.96
-2.10 -32.96
-2.10 -32.96
-1.92 -32.96
-1.92 -32.96
-1.92 -32.96
-1.73 -32.96
-1.73 -32.96
-1.73 -32.96
-1.55 -32.96
-1.55 -32.96
-1.55 -32.96
-1.37 -32.96
-1.37 -32.96
-1.37 -32.96
-1.19 -32.96
-1.19 -32.96
-1.19 -32.96
-1.00 -32.96
-1.00 -32.96
-1.00 -32.96
-0.82 -32.96
-0.82 -32.96
-0.82 -32.96
-0.64 -32.96
-0.64 -32.96
-0.64 -32.96
-0.46 -32.96
-0.46 -32.96
-0.46 -32.96
-0.27 -32.96
-0.27 -32.96
-0.27 -32.96
-0.09 -32.96
-0.09 -32.96
-0.09 -32.96
0.09 -32.96
0.09 -32.96
0.09 -32.96
0.27 -32.96
0.27 -32.96
0.27 -32.96
0.46 -32.96
0.46 -32.96
0.46 -32.96
0.64 -32.96
0.64 -32.96
0.64 -32.96
0.82 -32.96
0.82 -32.96
0.82 -32.96
1.00 -32.96
1.00 -32.96
1.00 -32.96
1.19 -32.96
1.19 -32.96
1.19 -32.96
1.37 -32.96
1.37 -32.96
1.37 -32.96
1.55 -32.96
1.55 -32.96
1.55 -32.96
1.73 -32.96
1.73 -32.96
1.73 -32.96
1.92 -32.96
1.92 -32.96
1.92 -32.96
2.10 -32.96
2.10 -32.96
2.10 -32.96
2.28 -32.96
2.28 -32.96
2.28 -32.96
-2.83 -32.77
-2.83 -32.77
-2.83 -32.77
-2.65 -32.77
-2.65 -32.77
-2.65 -32.77
-2.46 -32.77
-2.46 -32.77
-2.46 -32.77
-2.28 -32.77
-2.28 -32.77
-2.28 -32.77
-1.00 -32.77
-1.00 -32.77
-1.00 -32.77
-0.82 -32.77
-0.82 -32.77
-0.82 -32.77
-0.64 -32.77
-0.64 -32.77
-0.64 -32.77
-0.46 -32.77
-0.46 -32.77
-0.46 -32.77
-0.27 -32.77
-0.27 -32.77
-0.27 -32.77
-0.09 -32.77
-0.09 -32.77
-0.09 -32.77
0.09 -32.77
0.09 -32.77
0.09 -32.77
0.27 -32.77
0.27 -32.77
0.27 -32.77
0.46 -32.77
0.46 -32.77
0.46 -32.77
0.64 -32.77
0.64 -32.77
0.64 -32.77
0.82 -32.77
0.82 -32.77
0.82 -32.77
1.19 -32.77
1.19 -32.77
1.19 -32.77
1.92 -32.77
1.92 -32.77
1.92 -32.77
2.10 -32.77
2.10 -32.77
2.10 -32.77
2.28 -32.77
2.28 -32.77
2.28 -32.77
-3.01 -32.59
-3.01 -32.59
-3.01 -32.59
-2.83 -32.59
-2.83 -32.59
-2.83 -32.59
-1.37 -32.59
-1.37 -32.59
-1.37 -32.59
-1.19 -32.59
-1.19 -32.59
-1.19 -32.59
-1.00 -32.59
-1.00 -32.59
-1.00 -32.59
-0.82 -32.59
-0.82 -32.59
-0.82 -32.59
-0.64 -32.59
-0.64 -32.59
-0.64 -32.59
-0.46 -32.59
-0.46 -32.59
-0.46 -32.59
-0.27 -32.59
-0.27 -32.59
-0.27 -32.59
-0.09 -32.59
-0.09 -32.59
-0.09 -32.59
0.09 -32.59
0.09 -32.59
0.09 -32.59
0.27 -32.59
0.27 -32.59
0.27 -32.59
0.46 -32.59
0.46 -32.59
0.46 -32.59
0.64 -32.59
0.64 -32.59
0.64 -32.59
0.82 -32.59
0.82 -32.59
0.82 -32.59
1.37 -32.59
1.37 -32.59
1.37 -32.59
1.55 -32.59
1.55 -32.59
1.55 -32.59
1.73 -32.59
1.73 -32.59
1.73 -32.59
-3.01 -32.41
-3.01 -32.41
-3.01 -32.41
-2.83 -32.41
-2.83 -32.41
-2.83 -32.41
-2.65 -32.41
-2.65 -32.41
-2.65 -32.41
-2.46 -32.41
-2.46 -32.41
-2.46 -32.41
-2.28 -32.41
-2.28 -32.41
-2.28 -32.41
-1.73 -32.41
-1.73 -32.41
-1.73 -32.41
-1.55 -32.41
-1.55 -32.41
-1.55 -32.41
-1.37 -32.41
-1.37 -32.41
-1.37 -32.41
-1.19 -32.41
-1.19 -32.41
-1.19 -32.41
-1.00 -32.41
-1.00 -32.41
-1.00 -32.41
-0.82 -32.41
-0.82 -32.41
-0.82 -32.41
-0.64 -32.41
-0.64 -32.41
-0.64 -32.41
-0.46 -32.41
-0.46 -32.41
-0.46 -32.41
-0.27 -32.41
-0.27 -32.41
-0.27 -32.41
-0.09 -32.41
-0.09 -32.41
-0.09 -32.41
0.09 -32.41
0.09 -32.41
0.09 -32.41
0.27 -32.41
0.27 -32.41
0.27 -32.41
0.46 -32.41
0.46 -32.41
0.46 -32.41
0.64 -32.41
0.64 -32.41
0.64 -32.41
0.82 -32.41
0.82 -32.41
0.82 -32.41
1.00 -32.41
1.00 -32.41
1.00 -32.41
1.37 -32.41
1.37 -32.41
1.37 -32.41
1.73 -32.41
1.73 -32.41
1.73 -32.41
1.92 -32.41
1.92 -32.41
1.92 -32.41
2.10 -32.41
2.10 -32.41
2.10 -32.41
2.28 -32.41
2.28 -32.41
2.28 -32.41
-3.56 -32.22
-3.56 -32.22
-3.56 -32.22
-3.38 -32.22
-3.38 -32.22
-3.38 -32.22
-2.10 -32.22
-2.10 -32.22
-2.10 -32.22
-1.92 -32.22
-1.92 -32.22
-1.92 -32.22
-1.73 -32.22
-1.73 -32.22
-1.73 -32.22
-1.55 -32.22
-1.55 -32.22
-1.55 -32.22
-1.37 -32.22
-1.37 -32.22
-1.37 -32.22
-0.27 -32.22
-0.27 -32.22
-0.27 -32.22
-0.09 -32.22
-0.09 -32.22
-0.09 -32.22
0.09 -32.22
0.09 -32.22
0.09 -32.22
0.27 -32.22
0.27 -32.22
0.27 -32.22
0.46 -32.22
0.46 -32.22
0.46 -32.22
0.64 -32.22
0.64 -32.22
0.64 -32.22
1.00 -32.22
1.00 -32.22
1.00 -32.22
1.19 -32.22
1.19 -32.22
1.19 -32.22
1.37 -32.22
1.37 -32.22
1.37 -32.22
-3.93 -32.04
-3.93 -32.04
-3.93 -32.04
-3.38 -32.04
-3.38 -32.04
-3.38 -32.04
-3.20 -32.04
-3.20 -32.04
-3.20 -32.04
-3.01 -32.04
-3.01 -32.04
-3.01 -32.04
-2.83 -32.04
-2.83 -32.04
-2.83 -32.04
-2.65 -32.04
-2.65 -32.04
-2.65 -32.04
-2.46 -32.04
-2.46 -32.04
-2.46 -32.04
-2.28 -32.04
-2.28 -32.04
-2.28 -32.04
-2.10 -32.04
-2.10 -32.04
-2.10 -32.04
-1.92 -32.04
-1.92 -32.04
-1.92 -32.04
-0.09 -32.04
-0.09 -32.04
-0.09 -32.04
0.09 -32.04
0.09 -32.04
0.09 -32.04
0.27 -32.04
0.27 -32.04
0.27 -32.04
0.46 -32.04
0.46 -32.04
0.46 -32.04
0.64 -32.04
0.64 -32.04
0.64 -32.04
0.82 -32.04
0.82 -32.04
0.82 -32.04
1.00 -32.04
1.00 -32.04
1.00 -32.04
1.19 -32.04
1.19 -32.04
1.19 -32.04
1.37 -32.04
1.37 -32.04
1.37 -32.04
1.55 -32.04
1.55 -32.04
1.55 -32.04
-3.74 -31.86
-3.74 -31.86
-3.74 -31.86
-2.65 -31.86
-2.65 -31.86
-2.65 -31.86
-2.46 -31.86
-2.46 -31.86
-2.46 -31.86
-2.28 -31.86
-2.28 -31.86
-2.28 -31.86
-1.00 -31.86
-1.00 -31.86
-1.00 -31.86
-0.82 -31.86
-0.82 -31.86
-0.82 -31.86
-0.64 -31.86
-0.64 -31.86
-0.64 -31.86
-0.46 -31.86
-0.46 -31.86
-0.46 -31.86
-0.27 -31.86
-0.27 -31.86
-0.27 -31.86
-0.09 -31.86
-0.09 -31.86
-0.09 -31.86
0.09 -31.86
0.09 -31.86
0.09 -31.86
1.19 -31.86
1.19 -31.86
1.19 -31.86
-3.93 -31.68
-3.93 -31.68
-3.93 -31.68
-3.74 -31.68
-3.74 -31.68
-3.74 -31.68
-3.56 -31.68
-3.56 -31.68
-3.56 -31.68
-2.83 -31.68
-2.83 -31.68
-2.83 -31.68
-2.65 -31.68
-2.65 -31.68
-2.65 -31.68
-2.46 -31.68
-2.46 -31.68
-2.46 -31.68
-1.19 -31.68
-1.19 -31.68
-1.19 -31.68
-1.00 -31.68
-1.00 -31.68
-1.00 -31.68
-0.82 -31.68
-0.82 -31.68
-0.82 -31.68
-0.64 -31.68
-0.64 -31.68
-0.64 -31.68
-0.46 -31.68
-0.46 -31.68
-0.46 -31.68
-0.27 -31.68
-0.27 -31.68
-0.27 -31.68
-0.09 -31.68
-0.09 -31.68
-0.09 -31.68
0.09 -31.68
0.09 -31.68
0.09 -31.68
1.37 -31.68
1.37 -31.68
1.37 -31.68
1.55 -31.68
1.55 -31.68
1.55 -31.68
-3.74 -31.49
-3.74 -31.49
-3.74 -31.49
-3.56 -31.49
-3.56 -31.49
-3.56 -31.49
-3.20 -31.49
-3.20 -31.49
-3.20 -31.49
-3.01 -31.49
-3.01 -31.49
-3.01 -31.49
-2.28 -31.49
-2.28 -31.49
-2.28 -31.49
-1.73 -31.49
-1.73 -31.49
-1.73 -31.49
-1.55 -31.49
-1.55 -31.49
-1.55 -31.49
-1.37 -31.49
-1.37 -31.49
-1.37 -31.49
-1.19 -31.49
-1.19 -31.49
-1.19 -31.49
-1.00 -31.49
-1.00 -31.49
-1.00 -31.49
-0.82 -31.49
-0.82 -31.49
-0.82 -31.49
-0.64 -31.49
-0.64 -31.49
-0.64 -31.49
-0.46 -31.49
-0.46 -31.49
-0.46 -31.49
-0.27 -31.49
-0.27 -31.49
-0.27 -31.49
-0.09 -31.49
-0.09 -31.49
-0.09 -31.49
0.09 -31.49
0.09 -31.49
0.09 -31.49
-3.93 -31.31
-3.93 -31.31
-3.93 -31.31
-3.56 -31.31
-3.56 -31.31
-3.56 -31.31
-3.38 -31.31
-3.38 -31.31
-3.38 -31.31
-1.73 -31.31
-1.73 -31.31
-1.73 -31.31
-1.55 -31.31
-1.55 -31.31
-1.55 -31.31
-1.37 -31.31
-1.37 -31.31
-1.37 -31.31
-1.19 -31.31
-1.19 -31.31
-1.19 -31.31
-0.27 -31.31
-0.27 -31.31
-0.27 -31.31
-0.09 -31.31
-0.09 -31.31
-0.09 -31.31
0.09 -31.31
0.09 -31.31
0.09 -31.31
0.27 -31.31
0.27 -31.31
0.27 -31.31
0.46 -31.31
0.46 -31.31
0.46 -31.31
-3.74 -31.13
-3.74 -31.13
-3.74 -31.13
-2.65 -31.13
-2.65 -31.13
-2.65 -31.13
-2.46 -31.13
-2.46 -31.13
-2.46 -31.13
-2.28 -31.13
-2.28 -31.13
-2.28 -31.13
-0.64 -31.13
-0.64 -31.13
-0.64 -31.13
-0.09 -31.13
-0.09 -31.13
-0.09 -31.13
0.46 -31.13
0.46 -31.13
0.46 -31.13
-3.74 -30.95
-3.74 -30.95
-3.74 -30.95
-2.65 -30.95
-2.65 -30.95
-2.65 -30.95
-2.46 -30.95
-2.46 -30.95
-2.46 -30.95
-2.28 -30.95
-2.28 -30.95
-2.28 -30.95
-0.82 -30.95
-0.82 -30.95
-0.82 -30.95
-0.64 -30.95
-0.64 -30.95
-0.64 -30.95
-0.09 -30.95
-0.09 -30.95
-0.09 -30.95
-3.93 -30.76
-3.93 -30.76
-3.93 -30.76
-1.19 -30.76
-1.19 -30.76
-1.19 -30.76
-1.00 -30.76
-1.00 -30.76
-1.00 -30.76
-0.82 -30.76
-0.82 -30.76
-0.82 -30.76
-0.46 -30.76
-0.46 -30.76
-0.46 -30.76
-0.27 -30.76
-0.27 -30.76
-0.27 -30.76
-3.74 -30.58
-3.74 -30.58
-3.74 -30.58
-3.56 -30.58
-3.56 -30.58
-3.56 -30.58
-3.38 -30.58
-3.38 -30.58
-3.38 -30.58
-3.20 -30.58
-3.20 -30.58
-3.20 -30.58
-1.73 -30.58
-1.73 -30.58
-1.73 -30.58
-1.55 -30.58
-1.55 -30.58
-1.55 -30.58
-1.37 -30.58
-1.37 -30.58
-1.37 -30.58
-1.19 -30.58
-1.19 -30.58
-1.19 -30.58
-1.00 -30.58
-1.00 -30.58
-1.00 -30.58
-0.82 -30.58
-0.82 -30.58
-0.82 -30.58
-0.46 -30.58
-0.46 -30.58
-0.46 -30.58
-4.84 -30.40
-4.84 -30.40
-4.84 -30.40
-4.29 -30.40
-4.29 -30.40
-4.29 -30.40
-4.11 -30.40
-4.11 -30.40
-4.11 -30.40
-3.56 -30.40
-3.56 -30.40
-3.56 -30.40
-3.38 -30.40
-3.38 -30.40
-3.38 -30.40
-3.20 -30.40
-3.20 -30.40
-3.20 -30.40
-3.01 -30.40
-3.01 -30.40
-3.01 -30.40
-2.83 -30.40
-2.83 -30.40
-2.83 -30.40
-2.65 -30.40
-2.65 -30.40
-2.65 -30.40
-2.46 -30.40
-2.46 -30.40
-2.46 -30.40
-2.28 -30.40
-2.28 -30.40
-2.28 -30.40
-1.55 -30.40
-1.55 -30.40
-1.55 -30.40
-1.37 -30.40
-1.37 -30.40
-1.37 -30.40
-1.19 -30.40
-1.19 -30.40
-1.19 -30.40
-0.09 -30.40
-0.09 -30.40
-0.09 -30.40
-4.84 -30.22
-4.84 -30.22
-4.84 -30.22
-4.47 -30.22
-4.47 -30.22
-4.47 -30.22
-3.93 -30.22
-3.93 -30.22
-3.93 -30.22
-3.56 -30.22
-3.56 -30.22
-3.56 -30.22
-3.38 -30.22
-3.38 -30.22
-3.38 -30.22
-3.20 -30.22
-3.20 -30.22
-3.20 -30.22
-3.01 -30.22
-3.01 -30.22
-3.01 -30.22
-2.83 -30.22
-2.83 -30.22
-2.83 -30.22
-2.65 -30.22
-2.65 -30.22
-2.65 -30.22
-2.46 -30.22
-2.46 -30.22
-2.46 -30.22
-2.28 -30.22
-2.28 -30.22
-2.28 -30.22
-0.64 -30.22
-0.64 -30.22
-0.64 -30.22
-4.84 -30.03
-4.84 -30.03
-4.84 -30.03
-4.66 -30.03
-4.66 -30.03
-4.66 -30.03
-4.29 -30.03
-4.29 -30.03
-4.29 -30.03
-3.56 -30.03
-3.56 -30.03
-3.56 -30.03
-3.38 -30.03
-3.38 -30.03
-3.38 -30.03
-3.20 -30.03
-3.20 -30.03
-3.20 -30.03
-3.01 -30.03
-3.01 -30.03
-3.01 -30.03
-2.83 -30.03
-2.83 -30.03
-2.83 -30.03
-2.65 -30.03
-2.65 -30.03
-2.65 -30.03
-2.46 -30.03
-2.46 -30.03
-2.46 -30.03
-2.28 -30.03
-2.28 -30.03
-2.28 -30.03
-2.10 -30.03
-2.10 -30.03
-2.10 -30.03
-1.92 -30.03
-1.92 -30.03
-1.92 -30.03
-0.27 -30.03
-0.27 -30.03
-0.27 -30.03
-0.09 -30.03
-0.09 -30.03
-0.09 -30.03
-4.66 -29.85
-4.66 -29.85
-4.66 -29.85
-4.29 -29.85
-4.29 -29.85
-4.29 -29.85
-3.93 -29.85
-3.93 -29.85
-3.93 -29.85
-3.56 -29.85
-3.56 -29.85
-3.56 -29.85
-3.38 -29.85
-3.38 -29.85
-3.38 -29.85
-3.20 -29.85
-3.20 -29.85
-3.20 -29.85
-3.01 -29.85
-3.01 -29.85
-3.01 -29.85
-2.28 -29.85
-2.28 -29.85
-2.28 -29.85
-2.10 -29.85
-2.10 -29.85
-2.10 -29.85
-1.92 -29.85
-1.92 -29.85
-1.92 -29.85
-1.73 -29.85
-1.73 -29.85
-1.73 -29.85
-1.55 -29.85
-1.55 -29.85
-1.55 -29.85
-1.37 -29.85
-1.37 -29.85
-1.37 -29.85
-1.19 -29.85
-1.19 -29.85
-1.19 -29.85
-0.46 -29.85
-0.46 -29.85
-0.46 -29.85
-0.27 -29.85
-0.27 -29.85
-0.27 -29.85
-0.09 -29.85
-0.09 -29.85
-0.09 -29.85
-4.84 -29.67
-4.84 -29.67
-4.84 -29.67
-4.66 -29.67
-4.66 -29.67
-4.66 -29.67
-4.29 -29.67
-4.29 -29.67
-4.29 -29.67
-3.56 -29.67
-3.56 -29.67
-3.56 -29.67
-3.38 -29.67
-3.38 -29.67
-3.38 -29.67
-3.20 -29.67
-3.20 -29.67
-3.20 -29.67
-3.01 -29.67
-3.01 -29.67
-3.01 -29.67
-2.10 -29.67
-2.10 -29.67
-2.10 -29.67
-1.00 -29.67
-1.00 -29.67
-1.00 -29.67
-0.82 -29.67
-0.82 -29.67
-0.82 -29.67
-0.64 -29.67
-0.64 -29.67
-0.64 -29.67
-0.27 -29.67
-0.27 -29.67
-0.27 -29.67
-4.29 -29.49
-4.29 -29.49
-4.29 -29.49
-4.11 -29.49
-4.11 -29.49
-4.11 -29.49
-3.93 -29.49
-3.93 -29.49
-3.93 -29.49
-3.74 -29.49
-3.74 -29.49
-3.74 -29.49
-3.56 -29.49
-3.56 -29.49
-3.56 -29.49
-3.38 -29.49
-3.38 -29.49
-3.38 -29.49
-3.20 -29.49
-3.20 -29.49
-3.20 -29.49
-3.01 -29.49
-3.01 -29.49
-3.01 -29.49
-1.92 -29.49
-1.92 -29.49
-1.92 -29.49
-1.55 -29.49
-1.55 -29.49
-1.55 -29.49
-1.37 -29.49
-1.37 -29.49
-1.37 -29.49
-1.19 -29.49
-1.19 -29.49
-1.19 -29.49
-1.00 -29.49
-1.00 -29.49
-1.00 -29.49
-4.84 -29.30
-4.84 -29.30
-4.84 -29.30
-3.93 -29.30
-3.93 -29.30
-3.93 -29.30
-3.74 -29.30
-3.74 -29.30
-3.74 -29.30
-3.56 -29.30
-3.56 -29.30
-3.56 -29.30
-3.38 -29.30
-3.38 -29.30
-3.38 -29.30
-3.20 -29.30
-3.20 -29.30
-3.20 -29.30
-3.01 -29.30
-3.01 -29.30
-3.01 -29.30
-1.92 -29.30
-1.92 -29.30
-1.92 -29.30
-1.19 -29.30
-1.19 -29.30
-1.19 -29.30
-4.84 -29.12
-4.84 -29.12
-4.84 -29.12
-4.66 -29.12
-4.66 -29.12
-4.66 -29.12
-4.47 -29.12
-4.47 -29.12
-4.47 -29.12
-3.93 -29.12
-3.93 -29.12
-3.93 -29.12
-3.74 -29.12
-3.74 -29.12
-3.74 -29.12
-3.56 -29.12
-3.56 -29.12
-3.56 -29.12
-3.38 -29.12
-3.38 -29.12
-3.38 -29.12
-3.20 -29.12
-3.20 -29.12
-3.20 -29.12
-3.01 -29.12
-3.01 -29.12
-3.01 -29.12
-2.83 -29.12
-2.83 -29.12
-2.83 -29.12
-2.65 -29.12
-2.65 -29.12
-2.65 -29.12
-2.46 -29.12
-2.46 -29.12
-2.46 -29.12
-2.28 -29.12
-2.28 -29.12
-2.28 -29.12
-2.10 -29.12
-2.10 -29.12
-2.10 -29.12
-1.92 -29.12
-1.92 -29.12
-1.92 -29.12
-1.19 -29.12
-1.19 -29.12
-1.19 -29.12
-1.00 -29.12
-1.00 -29.12
-1.00 -29.12
-3.74 -28.94
-3.74 -28.94
-3.74 -28.94
-3.56 -28.94
-3.56 -28.94
-3.56 -28.94
-3.38 -28.94
-3.38 -28.94
-3.38 -28.94
-3.20 -28.94
-3.20 -28.94
-3.20 -28.94
-3.01 -28.94
-3.01 -28.94
-3.01 -28.94
-2.83 -28.94
-2.83 -28.94
-2.83 -28.94
-2.65 -28.94
-2.65 -28.94
-2.65 -28.94
-2.46 -28.94
-2.46 -28.94
-2.46 -28.94
-2.28 -28.94
-2.28 -28.94
-2.28 -28.94
-2.10 -28.94
-2.10 -28.94
-2.10 -28.94
-1.92 -28.94
-1.92 -28.94
-1.92 -28.94
-1.55 -28.94
-1.55 -28.94
-1.55 -28.94
-1.37 -28.94
-1.37 -28.94
-1.37 -28.94
-1.00 -28.94
-1.00 -28.94
-1.00 -28.94
-0.46 -28.94
-0.46 -28.94
-0.46 -28.94
-2.83 -28.76
-2.83 -28.76
-2.83 -28.76
-2.65 -28.76
-2.65 -28.76
-2.65 -28.76
-2.46 -28.76
-2.46 -28.76
-2.46 -28.76
-2.28 -28.76
-2.28 -28.76
-2.28 -28.76
-1.55 -28.76
-1.55 -28.76
-1.55 -28.76
-0.82 -28.76
-0.82 -28.76
-0.82 -28.76
-0.64 -28.76
-0.64 -28.76
-0.64 -28.76
-0.46 -28.76
-0.46 -28.76
-0.46 -28.76
-0.27 -28.76
-0.27 -28.76
-0.27 -28.76
-4.29 -28.57
-4.29 -28.57
-4.29 -28.57
-4.11 -28.57
-4.11 -28.57
-4.11 -28.57
-2.65 -28.57
-2.65 -28.57
-2.65 -28.57
-2.46 -28.57
-2.46 -28.57
-2.46 -28.57
-2.28 -28.57
-2.28 -28.57
-2.28 -28.57
-1.92 -28.57
-1.92 -28.57
-1.92 -28.57
-1.73 -28.57
-1.73 -28.57
-1.73 -28.57
-1.19 -28.57
-1.19 -28.57
-1.19 -28.57
-1.00 -28.57
-1.00 -28.57
-1.00 -28.57
-0.82 -28.57
-0.82 -28.57
-0.82 -28.57
-0.64 -28.57
-0.64 -28.57
-0.64 -28.57
-0.46 -28.57
-0.46 -28.57
-0.46 -28.57
-4.66 -28.39
-4.66 -28.39
-4.66 -28.39
-4.29 -28.39
-4.29 -28.39
-4.29 -28.39
-4.11 -28.39
-4.11 -28.39
-4.11 -28.39
-3.74 -28.39
-3.74 -28.39
-3.74 -28.39
-3.01 -28.39
-3.01 -28.39
-3.01 -28.39
-2.83 -28.39
-2.83 -28.39
-2.83 -28.39
-2.65 -28.39
-2.65 -28.39
-2.65 -28.39
-2.46 -28.39
-2.46 -28.39
-2.46 -28.39
-2.28 -28.39
-2.28 -28.39
-2.28 -28.39
-2.10 -28.39
-2.10 -28.39
-2.10 -28.39
-1.92 -28.39
-1.92 -28.39
-1.92 -28.39
-1.73 -28.39
-1.73 -28.39
-1.73 -28.39
-1.55 -28.39
-1.55 -28.39
-1.55 -28.39
-1.37 -28.39
-1.37 -28.39
-1.37 -28.39
-1.19 -28.39
-1.19 -28.39
-1.19 -28.39
-1.00 -28.39
-1.00 -28.39
-1.00 -28.39
-0.82 -28.39
-0.82 -28.39
-0.82 -28.39
-0.46 -28.39
-0.46 -28.39
-0.46 -28.39
-4.66 -28.21
-4.66 -28.21
-4.66 -28.21
-4.29 -28.21
-4.29 -28.21
-4.29 -28.21
-4.11 -28.21
-4.11 -28.21
-4.11 -28.21
-3.74 -28.21
-3.74 -28.21
-3.74 -28.21
-3.20 -28.21
-3.20 -28.21
-3.20 -28.21
-3.01 -28.21
-3.01 -28.21
-3.01 -28.21
-2.83 -28.21
-2.83 -28.21
-2.83 -28.21
-2.10 -28.21
-2.10 -28.21
-2.10 -28.21
-1.92 -28.21
-1.92 -28.21
-1.92 -28.21
-1.73 -28.21
-1.73 -28.21
-1.73 -28.21
-1.55 -28.21
-1.55 -28.21
-1.55 -28.21
-1.37 -28.21
-1.37 -28.21
-1.37 -28.21
-0.64 -28.21
-0.64 -28.21
-0.64 -28.21
-0.46 -28.21
-0.46 -28.21
-0.46 -28.21
-4.84 -28.03
-4.84 -28.03
-4.84 -28.03
-4.66 -28.03
-4.66 -28.03
-4.66 -28.03
-4.29 -28.03
-4.29 -28.03
-4.29 -28.03
-4.11 -28.03
-4.11 -28.03
-4.11 -28.03
-3.74 -28.03
-3.74 -28.03
-3.74 -28.03
-3.56 -28.03
-3.56 -28.03
-3.56 -28.03
-3.38 -28.03
-3.38 -28.03
-3.38 -28.03
-3.20 -28.03
-3.20 -28.03
-3.20 -28.03
-3.01 -28.03
-3.01 -28.03
-3.01 -28.03
-2.83 -28.03
-2.83 -28.03
-2.83 -28.03
-2.10 -28.03
-2.10 -28.03
-2.10 -28.03
-1.92 -28.03
-1.92 -28.03
-1.92 -28.03
-1.73 -28.03
-1.73 -28.03
-1.73 -28.03
-0.27 -28.03
-0.27 -28.03
-0.27 -28.03
-5.75 -27.84
-5.75 -27.84
-5.75 -27.84
-5.57 -27.84
-5.57 -27.84
-5.57 -27.84
-5.39 -27.84
-5.39 -27.84
-5.39 -27.84
-5.20 -27.84
-5.20 -27.84
-5.20 -27.84
-4.84 -27.84
-4.84 -27.84
-4.84 -27.84
-4.29 -27.84
-4.29 -27.84
-4.29 -27.84
-4.11 -27.84
-4.11 -27.84
-4.11 -27.84
-3.74 -27.84
-3.74 -27.84
-3.74 -27.84
-3.56 -27.84
-3.56 -27.84
-3.56 -27.84
-3.38 -27.84
-3.38 -27.84
-3.38 -27.84
-3.20 -27.84
-3.20 -27.84
-3.20 -27.84
-3.01 -27.84
-3.01 -27.84
-3.01 -27.84
-2.83 -27.84
-2.83 -27.84
-2.83 -27.84
-2.65 -27.84
-2.65 -27.84
-2.65 -27.84
-2.46 -27.84
-2.46 -27.84
-2.46 -27.84
-2.28 -27.84
-2.28 -27.84
-2.28 -27.84
-0.64 -27.84
-0.64 -27.84
-0.64 -27.84
-0.46 -27.84
-0.46 -27.84
-0.46 -27.84
-0.27 -27.84
-0.27 -27.84
-0.27 -27.84
-5.75 -27.66
-5.75 -27.66
-5.75 -27.66
-4.29 -27.66
-4.29 -27.66
-4.29 -27.66
-4.11 -27.66
-4.11 -27.66
-4.11 -27.66
-3.74 -27.66
-3.74 -27.66
-3.74 -27.66
-3.56 -27.66
-3.56 -27.66
-3.56 -27.66
-3.38 -27.66
-3.38 -27.66
-3.38 -27.66
-3.20 -27.66
-3.20 -27.66
-3.20 -27.66
-3.01 -27.66
-3.01 -27.66
-3.01 -27.66
-2.83 -27.66
-2.83 -27.66
-2.83 -27.66
-1.19 -27.66
-1.19 -27.66
-1.19 -27.66
-1.00 -27.66
-1.00 -27.66
-1.00 -27.66
-0.82 -27.66
-0.82 -27.66
-0.82 -27.66
-0.64 -27.66
-0.64 -27.66
-0.64 -27.66
-5.20 -27.48
-5.20 -27.48
-5.20 -27.48
-5.02 -27.48
-5.02 -27.48
-5.02 -27.48
-4.84 -27.48
-4.84 -27.48
-4.84 -27.48
-4.66 -27.48
-4.66 -27.48
-4.66 -27.48
-4.47 -27.48
-4.47 -27.48
-4.47 -27.48
-3.74 -27.48
-3.74 -27.48
-3.74 -27.48
-3.56 -27.48
-3.56 -27.48
-3.56 -27.48
-3.38 -27.48
-3.38 -27.48
-3.38 -27.48
-3.20 -27.48
-3.20 -27.48
-3.20 -27.48
-1.37 -27.48
-1.37 -27.48
-1.37 -27.48
-1.19 -27.48
-1.19 -27.48
-1.19 -27.48
-1.00 -27.48
-1.00 -27.48
-1.00 -27.48
-0.82 -27.48
-0.82 -27.48
-0.82 -27.48
-0.64 -27.48
-0.64 -27.48
-0.64 -27.48
-0.46 -27.48
-0.46 -27.48
-0.46 -27.48
-0.27 -27.48
-0.27 -27.48
-0.27 -27.48
-5.02 -27.30
-5.02 -27.30
-5.02 -27.30
-4.84 -27.30
-4.84 -27.30
-4.84 -27.30
-4.66 -27.30
-4.66 -27.30
-4.66 -27.30
-4.47 -27.30
-4.47 -27.30
-4.47 -27.30
-3.93 -27.30
-3.93 -27.30
-3.93 -27.30
-3.56 -27.30
-3.56 -27.30
-3.56 -27.30
-3.38 -27.30
-3.38 -27.30
-3.38 -27.30
-3.20 -27.30
-3.20 -27.30
-3.20 -27.30
-1.37 -27.30
-1.37 -27.30
-1.37 -27.30
-1.19 -27.30
-1.19 -27.30
-1.19 -27.30
-1.00 -27.30
-1.00 -27.30
-1.00 -27.30
-0.82 -27.30
-0.82 -27.30
-0.82 -27.30
-0.46 -27.30
-0.46 -27.30
-0.46 -27.30
-5.02 -27.11
-5.02 -27.11
-5.02 -27.11
-4.84 -27.11
-4.84 -27.11
-4.84 -27.11
-4.66 -27.11
-4.66 -27.11
-4.66 -27.11
-4.47 -27.11
-4.47 -27.11
-4.47 -27.11
-4.11 -27.11
-4.11 -27.11
-4.11 -27.11
-3.93 -27.11
-3.93 -27.11
-3.93 -27.11
-3.74 -27.11
-3.74 -27.11
-3.74 -27.11
-3.56 -27.11
-3.56 -27.11
-3.56 -27.11
-3.38 -27.11
-3.38 -27.11
-3.38 -27.11
-3.20 -27.11
-3.20 -27.11
-3.20 -27.11
-3.01 -27.11
-3.01 -27.11
-3.01 -27.11
-2.46 -27.11
-2.46 -27.11
-2.46 -27.11
-2.28 -27.11
-2.28 -27.11
-2.28 -27.11
-2.10 -27.11
-2.10 -27.11
-2.10 -27.11
-1.92 -27.11
-1.92 -27.11
-1.92 -27.11
-1.73 -27.11
-1.73 -27.11
-1.73 -27.11
-1.55 -27.11
-1.55 -27.11
-1.55 -27.11
-0.46 -27.11
-0.46 -27.11
-0.46 -27.11
-0.27 -27.11
-0.27 -27.11
-0.27 -27.11
-5.02 -26.93
-5.02 -26.93
-5.02 -26.93
-4.84 -26.93
-4.84 -26.93
-4.84 -26.93
-4.47 -26.93
-4.47 -26.93
-4.47 -26.93
-4.11 -26.93
-4.11 -26.93
-4.11 -26.93
-3.38 -26.93
-3.38 -26.93
-3.38 -26.93
-3.20 -26.93
-3.20 -26.93
-3.20 -26.93
-3.01 -26.93
-3.01 -26.93
-3.01 -26.93
-2.83 -26.93
-2.83 -26.93
-2.83 -26.93
-2.46 -26.93
-2.46 -26.93
-2.46 -26.93
-2.28 -26.93
-2.28 -26.93
-2.28 -26.93
-2.10 -26.93
-2.10 -26.93
-2.10 -26.93
-1.92 -26.93
-1.92 -26.93
-1.92 -26.93
-1.73 -26.93
-1.73 -26.93
-1.73 -26.93
-1.37 -26.93
-1.37 -26.93
-1.37 -26.93
-1.00 -26.93
-1.00 -26.93
-1.00 -26.93
-0.27 -26.93
-0.27 -26.93
-0.27 -26.93
0.09 -26.93
0.09 -26.93
0.09 -26.93
0.27 -26.93
0.27 -26.93
0.27 -26.93
-4.66 -26.75
-4.66 -26.75
-4.66 -26.75
-3.74 -26.75
-3.74 -26.75
-3.74 -26.75
-2.83 -26.75
-2.83 -26.75
-2.83 -26.75
-2.65 -26.75
-2.65 -26.75
-2.65 -26.75
-1.37 -26.75
-1.37 -26.75
-1.37 -26.75
-1.00 -26.75
-1.00 -26.75
-1.00 -26.75
-0.82 -26.75
-0.82 -26.75
-0.82 -26.75
-0.27 -26.75
-0.27 -26.75
-0.27 -26.75
0.09 -26.75
0.09 -26.75
0.09 -26.75
0.27 -26.75
0.27 -26.75
0.27 -26.75
-5.02 -26.56
-5.02 -26.56
-5.02 -26.56
-4.66 -26.56
-4.66 -26.56
-4.66 -26.56
-4.29 -26.56
-4.29 -26.56
-4.29 -26.56
-4.11 -26.56
-4.11 -26.56
-4.11 -26.56
-3.74 -26.56
-3.74 -26.56
-3.74 -26.56
-3.56 -26.56
-3.56 -26.56
-3.56 -26.56
-2.10 -26.56
-2.10 -26.56
-2.10 -26.56
-1.73 -26.56
-1.73 -26.56
-1.73 -26.56
-1.55 -26.56
-1.55 -26.56
-1.55 -26.56
-0.27 -26.56
-0.27 -26.56
-0.27 -26.56
0.09 -26.56
0.09 -26.56
0.09 -26.56
0.27 -26.56
0.27 -26.56
0.27 -26.56
-5.02 -26.38
-5.02 -26.38
-5.02 -26.38
-4.47 -26.38
-4.47 -26.38
-4.47 -26.38
-4.11 -26.38
-4.11 -26.38
-4.11 -26.38
-3.93 -26.38
-3.93 -26.38
-3.93 -26.38
-3.56 -26.38
-3.56 -26.38
-3.56 -26.38
-2.10 -26.38
-2.10 -26.38
-2.10 -26.38
-0.27 -26.38
-0.27 -26.38
-0.27 -26.38
-0.09 -26.38
-0.09 -26.38
-0.09 -26.38
0.09 -26.38
0.09 -26.38
0.09 -26.38
0.27 -26.38
0.27 -26.38
0.27 -26.38
-4.84 -26.20
-4.84 -26.20
-4.84 -26.20
-4.29 -26.20
-4.29 -26.20
-4.29 -26.20
-3.93 -26.20
-3.93 -26.20
-3.93 -26.20
-3.74 -26.20
-3.74 -26.20
-3.74 -26.20
-3.38 -26.20
-3.38 -26.20
-3.38 -26.20
-3.20 -26.20
-3.20 -26.20
-3.20 -26.20
-3.01 -26.20
-3.01 -26.20
-3.01 -26.20
-2.28 -26.20
-2.28 -26.20
-2.28 -26.20
-2.10 -26.20
-2.10 -26.20
-2.10 -26.20
-0.82 -26.20
-0.82 -26.20
-0.82 -26.20
-0.27 -26.20
-0.27 -26.20
-0.27 -26.20
0.09 -26.20
0.09 -26.20
0.09 -26.20
-4.29 -26.02
-4.29 -26.02
-4.29 -26.02
-3.74 -26.02
-3.74 -26.02
-3.74 -26.02
-3.56 -26.02
-3.56 -26.02
-3.56 -26.02
-3.38 -26.02
-3.38 -26.02
-3.38 -26.02
-3.01 -26.02
-3.01 -26.02
-3.01 -26.02
-1.92 -26.02
-1.92 -26.02
-1.92 -26.02
-1.73 -26.02
-1.73 -26.02
-1.73 -26.02
-1.55 -26.02
-1.55 -26.02
-1.55 -26.02
-1.37 -26.02
-1.37 -26.02
-1.37 -26.02
-1.19 -26.02
-1.19 -26.02
-1.19 -26.02
-0.82 -26.02
-0.82 -26.02
-0.82 -26.02
-0.64 -26.02
-0.64 -26.02
-0.64 -26.02
-0.46 -26.02
-0.46 -26.02
-0.46 -26.02
0.46 -26.02
0.46 -26.02
0.46 -26.02
-1.00 -25.83
-1.00 -25.83
-1.00 -25.83
-0.82 -25.83
-0.82 -25.83
-0.82 -25.83
-0.64 -25.83
-0.64 -25.83
-0.64 -25.83
-0.46 -25.83
-0.46 -25.83
-0.46 -25.83
-0.27 -25.83
-0.27 -25.83
-0.27 -25.83
-0.09 -25.83
-0.09 -25.83
-0.09 -25.83
-1.73 -25.65
-1.73 -25.65
-1.73 -25.65
-1.00 -25.65
-1.00 -25.65
-1.00 -25.65
-0.46 -25.65
-0.46 -25.65
-0.46 -25.65
-0.27 -25.65
-0.27 -25.65
-0.27 -25.65
-0.09 -25.65
-0.09 -25.65
-0.09 -25.65
-0.82 -25.47
-0.82 -25.47
-0.82 -25.47
-0.46 -25.47
-0.46 -25.47
-0.46 -25.47
-0.27 -25.47
-0.27 -25.47
-0.27 -25.47
-0.09 -25.47
-0.09 -25.47
-0.09 -25.47
-0.64 -25.29
-0.64 -25.29
-0.64 -25.29
-0.46 -25.29
-0.46 -25.29
-0.46 -25.29
-0.27 -25.29
-0.27 -25.29
-0.27 -25.29
-0.09 -25.29
-0.09 -25.29
-0.09 -25.29
0.27 -25.29
0.27 -25.29
0.27 -25.29
0.46 -25.29
0.46 -25.29
0.46 -25.29
1.00 -25.29
1.00 -25.29
1.00 -25.29
-1.00 -25.10
-1.00 -25.10
-1.00 -25.10
-0.82 -25.10
-0.82 -25.10
-0.82 -25.10
-0.64 -25.10
-0.64 -25.10
-0.64 -25.10
-0.27 -25.10
-0.27 -25.10
-0.27 -25.10
-0.09 -25.10
-0.09 -25.10
-0.09 -25.10
1.19 -25.10
1.19 -25.10
1.19 -25.10
-0.27 -24.92
-0.27 -24.92
-0.27 -24.92
0.64 -24.92
0.64 -24.92
0.64 -24.92
0.82 -24.92
0.82 -24.92
0.82 -24.92
1.00 -24.92
1.00 -24.92
1.00 -24.92
-0.09 -24.74
-0.09 -24.74
-0.09 -24.74
0.09 -24.74
0.09 -24.74
0.09 -24.74
0.27 -24.74
0.27 -24.74
0.27 -24.74
0.64 -24.74
0.64 -24.74
0.64 -24.74
1.19 -24.74
1.19 -24.74
1.19 -24.74
-0.27 -24.56
-0.27 -24.56
-0.27 -24.56
0.82 -24.56
0.82 -24.56
0.82 -24.56
1.19 -24.56
1.19 -24.56
1.19 -24.56
0.09 -24.37
0.09 -24.37
0.09 -24.37
0.27 -24.37
0.27 -24.37
0.27 -24.37
0.46 -24.37
0.46 -24.37
0.46 -24.37
1.19 -24.37
1.19 -24.37
1.19 -24.37
0.09 -24.19
0.09 -24.19
0.09 -24.19
0.64 -24.19
0.64 -24.19
0.64 -24.19
0.82 -24.19
0.82 -24.19
0.82 -24.19
0.09 -24.01
0.09 -24.01
0.09 -24.01
0.46 -24.01
0.46 -24.01
0.46 -24.01
1.00 -24.01
1.00 -24.01
1.00 -24.01
0.46 -23.83
0.46 -23.83
0.46 -23.83
0.64 -23.83
0.64 -23.83
0.64 -23.83
1.00 -23.83
1.00 -23.83
1.00 -23.83
0.82 -23.64
0.82 -23.64
0.82 -23.64
1.19 -23.64
1.19 -23.64
1.19 -23.64
0.46 -23.46
0.46 -23.46
0.46 -23.46
0.64 -23.46
0.64 -23.46
0.64 -23.46
0.82 -23.46
0.82 -23.46
0.82 -23.46
1.00 -23.46
1.00 -23.46
1.00 -23.46
-15.25 7.76
-15.25 7.76
-15.25 7.76
-15.98 8.12
-15.98 8.12
-15.98 8.12
-15.43 8.12
-15.43 8.12
-15.43 8.12
-16.16 8.49
-16.16 8.49
-16.16 8.49
-15.61 8.49
-15.61 8.49
-15.61 8.49
-15.43 8.49
-15.43 8.49
-15.43 8.49
-15.25 8.49
-15.25 8.49
-15.25 8.49
-14.88 8.49
-14.88 8.49
-14.88 8.49
-14.70 8.49
-14.70 8.49
-14.70 8.49
-16.16 8.67
-16.16 8.67
-16.16 8.67
-15.98 8.67
-15.98 8.67
-15.98 8.67
-15.79 8.67
-15.79 8.67
-15.79 8.67
-15.61 8.67
-15.61 8.67
-15.61 8.67
-15.06 8.67
-15.06 8.67
-15.06 8.67
-14.70 8.67
-14.70 8.67
-14.70 8.67
-14.51 8.67
-14.51 8.67
-14.51 8.67
-16.16 8.85
-16.16 8.85
-16.16 8.85
-15.98 8.85
-15.98 8.85
-15.98 8.85
-15.79 8.85
-15.79 8.85
-15.79 8.85
-15.43 8.85
-15.43 8.85
-15.43 8.85
-15.25 8.85
-15.25 8.85
-15.25 8.85
-15.06 8.85
-15.06 8.85
-15.06 8.85
-14.51 8.85
-14.51 8.85
-14.51 8.85
-16.16 9.04
-16.16 9.04
-16.16 9.04
-15.61 9.04
-15.61 9.04
-15.61 9.04
-15.43 9.04
-15.43 9.04
-15.43 9.04
-15.06 9.04
-15.06 9.04
-15.06 9.04
-14.88 9.04
-14.88 9.04
-14.88 9.04
-14.51 9.04
-14.51 9.04
-14.51 9.04
-14.88 9.22
-14.88 9.22
-14.88 9.22
-15.25 9.40
-15.25 9.40
-15.25 9.40
-14.88 9.59
-14.88 9.59
-14.88 9.59
-14.51 9.59
-14.51 9.59
-14.51 9.59
-14.15 9.59
-14.15 9.59
-14.15 9.59
-13.78 9.59
-13.78 9.59
-13.78 9.59
-14.51 9.77
-14.51 9.77
-14.51 9.77
-14.15 9.77
-14.15 9.77
-14.15 9.77
-13.97 9.77
-13.97 9.77
-13.97 9.77
-13.78 9.77
-13.78 9.77
-13.78 9.77
-13.42 10.13
-13.42 10.13
-13.42 10.13
-13.24 10.13
-13.24 10.13
-13.24 10.13
-13.05 10.13
-13.05 10.13
-13.05 10.13
-13.60 10.32
-13.60 10.32
-13.60 10.32
-18.71 10.50
-18.71 10.50
-18.71 10.50
-18.53 10.50
-18.53 10.50
-18.53 10.50
-18.35 10.50
-18.35 10.50
-18.35 10.50
-17.98 10.50
-17.98 10.50
-17.98 10.50
-18.53 10.68
-18.53 10.68
-18.53 10.68
-18.17 10.68
-18.17 10.68
-18.17 10.68
-12.87 10.68
-12.87 10.68
-12.87 10.68
-18.71 10.86
-18.71 10.86
-18.71 10.86
-17.07 10.86
-17.07 10.86
-17.07 10.86
-16.89 10.86
-16.89 10.86
-16.89 10.86
-16.71 10.86
-16.71 10.86
-16.71 10.86
-16.34 10.86
-16.34 10.86
-16.34 10.86
-17.25 11.05
-17.25 11.05
-17.25 11.05
-17.07 11.05
-17.07 11.05
-17.07 11.05
-16.89 11.05
-16.89 11.05
-16.89 11.05
-16.71 11.05
-16.71 11.05
-16.71 11.05
-16.52 11.05
-16.52 11.05
-16.52 11.05
-16.34 11.05
-16.34 11.05
-16.34 11.05
-17.62 11.23
-17.62 11.23
-17.62 11.23
-17.44 11.23
-17.44 11.23
-17.44 11.23
-17.07 11.23
-17.07 11.23
-17.07 11.23
-16.71 11.23
-16.71 11.23
-16.71 11.23
-16.34 11.23
-16.34 11.23
-16.34 11.23
-11.23 11.23
-11.23 11.23
-11.23 11.23
-17.80 11.41
-17.80 11.41
-17.80 11.41
-17.44 11.41
-17.44 11.41
-17.44 11.41
-17.07 11.41
-17.07 11.41
-17.07 11.41
-16.89 11.41
-16.89 11.41
-16.89 11.41
-16.52 11.41
-16.52 11.41
-16.52 11.41
-11.23 11.41
-11.23 11.41
-11.23 11.41
-16.89 11.59
-16.89 11.59
-16.89 11.59
-16.52 11.59
-16.52 11.59
-16.52 11.59
-16.34 11.59
-16.34 11.59
-16.34 11.59
-11.23 11.59
-11.23 11.59
-11.23 11.59
-10.86 11.59
-10.86 11.59
-10.86 11.59
-10.68 11.59
-10.68 11.59
-10.68 11.59
-10.50 11.59
-10.50 11.59
-10.50 11.59
-17.07 11.78
-17.07 11.78
-17.07 11.78
-16.71 11.78
-16.71 11.78
-16.71 11.78
-11.05 11.78
-11.05 11.78
-11.05 11.78
-10.86 11.78
-10.86 11.78
-10.86 11.78
-9.95 11.78
-9.95 11.78
-9.95 11.78
-9.59 11.78
-9.59 11.78
-9.59 11.78
-17.07 11.96
-17.07 11.96
-17.07 11.96
-16.89 11.96
-16.89 11.96
-16.89 11.96
-16.71 11.96
-16.71 11.96
-16.71 11.96
-16.34 11.96
-16.34 11.96
-16.34 11.96
-11.23 11.96
-11.23 11.96
-11.23 11.96
-10.86 11.96
-10.86 11.96
-10.86 11.96
-10.68 11.96
-10.68 11.96
-10.68 11.96
-9.59 11.96
-9.59 11.96
-9.59 11.96
-9.77 12.14
-9.77 12.14
-9.77 12.14
-11.05 12.32
-11.05 12.32
-11.05 12.32
-9.77 12.32
-9.77 12.32
-9.77 12.32
-15.43 12.51
-15.43 12.51
-15.43 12.51
-15.25 12.51
-15.25 12.51
-15.25 12.51
-15.06 12.51
-15.06 12.51
-15.06 12.51
-14.70 12.51
-14.70 12.51
-14.70 12.51
-11.23 12.51
-11.23 12.51
-11.23 12.51
-10.32 12.51
-10.32 12.51
-10.32 12.51
-9.95 12.51
-9.95 12.51
-9.95 12.51
-15.06 12.69
-15.06 12.69
-15.06 12.69
-15.06 12.87
-15.06 12.87
-15.06 12.87
-15.43 13.05
-15.43 13.05
-15.43 13.05
-15.25 13.05
-15.25 13.05
-15.25 13.05
-15.06 13.05
-15.06 13.05
-15.06 13.05
-14.88 13.05
-14.88 13.05
-14.88 13.05
-15.25 13.24
-15.25 13.24
-15.25 13.24
-14.33 13.24
-14.33 13.24
-14.33 13.24
-14.15 13.24
-14.15 13.24
-14.15 13.24
-13.97 13.42
-13.97 13.42
-13.97 13.42
-13.24 13.42
-13.24 13.42
-13.24 13.42
-14.51 13.60
-14.51 13.60
-14.51 13.60
-14.33 13.60
-14.33 13.60
-14.33 13.60
-13.78 13.60
-13.78 13.60
-13.78 13.60
-13.42 13.60
-13.42 13.60
-13.42 13.60
-13.24 13.60
-13.24 13.60
-13.24 13.60
-13.05 13.60
-13.05 13.60
-13.05 13.60
-14.33 13.78
-14.33 13.78
-14.33 13.78
-13.05 13.78
-13.05 13.78
-13.05 13.78
-13.78 14.33
-13.78 14.33
-13.78 14.33
-13.42 14.33
-13.42 14.33
-13.42 14.33
-13.24 14.33
-13.24 14.33
-13.24 14.33
-13.78 14.51
-13.78 14.51
-13.78 14.51
-13.60 14.51
-13.60 14.51
-13.60 14.51
-13.24 14.51
-13.24 14.51
-13.24 14.51
-12.32 14.51
-12.32 14.51
-12.32 14.51
-7.03 14.51
-7.03 14.51
-7.03 14.51
-6.66 14.51
-6.66 14.51
-6.66 14.51
-13.60 14.70
-13.60 14.70
-13.60 14.70
-12.69 14.70
-12.69 14.70
-12.69 14.70
-12.51 14.70
-12.51 14.70
-12.51 14.70
-7.03 14.70
-7.03 14.70
-7.03 14.70
-6.85 14.70
-6.85 14.70
-6.85 14.70
-6.48 14.70
-6.48 14.70
-6.48 14.70
-13.78 14.88
-13.78 14.88
-13.78 14.88
-13.60 14.88
-13.60 14.88
-13.60 14.88
-12.87 14.88
-12.87 14.88
-12.87 14.88
-6.85 14.88
-6.85 14.88
-6.85 14.88
-6.66 14.88
-6.66 14.88
-6.66 14.88
-13.42 15.06
-13.42 15.06
-13.42 15.06
-13.24 15.06
-13.24 15.06
-13.24 15.06
-13.05 15.06
-13.05 15.06
-13.05 15.06
-12.87 15.06
-12.87 15.06
-12.87 15.06
-12.51 15.06
-12.51 15.06
-12.51 15.06
-13.42 15.25
-13.42 15.25
-13.42 15.25
-12.87 15.25
-12.87 15.25
-12.87 15.25
-12.32 15.25
-12.32 15.25
-12.32 15.25
-6.30 15.25
-6.30 15.25
-6.30 15.25
-5.93 15.25
-5.93 15.25
-5.93 15.25
-13.05 15.43
-13.05 15.43
-13.05 15.43
-12.87 15.43
-12.87 15.43
-12.87 15.43
-12.32 15.43
-12.32 15.43
-12.32 15.43
-5.93 15.43
-5.93 15.43
-5.93 15.43
-5.75 15.43
-5.75 15.43
-5.75 15.43
-12.87 15.61
-12.87 15.61
-12.87 15.61
-12.69 15.61
-12.69 15.61
-12.69 15.61
-12.51 15.61
-12.51 15.61
-12.51 15.61
-12.32 15.61
-12.32 15.61
-12.32 15.61
-6.12 15.61
-6.12 15.61
-6.12 15.61
-5.93 15.61
-5.93 15.61
-5.93 15.61
-5.02 15.61
-5.02 15.61
-5.02 15.61
-13.05 15.79
-13.05 15.79
-13.05 15.79
-6.48 15.79
-6.48 15.79
-6.48 15.79
-5.57 15.79
-5.57 15.79
-5.57 15.79
-5.02 15.79
-5.02 15.79
-5.02 15.79
-4.84 15.79
-4.84 15.79
-4.84 15.79
-4.11 15.79
-4.11 15.79
-4.11 15.79
-5.39 15.98
-5.39 15.98
-5.39 15.98
-4.66 15.98
-4.66 15.98
-4.66 15.98
-4.47 15.98
-4.47 15.98
-4.47 15.98
-4.11 15.98
-4.11 15.98
-4.11 15.98
-5.57 16.16
-5.57 16.16
-5.57 16.16
-5.39 16.16
-5.39 16.16
-5.39 16.16
-4.29 16.16
-4.29 16.16
-4.29 16.16
-4.66 16.34
-4.66 16.34
-4.66 16.34
-4.29 16.34
-4.29 16.34
-4.29 16.34
-4.11 16.34
-4.11 16.34
-4.11 16.34
-3.56 16.34
-3.56 16.34
-3.56 16.34
-5.57 16.52
-5.57 16.52
-5.57 16.52
-5.02 16.52
-5.02 16.52
-5.02 16.52
-4.66 16.52
-4.66 16.52
-4.66 16.52
-4.47 16.52
-4.47 16.52
-4.47 16.52
-3.93 16.52
-3.93 16.52
-3.93 16.52
-3.56 16.52
-3.56 16.52
-3.56 16.52
-5.57 16.71
-5.57 16.71
-5.57 16.71
-5.20 16.71
-5.20 16.71
-5.20 16.71
-5.02 16.71
-5.02 16.71
-5.02 16.71
-4.84 16.71
-4.84 16.71
-4.84 16.71
-3.93 16.71
-3.93 16.71
-3.93 16.71
-3.38 16.71
-3.38 16.71
-3.38 16.71
-9.22 16.89
-9.22 16.89
-9.22 16.89
-4.84 16.89
-4.84 16.89
-4.84 16.89
-4.47 16.89
-4.47 16.89
-4.47 16.89
-4.29 16.89
-4.29 16.89
-4.29 16.89
-3.93 16.89
-3.93 16.89
-3.93 16.89
-3.74 16.89
-3.74 16.89
-3.74 16.89
-3.38 16.89
-3.38 16.89
-3.38 16.89
-9.40 17.07
-9.40 17.07
-9.40 17.07
-4.47 17.07
-4.47 17.07
-4.47 17.07
-4.29 17.07
-4.29 17.07
-4.29 17.07
-4.11 17.07
-4.11 17.07
-4.11 17.07
-3.93 17.07
-3.93 17.07
-3.93 17.07
-3.56 17.07
-3.56 17.07
-3.56 17.07
-3.38 17.07
-3.38 17.07
-3.38 17.07
-9.77 17.25
-9.77 17.25
-9.77 17.25
-9.22 17.25
-9.22 17.25
-9.22 17.25
-4.47 17.25
-4.47 17.25
-4.47 17.25
-4.11 17.25
-4.11 17.25
-4.11 17.25
-3.93 17.25
-3.93 17.25
-3.93 17.25
-3.74 17.25
-3.74 17.25
-3.74 17.25
-3.38 17.25
-3.38 17.25
-3.38 17.25
-9.40 17.44
-9.40 17.44
-9.40 17.44
-9.22 17.44
-9.22 17.44
-9.22 17.44
-9.04 17.44
-9.04 17.44
-9.04 17.44
-8.49 17.44
-8.49 17.44
-8.49 17.44
-8.31 17.44
-8.31 17.44
-8.31 17.44
-7.39 17.44
-7.39 17.44
-7.39 17.44
-4.84 17.44
-4.84 17.44
-4.84 17.44
-4.66 17.44
-4.66 17.44
-4.66 17.44
-4.47 17.44
-4.47 17.44
-4.47 17.44
-4.11 17.44
-4.11 17.44
-4.11 17.44
-3.74 17.44
-3.74 17.44
-3.74 17.44
-3.56 17.44
-3.56 17.44
-3.56 17.44
-2.83 17.44
-2.83 17.44
-2.83 17.44
-2.46 17.44
-2.46 17.44
-2.46 17.44
-9.59 17.62
-9.59 17.62
-9.59 17.62
-9.04 17.62
-9.04 17.62
-9.04 17.62
-8.85 17.62
-8.85 17.62
-8.85 17.62
-8.49 17.62
-8.49 17.62
-8.49 17.62
-8.12 17.62
-8.12 17.62
-8.12 17.62
-7.76 17.62
-7.76 17.62
-7.76 17.62
-7.39 17.62
-7.39 17.62
-7.39 17.62
-4.84 17.62
-4.84 17.62
-4.84 17.62
-4.29 17.62
-4.29 17.62
-4.29 17.62
-4.11 17.62
-4.11 17.62
-4.11 17.62
-3.93 17.62
-3.93 17.62
-3.93 17.62
-3.74 17.62
-3.74 17.62
-3.74 17.62
-3.38 17.62
-3.38 17.62
-3.38 17.62
-3.20 17.62
-3.20 17.62
-3.20 17.62
-2.83 17.62
-2.83 17.62
-2.83 17.62
-2.65 17.62
-2.65 17.62
-2.65 17.62
-9.04 17.80
-9.04 17.80
-9.04 17.80
-8.49 17.80
-8.49 17.80
-8.49 17.80
-7.76 17.80
-7.76 17.80
-7.76 17.80
-7.58 17.80
-7.58 17.80
-7.58 17.80
-4.84 17.80
-4.84 17.80
-4.84 17.80
-4.29 17.80
-4.29 17.80
-4.29 17.80
-3.20 17.80
-3.20 17.80
-3.20 17.80
-3.01 17.80
-3.01 17.80
-3.01 17.80
-8.12 17.98
-8.12 17.98
-8.12 17.98
-7.58 17.98
-7.58 17.98
-7.58 17.98
-6.85 17.98
-6.85 17.98
-6.85 17.98
-6.66 17.98
-6.66 17.98
-6.66 17.98
-7.76 18.17
-7.76 18.17
-7.76 18.17
-7.39 18.17
-7.39 18.17
-7.39 18.17
-7.03 18.17
-7.03 18.17
-7.03 18.17
-6.66 18.17
-6.66 18.17
-6.66 18.17
-3.01 18.17
-3.01 18.17
-3.01 18.17
-2.83 18.17
-2.83 18.17
-2.83 18.17
-7.76 18.35
-7.76 18.35
-7.76 18.35
-7.58 18.35
-7.58 18.35
-7.58 18.35
-7.39 18.35
-7.39 18.35
-7.39 18.35
-7.21 18.35
-7.21 18.35
-7.21 18.35
-7.03 18.35
-7.03 18.35
-7.03 18.35
-6.85 18.35
-6.85 18.35
-6.85 18.35
-6.66 18.35
-6.66 18.35
-6.66 18.35
-3.01 18.35
-3.01 18.35
-3.01 18.35
-2.83 18.35
-2.83 18.35
-2.83 18.35
-2.65 18.35
-2.65 18.35
-2.65 18.35
-2.28 18.35
-2.28 18.35
-2.28 18.35
-2.10 18.35
-2.10 18.35
-2.10 18.35
-1.73 18.35
-1.73 18.35
-1.73 18.35
-8.12 18.53
-8.12 18.53
-8.12 18.53
-7.94 18.53
-7.94 18.53
-7.94 18.53
-7.76 18.53
-7.76 18.53
-7.76 18.53
-7.58 18.53
-7.58 18.53
-7.58 18.53
-7.21 18.53
-7.21 18.53
-7.21 18.53
-7.03 18.53
-7.03 18.53
-7.03 18.53
-6.85 18.53
-6.85 18.53
-6.85 18.53
-3.01 18.53
-3.01 18.53
-3.01 18.53
-2.65 18.53
-2.65 18.53
-2.65 18.53
-2.28 18.53
-2.28 18.53
-2.28 18.53
-1.73 18.53
-1.73 18.53
-1.73 18.53
-8.12 18.71
-8.12 18.71
-8.12 18.71
-7.94 18.71
-7.94 18.71
-7.94 18.71
-7.76 18.71
-7.76 18.71
-7.76 18.71
-7.21 18.71
-7.21 18.71
-7.21 18.71
-7.03 18.71
-7.03 18.71
-7.03 18.71
-6.85 18.71
-6.85 18.71
-6.85 18.71
-3.20 18.71
-3.20 18.71
-3.20 18.71
-3.01 18.71
-3.01 18.71
-3.01 18.71
-2.46 18.71
-2.46 18.71
-2.46 18.71
-2.10 18.71
-2.10 18.71
-2.10 18.71
-1.92 18.71
-1.92 18.71
-1.92 18.71
-7.39 18.90
-7.39 18.90
-7.39 18.90
-7.21 18.90
-7.21 18.90
-7.21 18.90
-7.03 18.90
-7.03 18.90
-7.03 18.90
-6.85 18.90
-6.85 18.90
-6.85 18.90
-6.66 18.90
-6.66 18.90
-6.66 18.90
-6.48 18.90
-6.48 18.90
-6.48 18.90
-5.93 18.90
-5.93 18.90
-5.93 18.90
-2.46 18.90
-2.46 18.90
-2.46 18.90
-1.73 18.90
-1.73 18.90
-1.73 18.90
-8.12 19.08
-8.12 19.08
-8.12 19.08
-7.39 19.08
-7.39 19.08
-7.39 19.08
-6.66 19.08
-6.66 19.08
-6.66 19.08
-6.30 19.08
-6.30 19.08
-6.30 19.08
-6.12 19.08
-6.12 19.08
-6.12 19.08
-2.28 19.08
-2.28 19.08
-2.28 19.08
-2.10 19.08
-2.10 19.08
-2.10 19.08
-1.73 19.08
-1.73 19.08
-1.73 19.08
-1.37 19.08
-1.37 19.08
-1.37 19.08
-1.00 19.08
-1.00 19.08
-1.00 19.08
-8.12 19.26
-8.12 19.26
-8.12 19.26
-7.94 19.26
-7.94 19.26
-7.94 19.26
-7.39 19.26
-7.39 19.26
-7.39 19.26
-7.21 19.26
-7.21 19.26
-7.21 19.26
-6.66 19.26
-6.66 19.26
-6.66 19.26
-6.48 19.26
-6.48 19.26
-6.48 19.26
-6.30 19.26
-6.30 19.26
-6.30 19.26
-6.12 19.26
-6.12 19.26
-6.12 19.26
-5.93 19.26
-5.93 19.26
-5.93 19.26
-2.46 19.26
-2.46 19.26
-2.46 19.26
-1.73 19.26
-1.73 19.26
-1.73 19.26
-1.37 19.26
-1.37 19.26
-1.37 19.26
-1.19 19.26
-1.19 19.26
-1.19 19.26
-7.94 19.44
-7.94 19.44
-7.94 19.44
-7.21 19.44
-7.21 19.44
-7.21 19.44
-7.03 19.44
-7.03 19.44
-7.03 19.44
-6.66 19.44
-6.66 19.44
-6.66 19.44
-6.48 19.44
-6.48 19.44
-6.48 19.44
-6.30 19.44
-6.30 19.44
-6.30 19.44
-5.93 19.44
-5.93 19.44
-5.93 19.44
-1.92 19.44
-1.92 19.44
-1.92 19.44
-1.73 19.44
-1.73 19.44
-1.73 19.44
-1.55 19.44
-1.55 19.44
-1.55 19.44
-1.37 19.44
-1.37 19.44
-1.37 19.44
-8.31 19.63
-8.31 19.63
-8.31 19.63
-8.12 19.63
-8.12 19.63
-8.12 19.63
-7.21 19.63
-7.21 19.63
-7.21 19.63
-7.03 19.63
-7.03 19.63
-7.03 19.63
-6.30 19.63
-6.30 19.63
-6.30 19.63
-2.46 19.63
-2.46 19.63
-2.46 19.63
-1.00 19.63
-1.00 19.63
-1.00 19.63
-7.39 19.81
-7.39 19.81
-7.39 19.81
-7.21 19.81
-7.21 19.81
-7.21 19.81
-6.66 19.81
-6.66 19.81
-6.66 19.81
-6.30 19.81
-6.30 19.81
-6.30 19.81
-6.12 19.81
-6.12 19.81
-6.12 19.81
-5.93 19.81
-5.93 19.81
-5.93 19.81
-2.28 19.81
-2.28 19.81
-2.28 19.81
-2.10 19.81
-2.10 19.81
-2.10 19.81
-1.92 19.81
-1.92 19.81
-1.92 19.81
-1.37 19.81
-1.37 19.81
-1.37 19.81
-1.19 19.81
-1.19 19.81
-1.19 19.81
-6.48 19.99
-6.48 19.99
-6.48 19.99
-2.46 19.99
-2.46 19.99
-2.46 19.99
-2.28 19.99
-2.28 19.99
-2.28 19.99
-1.73 19.99
-1.73 19.99
-1.73 19.99
-1.55 19.99
-1.55 19.99
-1.55 19.99
-0.27 19.99
-0.27 19.99
-0.27 19.99
-5.20 20.17
-5.20 20.17
-5.20 20.17
-2.28 20.17
-2.28 20.17
-2.28 20.17
-2.10 20.17
-2.10 20.17
-2.10 20.17
-1.92 20.17
-1.92 20.17
-1.92 20.17
-1.55 20.17
-1.55 20.17
-1.55 20.17
-1.19 20.17
-1.19 20.17
-1.19 20.17
-1.00 20.17
-1.00 20.17
-1.00 20.17
-5.02 20.36
-5.02 20.36
-5.02 20.36
-1.73 20.36
-1.73 20.36
-1.73 20.36
-1.55 20.36
-1.55 20.36
-1.55 20.36
-1.00 20.36
-1.00 20.36
-1.00 20.36
-0.64 20.36
-0.64 20.36
-0.64 20.36
-0.46 20.36
-0.46 20.36
-0.46 20.36
-5.75 20.54
-5.75 20.54
-5.75 20.54
-5.57 20.54
-5.57 20.54
-5.57 20.54
-5.39 20.54
-5.39 20.54
-5.39 20.54
-4.66 20.54
-4.66 20.54
-4.66 20.54
-4.29 20.54
-4.29 20.54
-4.29 20.54
-1.37 20.54
-1.37 20.54
-1.37 20.54
-1.00 20.54
-1.00 20.54
-1.00 20.54
-0.82 20.54
-0.82 20.54
-0.82 20.54
-0.46 20.54
-0.46 20.54
-0.46 20.54
-5.39 20.72
-5.39 20.72
-5.39 20.72
-5.20 20.72
-5.20 20.72
-5.20 20.72
-5.02 20.72
-5.02 20.72
-5.02 20.72
-4.84 20.72
-4.84 20.72
-4.84 20.72
-4.66 20.72
-4.66 20.72
-4.66 20.72
-4.47 20.72
-4.47 20.72
-4.47 20.72
-0.82 20.72
-0.82 20.72
-0.82 20.72
-0.64 20.72
-0.64 20.72
-0.64 20.72
-0.46 20.72
-0.46 20.72
-0.46 20.72
-0.27 20.72
-0.27 20.72
-0.27 20.72
-5.57 20.91
-5.57 20.91
-5.57 20.91
-5.39 20.91
-5.39 20.91
-5.39 20.91
-5.02 20.91
-5.02 20.91
-5.02 20.91
-4.47 20.91
-4.47 20.91
-4.47 20.91
-4.29 20.91
-4.29 20.91
-4.29 20.91
-0.82 20.91
-0.82 20.91
-0.82 20.91
-5.93 21.09
-5.93 21.09
-5.93 21.09
-5.75 21.09
-5.75 21.09
-5.75 21.09
-5.57 21.09
-5.57 21.09
-5.57 21.09
-5.20 21.09
-5.20 21.09
-5.20 21.09
-4.47 21.09
-4.47 21.09
-4.47 21.09
-0.64 21.09
-0.64 21.09
-0.64 21.09
-0.46 21.09
-0.46 21.09
-0.46 21.09
-5.93 21.27
-5.93 21.27
-5.93 21.27
-5.57 21.27
-5.57 21.27
-5.57 21.27
-4.47 21.27
-4.47 21.27
-4.47 21.27
-1.37 21.27
-1.37 21.27
-1.37 21.27
-1.19 21.27
-1.19 21.27
-1.19 21.27
-0.82 21.27
-0.82 21.27
-0.82 21.27
-0.64 21.27
-0.64 21.27
-0.64 21.27
-0.27 21.27
-0.27 21.27
-0.27 21.27
-5.57 21.45
-5.57 21.45
-5.57 21.45
-5.39 21.45
-5.39 21.45
-5.39 21.45
-5.02 21.45
-5.02 21.45
-5.02 21.45
-4.47 21.45
-4.47 21.45
-4.47 21.45
-4.29 21.45
-4.29 21.45
-4.29 21.45
-4.11 21.45
-4.11 21.45
-4.11 21.45
-3.74 21.45
-3.74 21.45
-3.74 21.45
-3.56 21.45
-3.56 21.45
-3.56 21.45
-1.73 21.45
-1.73 21.45
-1.73 21.45
-1.55 21.45
-1.55 21.45
-1.55 21.45
-1.37 21.45
-1.37 21.45
-1.37 21.45
-1.19 21.45
-1.19 21.45
-1.19 21.45
-1.00 21.45
-1.00 21.45
-1.00 21.45
-0.64 21.45
-0.64 21.45
-0.64 21.45
-0.46 21.45
-0.46 21.45
-0.46 21.45
-0.27 21.45
-0.27 21.45
-0.27 21.45
0.27 21.45
0.27 21.45
0.27 21.45
-5.93 21.64
-5.93 21.64
-5.93 21.64
-5.39 21.64
-5.39 21.64
-5.39 21.64
-5.20 21.64
-5.20 21.64
-5.20 21.64
-5.02 21.64
-5.02 21.64
-5.02 21.64
-4.84 21.64
-4.84 21.64
-4.84 21.64
-4.66 21.64
-4.66 21.64
-4.66 21.64
-4.11 21.64
-4.11 21.64
-4.11 21.64
-3.93 21.64
-3.93 21.64
-3.93 21.64
-3.74 21.64
-3.74 21.64
-3.74 21.64
-1.55 21.64
-1.55 21.64
-1.55 21.64
-1.37 21.64
-1.37 21.64
-1.37 21.64
-1.00 21.64
-1.00 21.64
-1.00 21.64
-0.46 21.64
-0.46 21.64
-0.46 21.64
-0.09 21.64
-0.09 21.64
-0.09 21.64
0.09 21.64
0.09 21.64
0.09 21.64
0.27 21.64
0.27 21.64
0.27 21.64
-4.84 21.82
-4.84 21.82
-4.84 21.82
-4.66 21.82
-4.66 21.82
-4.66 21.82
-4.47 21.82
-4.47 21.82
-4.47 21.82
-4.29 21.82
-4.29 21.82
-4.29 21.82
-4.11 21.82
-4.11 21.82
-4.11 21.82
-3.93 21.82
-3.93 21.82
-3.93 21.82
-3.74 21.82
-3.74 21.82
-3.74 21.82
-3.56 21.82
-3.56 21.82
-3.56 21.82
-1.55 21.82
-1.55 21.82
-1.55 21.82
-1.00 21.82
-1.00 21.82
-1.00 21.82
-0.46 21.82
-0.46 21.82
-0.46 21.82
0.09 21.82
0.09 21.82
0.09 21.82
0.46 21.82
0.46 21.82
0.46 21.82
-5.93 22.00
-5.93 22.00
-5.93 22.00
-5.75 22.00
-5.75 22.00
-5.75 22.00
-5.57 22.00
-5.57 22.00
-5.57 22.00
-5.02 22.00
-5.02 22.00
-5.02 22.00
-4.84 22.00
-4.84 22.00
-4.84 22.00
-3.74 22.00
-3.74 22.00
-3.74 22.00
-1.73 22.00
-1.73 22.00
-1.73 22.00
-1.55 22.00
-1.55 22.00
-1.55 22.00
-0.64 22.00
-0.64 22.00
-0.64 22.00
-0.27 22.00
-0.27 22.00
-0.27 22.00
-0.09 22.00
-0.09 22.00
-0.09 22.00
0.09 22.00
0.09 22.00
0.09 22.00
0.46 22.00
0.46 22.00
0.46 22.00
1.00 22.00
1.00 22.00
1.00 22.00
-5.75 22.18
-5.75 22.18
-5.75 22.18
-5.57 22.18
-5.57 22.18
-5.57 22.18
-5.20 22.18
-5.20 22.18
-5.20 22.18
-4.47 22.18
-4.47 22.18
-4.47 22.18
-4.29 22.18
-4.29 22.18
-4.29 22.18
-4.11 22.18
-4.11 22.18
-4.11 22.18
-3.93 22.18
-3.93 22.18
-3.93 22.18
-3.74 22.18
-3.74 22.18
-3.74 22.18
-3.56 22.18
-3.56 22.18
-3.56 22.18
-2.65 22.18
-2.65 22.18
-2.65 22.18
-2.46 22.18
-2.46 22.18
-2.46 22.18
-2.10 22.18
-2.10 22.18
-2.10 22.18
-1.92 22.18
-1.92 22.18
-1.92 22.18
-1.37 22.18
-1.37 22.18
-1.37 22.18
-1.19 22.18
-1.19 22.18
-1.19 22.18
-1.00 22.18
-1.00 22.18
-1.00 22.18
-0.82 22.18
-0.82 22.18
-0.82 22.18
-0.64 22.18
-0.64 22.18
-0.64 22.18
-0.27 22.18
-0.27 22.18
-0.27 22.18
0.64 22.18
0.64 22.18
0.64 22.18
0.82 22.18
0.82 22.18
0.82 22.18
-5.02 22.37
-5.02 22.37
-5.02 22.37
-3.56 22.37
-3.56 22.37
-3.56 22.37
-3.20 22.37
-3.20 22.37
-3.20 22.37
-3.01 22.37
-3.01 22.37
-3.01 22.37
0.09 22.37
0.09 22.37
0.09 22.37
0.27 22.37
0.27 22.37
0.27 22.37
0.46 22.37
0.46 22.37
0.46 22.37
0.82 22.37
0.82 22.37
0.82 22.37
1.19 22.37
1.19 22.37
1.19 22.37
-3.74 22.55
-3.74 22.55
-3.74 22.55
-3.38 22.55
-3.38 22.55
-3.38 22.55
-2.83 22.55
-2.83 22.55
-2.83 22.55
0.46 22.55
0.46 22.55
0.46 22.55
1.00 22.55
1.00 22.55
1.00 22.55
-3.93 22.73
-3.93 22.73
-3.93 22.73
-3.38 22.73
-3.38 22.73
-3.38 22.73
-0.27 22.73
-0.27 22.73
-0.27 22.73
0.09 22.73
0.09 22.73
0.09 22.73
0.82 22.73
0.82 22.73
0.82 22.73
1.19 22.73
1.19 22.73
1.19 22.73
-5.20 22.91
-5.20 22.91
-5.20 22.91
-5.02 22.91
-5.02 22.91
-5.02 22.91
-4.84 22.91
-4.84 22.91
-4.84 22.91
-4.47 22.91
-4.47 22.91
-4.47 22.91
-3.74 22.91
-3.74 22.91
-3.74 22.91
-3.56 22.91
-3.56 22.91
-3.56 22.91
-3.01 22.91
-3.01 22.91
-3.01 22.91
-2.83 22.91
-2.83 22.91
-2.83 22.91
1.19 22.91
1.19 22.91
1.19 22.91
-4.29 23.10
-4.29 23.10
-4.29 23.10
-4.11 23.10
-4.11 23.10
-4.11 23.10
-3.01 23.10
-3.01 23.10
-3.01 23.10
-0.27 23.10
-0.27 23.10
-0.27 23.10
-0.09 23.10
-0.09 23.10
-0.09 23.10
0.09 23.10
0.09 23.10
0.09 23.10
0.46 23.10
0.46 23.10
0.46 23.10
0.82 23.10
0.82 23.10
0.82 23.10
1.00 23.10
1.00 23.10
1.00 23.10
-4.11 23.28
-4.11 23.28
-4.11 23.28
-3.93 23.28
-3.93 23.28
-3.93 23.28
-3.74 23.28
-3.74 23.28
-3.74 23.28
-3.56 23.28
-3.56 23.28
-3.56 23.28
0.09 23.28
0.09 23.28
0.09 23.28
0.27 23.28
0.27 23.28
0.27 23.28
0.46 23.28
0.46 23.28
0.46 23.28
1.73 23.28
1.73 23.28
1.73 23.28
1.92 23.28
1.92 23.28
1.92 23.28
-4.29 23.46
-4.29 23.46
-4.29 23.46
-3.20 23.46
-3.20 23.46
-3.20 23.46
-3.01 23.46
-3.01 23.46
-3.01 23.46
-2.83 23.46
-2.83 23.46
-2.83 23.46
-2.10 23.46
-2.10 23.46
-2.10 23.46
-0.27 23.46
-0.27 23.46
-0.27 23.46
-0.09 23.46
-0.09 23.46
-0.09 23.46
0.46 23.46
0.46 23.46
0.46 23.46
0.64 23.46
0.64 23.46
0.64 23.46
1.00 23.46
1.00 23.46
1.00 23.46
1.19 23.46
1.19 23.46
1.19 23.46
1.37 23.46
1.37 23.46
1.37 23.46
-4.29 23.64
-4.29 23.64
-4.29 23.64
-4.11 23.64
-4.11 23.64
-4.11 23.64
-3.93 23.64
-3.93 23.64
-3.93 23.64
-3.74 23.64
-3.74 23.64
-3.74 23.64
-3.56 23.64
-3.56 23.64
-3.56 23.64
-3.38 23.64
-3.38 23.64
-3.38 23.64
-2.83 23.64
-2.83 23.64
-2.83 23.64
-2.65 23.64
-2.65 23.64
-2.65 23.64
-2.46 23.64
-2.46 23.64
-2.46 23.64
-2.28 23.64
-2.28 23.64
-2.28 23.64
-0.09 23.64
-0.09 23.64
-0.09 23.64
0.46 23.64
0.46 23.64
0.46 23.64
0.82 23.64
0.82 23.64
0.82 23.64
1.00 23.64
1.00 23.64
1.00 23.64
1.55 23.64
1.55 23.64
1.55 23.64
1.73 23.64
1.73 23.64
1.73 23.64
-4.29 23.83
-4.29 23.83
-4.29 23.83
-4.11 23.83
-4.11 23.83
-4.11 23.83
-3.74 23.83
-3.74 23.83
-3.74 23.83
-3.38 23.83
-3.38 23.83
-3.38 23.83
-3.20 23.83
-3.20 23.83
-3.20 23.83
-2.10 23.83
-2.10 23.83
-2.10 23.83
-0.27 23.83
-0.27 23.83
-0.27 23.83
-0.09 23.83
-0.09 23.83
-0.09 23.83
1.00 23.83
1.00 23.83
1.00 23.83
1.19 23.83
1.19 23.83
1.19 23.83
1.73 23.83
1.73 23.83
1.73 23.83
1.92 23.83
1.92 23.83
1.92 23.83
-4.29 24.01
-4.29 24.01
-4.29 24.01
-3.74 24.01
-3.74 24.01
-3.74 24.01
-2.83 24.01
-2.83 24.01
-2.83 24.01
-2.28 24.01
-2.28 24.01
-2.28 24.01
0.64 24.01
0.64 24.01
0.64 24.01
0.82 24.01
0.82 24.01
0.82 24.01
1.37 24.01
1.37 24.01
1.37 24.01
1.55 24.01
1.55 24.01
1.55 24.01
1.92 24.01
1.92 24.01
1.92 24.01
2.65 24.01
2.65 24.01
2.65 24.01
-3.01 24.19
-3.01 24.19
-3.01 24.19
-2.65 24.19
-2.65 24.19
-2.65 24.19
-2.28 24.19
-2.28 24.19
-2.28 24.19
-2.10 24.19
-2.10 24.19
-2.10 24.19
0.64 24.19
0.64 24.19
0.64 24.19
0.82 24.19
0.82 24.19
0.82 24.19
1.00 24.19
1.00 24.19
1.00 24.19
1.55 24.19
1.55 24.19
1.55 24.19
1.73 24.19
1.73 24.19
1.73 24.19
2.10 24.19
2.10 24.19
2.10 24.19
2.28 24.19
2.28 24.19
2.28 24.19
2.83 24.19
2.83 24.19
2.83 24.19
-3.56 24.37
-3.56 24.37
-3.56 24.37
-3.38 24.37
-3.38 24.37
-3.38 24.37
-3.01 24.37
-3.01 24.37
-3.01 24.37
-2.65 24.37
-2.65 24.37
-2.65 24.37
-2.10 24.37
-2.10 24.37
-2.10 24.37
1.00 24.37
1.00 24.37
1.00 24.37
1.19 24.37
1.19 24.37
1.19 24.37
1.37 24.37
1.37 24.37
1.37 24.37
2.10 24.37
2.10 24.37
2.10 24.37
2.46 24.37
2.46 24.37
2.46 24.37
2.65 24.37
2.65 24.37
2.65 24.37
-3.56 24.56
-3.56 24.56
-3.56 24.56
-3.38 24.56
-3.38 24.56
-3.38 24.56
-3.20 24.56
-3.20 24.56
-3.20 24.56
-3.01 24.56
-3.01 24.56
-3.01 24.56
-2.28 24.56
-2.28 24.56
-2.28 24.56
0.82 24.56
0.82 24.56
0.82 24.56
1.37 24.56
1.37 24.56
1.37 24.56
1.55 24.56
1.55 24.56
1.55 24.56
1.73 24.56
1.73 24.56
1.73 24.56
2.10 24.56
2.10 24.56
2.10 24.56
2.46 24.56
2.46 24.56
2.46 24.56
2.65 24.56
2.65 24.56
2.65 24.56
-3.01 24.74
-3.01 24.74
-3.01 24.74
-2.83 24.74
-2.83 24.74
-2.83 24.74
-2.65 24.74
-2.65 24.74
-2.65 24.74
-1.55 24.74
-1.55 24.74
-1.55 24.74
1.37 24.74
1.37 24.74
1.37 24.74
2.10 24.74
2.10 24.74
2.10 24.74
2.28 24.74
2.28 24.74
2.28 24.74
2.46 24.74
2.46 24.74
2.46 24.74
-3.56 24.92
-3.56 24.92
-3.56 24.92
-3.38 24.92
-3.38 24.92
-3.38 24.92
-3.20 24.92
-3.20 24.92
-3.20 24.92
-3.01 24.92
-3.01 24.92
-3.01 24.92
-1.37 24.92
-1.37 24.92
-1.37 24.92
1.92 24.92
1.92 24.92
1.92 24.92
2.46 24.92
2.46 24.92
2.46 24.92
2.65 24.92
2.65 24.92
2.65 24.92
-3.20 25.10
-3.20 25.10
-3.20 25.10
-3.01 25.10
-3.01 25.10
-3.01 25.10
-2.83 25.10
-2.83 25.10
-2.83 25.10
-2.28 25.10
-2.28 25.10
-2.28 25.10
-1.92 25.10
-1.92 25.10
-1.92 25.10
-1.73 25.10
-1.73 25.10
-1.73 25.10
-1.55 25.10
-1.55 25.10
-1.55 25.10
1.55 25.10
1.55 25.10
1.55 25.10
1.92 25.10
1.92 25.10
1.92 25.10
2.10 25.10
2.10 25.10
2.10 25.10
2.28 25.10
2.28 25.10
2.28 25.10
2.65 25.10
2.65 25.10
2.65 25.10
-2.83 25.29
-2.83 25.29
-2.83 25.29
-2.65 25.29
-2.65 25.29
-2.65 25.29
-2.10 25.29
-2.10 25.29
-2.10 25.29
1.37 25.29
1.37 25.29
1.37 25.29
1.55 25.29
1.55 25.29
1.55 25.29
2.10 25.29
2.10 25.29
2.10 25.29
2.46 25.29
2.46 25.29
2.46 25.29
-2.65 25.47
-2.65 25.47
-2.65 25.47
-2.28 25.47
-2.28 25.47
-2.28 25.47
-1.92 25.47
-1.92 25.47
-1.92 25.47
-1.73 25.47
-1.73 25.47
-1.73 25.47
-1.55 25.47
-1.55 25.47
-1.55 25.47
1.73 25.47
1.73 25.47
1.73 25.47
2.65 25.47
2.65 25.47
2.65 25.47
-2.83 25.65
-2.83 25.65
-2.83 25.65
-2.46 25.65
-2.46 25.65
-2.46 25.65
-2.28 25.65
-2.28 25.65
-2.28 25.65
-2.10 25.65
-2.10 25.65
-2.10 25.65
-1.73 25.65
-1.73 25.65
-1.73 25.65
-1.55 25.65
-1.55 25.65
-1.55 25.65
1.19 25.65
1.19 25.65
1.19 25.65
2.46 25.65
2.46 25.65
2.46 25.65
2.65 25.65
2.65 25.65
2.65 25.65
3.56 25.65
3.56 25.65
3.56 25.65
-2.65 25.83
-2.65 25.83
-2.65 25.83
-2.46 25.83
-2.46 25.83
-2.46 25.83
-2.28 25.83
-2.28 25.83
-2.28 25.83
-2.10 25.83
-2.10 25.83
-2.10 25.83
-1.92 25.83
-1.92 25.83
-1.92 25.83
-1.73 25.83
-1.73 25.83
-1.73 25.83
-0.64 25.83
-0.64 25.83
-0.64 25.83
-0.46 25.83
-0.46 25.83
-0.46 25.83
2.10 25.83
2.10 25.83
2.10 25.83
2.28 25.83
2.28 25.83
2.28 25.83
2.65 25.83
2.65 25.83
2.65 25.83
2.83 25.83
2.83 25.83
2.83 25.83
3.20 25.83
3.20 25.83
3.20 25.83
3.38 25.83
3.38 25.83
3.38 25.83
-2.83 26.02
-2.83 26.02
-2.83 26.02
-1.73 26.02
-1.73 26.02
-1.73 26.02
-1.55 26.02
-1.55 26.02
-1.55 26.02
-1.37 26.02
-1.37 26.02
-1.37 26.02
-1.00 26.02
-1.00 26.02
-1.00 26.02
-0.82 26.02
-0.82 26.02
-0.82 26.02
-0.46 26.02
-0.46 26.02
-0.46 26.02
-0.27 26.02
-0.27 26.02
-0.27 26.02
-0.09 26.02
-0.09 26.02
-0.09 26.02
2.65 26.02
2.65 26.02
2.65 26.02
2.83 26.02
2.83 26.02
2.83 26.02
3.01 26.02
3.01 26.02
3.01 26.02
3.20 26.02
3.20 26.02
3.20 26.02
3.38 26.02
3.38 26.02
3.38 26.02
-0.64 26.20
-0.64 26.20
-0.64 26.20
-0.46 26.20
-0.46 26.20
-0.46 26.20
-2.10 26.38
-2.10 26.38
-2.10 26.38
-1.92 26.38
-1.92 26.38
-1.92 26.38
-1.37 26.38
-1.37 26.38
-1.37 26.38
-1.19 26.38
-1.19 26.38
-1.19 26.38
-1.00 26.38
-1.00 26.38
-1.00 26.38
-0.82 26.38
-0.82 26.38
-0.82 26.38
2.10 26.38
2.10 26.38
2.10 26.38
2.28 26.38
2.28 26.38
2.28 26.38
2.83 26.38
2.83 26.38
2.83 26.38
3.74 26.38
3.74 26.38
3.74 26.38
4.29 26.38
4.29 26.38
4.29 26.38
-1.92 26.56
-1.92 26.56
-1.92 26.56
-1.73 26.56
-1.73 26.56
-1.73 26.56
-1.55 26.56
-1.55 26.56
-1.55 26.56
-1.37 26.56
-1.37 26.56
-1.37 26.56
1.92 26.56
1.92 26.56
1.92 26.56
2.10 26.56
2.10 26.56
2.10 26.56
2.28 26.56
2.28 26.56
2.28 26.56
2.83 26.56
2.83 26.56
2.83 26.56
3.01 26.56
3.01 26.56
3.01 26.56
3.20 26.56
3.20 26.56
3.20 26.56
3.38 26.56
3.38 26.56
3.38 26.56
3.93 26.56
3.93 26.56
3.93 26.56
4.29 26.56
4.29 26.56
4.29 26.56
-1.92 26.75
-1.92 26.75
-1.92 26.75
-1.73 26.75
-1.73 26.75
-1.73 26.75
-1.00 26.75
-1.00 26.75
-1.00 26.75
-0.82 26.75
-0.82 26.75
-0.82 26.75
2.10 26.75
2.10 26.75
2.10 26.75
2.46 26.75
2.46 26.75
2.46 26.75
3.56 26.75
3.56 26.75
3.56 26.75
3.74 26.75
3.74 26.75
3.74 26.75
3.93 26.75
3.93 26.75
3.93 26.75
4.11 26.75
4.11 26.75
4.11 26.75
-1.55 26.93
-1.55 26.93
-1.55 26.93
-1.37 26.93
-1.37 26.93
-1.37 26.93
-1.19 26.93
-1.19 26.93
-1.19 26.93
-0.64 26.93
-0.64 26.93
-0.64 26.93
1.92 26.93
1.92 26.93
1.92 26.93
2.10 26.93
2.10 26.93
2.10 26.93
2.46 26.93
2.46 26.93
2.46 26.93
3.20 26.93
3.20 26.93
3.20 26.93
4.11 26.93
4.11 26.93
4.11 26.93
4.29 26.93
4.29 26.93
4.29 26.93
-1.73 27.11
-1.73 27.11
-1.73 27.11
-1.55 27.11
-1.55 27.11
-1.55 27.11
-1.19 27.11
-1.19 27.11
-1.19 27.11
-1.00 27.11
-1.00 27.11
-1.00 27.11
-0.64 27.11
-0.64 27.11
-0.64 27.11
-0.09 27.11
-0.09 27.11
-0.09 27.11
0.09 27.11
0.09 27.11
0.09 27.11
0.27 27.11
0.27 27.11
0.27 27.11
3.01 27.11
3.01 27.11
3.01 27.11
3.93 27.11
3.93 27.11
3.93 27.11
4.11 27.11
4.11 27.11
4.11 27.11
-1.92 27.30
-1.92 27.30
-1.92 27.30
-1.55 27.30
-1.55 27.30
-1.55 27.30
-1.37 27.30
-1.37 27.30
-1.37 27.30
-1.19 27.30
-1.19 27.30
-1.19 27.30
-0.82 27.30
-0.82 27.30
-0.82 27.30
-0.64 27.30
-0.64 27.30
-0.64 27.30
-0.46 27.30
-0.46 27.30
-0.46 27.30
-0.27 27.30
-0.27 27.30
-0.27 27.30
-0.09 27.30
-0.09 27.30
-0.09 27.30
2.83 27.30
2.83 27.30
2.83 27.30
3.38 27.30
3.38 27.30
3.38 27.30
3.74 27.30
3.74 27.30
3.74 27.30
4.29 27.30
4.29 27.30
4.29 27.30
4.47 27.30
4.47 27.30
4.47 27.30
4.66 27.30
4.66 27.30
4.66 27.30
4.84 27.30
4.84 27.30
4.84 27.30
5.02 27.30
5.02 27.30
5.02 27.30
-1.92 27.48
-1.92 27.48
-1.92 27.48
-0.82 27.48
-0.82 27.48
-0.82 27.48
-0.46 27.48
-0.46 27.48
-0.46 27.48
-0.09 27.48
-0.09 27.48
-0.09 27.48
0.09 27.48
0.09 27.48
0.09 27.48
3.38 27.48
3.38 27.48
3.38 27.48
3.93 27.48
3.93 27.48
3.93 27.48
4.11 27.48
4.11 27.48
4.11 27.48
-2.10 27.66
-2.10 27.66
-2.10 27.66
-1.73 27.66
-1.73 27.66
-1.73 27.66
-1.19 27.66
-1.19 27.66
-1.19 27.66
-0.46 27.66
-0.46 27.66
-0.46 27.66
-0.09 27.66
-0.09 27.66
-0.09 27.66
0.09 27.66
0.09 27.66
0.09 27.66
2.10 27.66
2.10 27.66
2.10 27.66
2.28 27.66
2.28 27.66
2.28 27.66
3.01 27.66
3.01 27.66
3.01 27.66
3.20 27.66
3.20 27.66
3.20 27.66
3.38 27.66
3.38 27.66
3.38 27.66
3.56 27.66
3.56 27.66
3.56 27.66
4.66 27.66
4.66 27.66
4.66 27.66
4.84 27.66
4.84 27.66
4.84 27.66
-1.37 27.84
-1.37 27.84
-1.37 27.84
-0.82 27.84
-0.82 27.84
-0.82 27.84
-0.64 27.84
-0.64 27.84
-0.64 27.84
-0.46 27.84
-0.46 27.84
-0.46 27.84
-0.09 27.84
-0.09 27.84
-0.09 27.84
1.19 27.84
1.19 27.84
1.19 27.84
1.37 27.84
1.37 27.84
1.37 27.84
1.55 27.84
1.55 27.84
1.55 27.84
1.92 27.84
1.92 27.84
1.92 27.84
2.46 27.84
2.46 27.84
2.46 27.84
2.65 27.84
2.65 27.84
2.65 27.84
2.83 27.84
2.83 27.84
2.83 27.84
3.01 27.84
3.01 27.84
3.01 27.84
3.20 27.84
3.20 27.84
3.20 27.84
3.74 27.84
3.74 27.84
3.74 27.84
4.66 27.84
4.66 27.84
4.66 27.84
-1.37 28.03
-1.37 28.03
-1.37 28.03
-1.00 28.03
-1.00 28.03
-1.00 28.03
-0.46 28.03
-0.46 28.03
-0.46 28.03
-0.09 28.03
-0.09 28.03
-0.09 28.03
0.27 28.03
0.27 28.03
0.27 28.03
0.64 28.03
0.64 28.03
0.64 28.03
0.82 28.03
0.82 28.03
0.82 28.03
1.19 28.03
1.19 28.03
1.19 28.03
1.92 28.03
1.92 28.03
1.92 28.03
2.46 28.03
2.46 28.03
2.46 28.03
3.20 28.03
3.20 28.03
3.20 28.03
3.38 28.03
3.38 28.03
3.38 28.03
4.11 28.03
4.11 28.03
4.11 28.03
4.29 28.03
4.29 28.03
4.29 28.03
5.02 28.03
5.02 28.03
5.02 28.03
-0.27 28.21
-0.27 28.21
-0.27 28.21
-0.09 28.21
-0.09 28.21
-0.09 28.21
0.27 28.21
0.27 28.21
0.27 28.21
0.46 28.21
0.46 28.21
0.46 28.21
0.64 28.21
0.64 28.21
0.64 28.21
1.00 28.21
1.00 28.21
1.00 28.21
1.19 28.21
1.19 28.21
1.19 28.21
1.55 28.21
1.55 28.21
1.55 28.21
2.10 28.21
2.10 28.21
2.10 28.21
2.46 28.21
2.46 28.21
2.46 28.21
2.65 28.21
2.65 28.21
2.65 28.21
2.83 28.21
2.83 28.21
2.83 28.21
3.01 28.21
3.01 28.21
3.01 28.21
3.56 28.21
3.56 28.21
3.56 28.21
3.74 28.21
3.74 28.21
3.74 28.21
0.46 28.39
0.46 28.39
0.46 28.39
0.82 28.39
0.82 28.39
0.82 28.39
1.37 28.39
1.37 28.39
1.37 28.39
1.55 28.39
1.55 28.39
1.55 28.39
4.11 28.39
4.11 28.39
4.11 28.39
0.27 28.57
0.27 28.57
0.27 28.57
0.46 28.57
0.46 28.57
0.46 28.57
0.64 28.57
0.64 28.57
0.64 28.57
0.82 28.57
0.82 28.57
0.82 28.57
1.19 28.57
1.19 28.57
1.19 28.57
3.93 28.57
3.93 28.57
3.93 28.57
4.29 28.57
4.29 28.57
4.29 28.57
4.66 28.57
4.66 28.57
4.66 28.57
0.27 28.76
0.27 28.76
0.27 28.76
1.00 28.76
1.00 28.76
1.00 28.76
1.55 28.76
1.55 28.76
1.55 28.76
1.73 28.76
1.73 28.76
1.73 28.76
3.93 28.76
3.93 28.76
3.93 28.76
4.29 28.76
4.29 28.76
4.29 28.76
4.66 28.76
4.66 28.76
4.66 28.76
4.84 28.76
4.84 28.76
4.84 28.76
5.02 28.76
5.02 28.76
5.02 28.76
5.57 28.76
5.57 28.76
5.57 28.76
1.00 28.94
1.00 28.94
1.00 28.94
3.56 28.94
3.56 28.94
3.56 28.94
3.74 28.94
3.74 28.94
3.74 28.94
3.93 28.94
3.93 28.94
3.93 28.94
4.66 28.94
4.66 28.94
4.66 28.94
5.39 28.94
5.39 28.94
5.39 28.94
5.57 28.94
5.57 28.94
5.57 28.94
5.75 28.94
5.75 28.94
5.75 28.94
3.38 29.12
3.38 29.12
3.38 29.12
5.02 29.12
5.02 29.12
5.02 29.12
5.57 29.12
5.57 29.12
5.57 29.12
5.02 29.30
5.02 29.30
5.02 29.30
5.20 29.30
5.20 29.30
5.20 29.30
5.57 29.30
5.57 29.30
5.57 29.30
5.75 29.30
5.75 29.30
5.75 29.30
4.66 29.49
4.66 29.49
4.66 29.49
4.84 29.49
4.84 29.49
4.84 29.49
5.39 29.49
5.39 29.49
5.39 29.49
5.75 29.49
5.75 29.49
5.75 29.49
4.66 29.67
4.66 29.67
4.66 29.67
4.84 29.67
4.84 29.67
4.84 29.67
5.57 29.67
5.57 29.67
5.57 29.67
4.29 29.85
4.29 29.85
4.29 29.85
4.47 29.85
4.47 29.85
4.47 29.85
5.02 29.85
5.02 29.85
5.02 29.85
5.39 29.85
5.39 29.85
5.39 29.85
