-0.09 -46.28
-0.09 -46.28
-0.09 -46.28
-0.64 -45.92
-0.64 -45.92
-0.64 -45.92
-0.46 -45.92
-0.46 -45.92
-0.46 -45.92
-0.09 -45.92
-0.09 -45.92
-0.09 -45.92
-0.64 -45.74
-0.64 -45.74
-0.64 -45.74
-0.27 -45.74
-0.27 -45.74
-0.27 -45.74
-0.09 -45.74
-0.09 -45.74
-0.09 -45.74
-0.64 -45.55
-0.64 -45.55
-0.64 -45.55
-0.27 -45.37
-0.27 -45.37
-0.27 -45.37
-0.09 -45.37
-0.09 -45.37
-0.09 -45.37
-0.64 -45.19
-0.64 -45.19
-0.64 -45.19
-0.46 -45.19
-0.46 -45.19
-0.46 -45.19
-0.27 -45.19
-0.27 -45.19
-0.27 -45.19
2.46 -43.73
2.46 -43.73
2.46 -43.73
2.65 -43.73
2.65 -43.73
2.65 -43.73
3.01 -43.73
3.01 -43.73
3.01 -43.73
2.65 -43.36
2.65 -43.36
2.65 -43.36
3.01 -43.36
3.01 -43.36
3.01 -43.36
1.73 -43.18
1.73 -43.18
1.73 -43.18
2.28 -43.18
2.28 -43.18
2.28 -43.18
2.65 -43.18
2.65 -43.18
2.65 -43.18
3.01 -43.18
3.01 -43.18
3.01 -43.18
3.20 -43.18
3.20 -43.18
3.20 -43.18
3.38 -43.18
3.38 -43.18
3.38 -43.18
3.74 -43.18
3.74 -43.18
3.74 -43.18
1.55 -43.00
1.55 -43.00
1.55 -43.00
1.73 -43.00
1.73 -43.00
1.73 -43.00
1.92 -43.00
1.92 -43.00
1.92 -43.00
2.65 -43.00
2.65 -43.00
2.65 -43.00
2.83 -43.00
2.83 -43.00
2.83 -43.00
3.01 -43.00
3.01 -43.00
3.01 -43.00
3.20 -43.00
3.20 -43.00
3.20 -43.00
2.28 -42.81
2.28 -42.81
2.28 -42.81
2.46 -42.81
2.46 -42.81
2.46 -42.81
2.65 -42.81
2.65 -42.81
2.65 -42.81
2.83 -42.81
2.83 -42.81
2.83 -42.81
3.01 -42.81
3.01 -42.81
3.01 -42.81
3.20 -42.81
3.20 -42.81
3.20 -42.81
3.38 -42.81
3.38 -42.81
3.38 -42.81
3.56 -42.81
3.56 -42.81
3.56 -42.81
3.74 -42.81
3.74 -42.81
3.74 -42.81
1.55 -42.63
1.55 -42.63
1.55 -42.63
1.92 -42.63
1.92 -42.63
1.92 -42.63
2.10 -42.63
2.10 -42.63
2.10 -42.63
2.28 -42.63
2.28 -42.63
2.28 -42.63
2.46 -42.63
2.46 -42.63
2.46 -42.63
2.65 -42.63
2.65 -42.63
2.65 -42.63
2.83 -42.63
2.83 -42.63
2.83 -42.63
3.01 -42.63
3.01 -42.63
3.01 -42.63
3.20 -42.63
3.20 -42.63
3.20 -42.63
1.73 -42.45
1.73 -42.45
1.73 -42.45
2.46 -42.08
2.46 -42.08
2.46 -42.08
2.65 -42.08
2.65 -42.08
2.65 -42.08
2.83 -42.08
2.83 -42.08
2.83 -42.08
3.01 -42.08
3.01 -42.08
3.01 -42.08
3.20 -42.08
3.20 -42.08
3.20 -42.08
3.38 -42.08
3.38 -42.08
3.38 -42.08
3.56 -42.08
3.56 -42.08
3.56 -42.08
2.46 -41.90
2.46 -41.90
2.46 -41.90
2.65 -41.90
2.65 -41.90
2.65 -41.90
2.83 -41.90
2.83 -41.90
2.83 -41.90
3.01 -41.90
3.01 -41.90
3.01 -41.90
3.20 -41.90
3.20 -41.90
3.20 -41.90
3.38 -41.90
3.38 -41.90
3.38 -41.90
3.56 -41.90
3.56 -41.90
3.56 -41.90
2.83 -41.72
2.83 -41.72
2.83 -41.72
3.01 -41.72
3.01 -41.72
3.01 -41.72
3.20 -41.72
3.20 -41.72
3.20 -41.72
3.38 -41.72
3.38 -41.72
3.38 -41.72
3.56 -41.72
3.56 -41.72
3.56 -41.72
3.74 -41.72
3.74 -41.72
3.74 -41.72
2.28 -41.54
2.28 -41.54
2.28 -41.54
2.46 -41.54
2.46 -41.54
2.46 -41.54
2.65 -41.54
2.65 -41.54
2.65 -41.54
2.83 -41.54
2.83 -41.54
2.83 -41.54
3.01 -41.54
3.01 -41.54
3.01 -41.54
3.20 -41.54
3.20 -41.54
3.20 -41.54
2.28 -41.35
2.28 -41.35
2.28 -41.35
2.46 -41.35
2.46 -41.35
2.46 -41.35
3.74 -41.35
3.74 -41.35
3.74 -41.35
2.28 -41.17
2.28 -41.17
2.28 -41.17
2.46 -41.17
2.46 -41.17
2.46 -41.17
2.65 -41.17
2.65 -41.17
2.65 -41.17
3.56 -41.17
3.56 -41.17
3.56 -41.17
3.74 -41.17
3.74 -41.17
3.74 -41.17
2.28 -40.99
2.28 -40.99
2.28 -40.99
2.46 -40.99
2.46 -40.99
2.46 -40.99
2.65 -40.99
2.65 -40.99
2.65 -40.99
2.83 -40.99
2.83 -40.99
2.83 -40.99
3.01 -40.99
3.01 -40.99
3.01 -40.99
3.20 -40.99
3.20 -40.99
3.20 -40.99
3.38 -40.99
3.38 -40.99
3.38 -40.99
3.56 -40.99
3.56 -40.99
3.56 -40.99
3.74 -40.99
3.74 -40.99
3.74 -40.99
2.83 -40.81
2.83 -40.81
2.83 -40.81
3.01 -40.81
3.01 -40.81
3.01 -40.81
2.83 -40.62
2.83 -40.62
2.83 -40.62
3.01 -40.62
3.01 -40.62
3.01 -40.62
3.20 -40.62
3.20 -40.62
3.20 -40.62
3.74 -40.62
3.74 -40.62
3.74 -40.62
6.48 -40.62
6.48 -40.62
6.48 -40.62
6.66 -40.62
6.66 -40.62
6.66 -40.62
7.03 -40.62
7.03 -40.62
7.03 -40.62
7.21 -40.62
7.21 -40.62
7.21 -40.62
7.58 -40.62
7.58 -40.62
7.58 -40.62
3.20 -40.44
3.20 -40.44
3.20 -40.44
3.38 -40.44
3.38 -40.44
3.38 -40.44
3.74 -40.44
3.74 -40.44
3.74 -40.44
3.93 -40.44
3.93 -40.44
3.93 -40.44
4.11 -40.44
4.11 -40.44
4.11 -40.44
4.47 -40.44
4.47 -40.44
4.47 -40.44
4.66 -40.44
4.66 -40.44
4.66 -40.44
4.84 -40.44
4.84 -40.44
4.84 -40.44
5.02 -40.44
5.02 -40.44
5.02 -40.44
5.20 -40.44
5.20 -40.44
5.20 -40.44
5.39 -40.44
5.39 -40.44
5.39 -40.44
5.93 -40.44
5.93 -40.44
5.93 -40.44
6.30 -40.44
6.30 -40.44
6.30 -40.44
6.85 -40.44
6.85 -40.44
6.85 -40.44
7.21 -40.44
7.21 -40.44
7.21 -40.44
7.39 -40.44
7.39 -40.44
7.39 -40.44
7.76 -40.44
7.76 -40.44
7.76 -40.44
4.29 -40.26
4.29 -40.26
4.29 -40.26
5.39 -40.26
5.39 -40.26
5.39 -40.26
5.75 -40.26
5.75 -40.26
5.75 -40.26
7.39 -40.26
7.39 -40.26
7.39 -40.26
7.76 -40.26
7.76 -40.26
7.76 -40.26
7.94 -40.26
7.94 -40.26
7.94 -40.26
8.12 -40.26
8.12 -40.26
8.12 -40.26
8.31 -40.08
8.31 -40.08
8.31 -40.08
3.20 -39.89
3.20 -39.89
3.20 -39.89
3.38 -39.89
3.38 -39.89
3.38 -39.89
3.56 -39.89
3.56 -39.89
3.56 -39.89
3.74 -39.89
3.74 -39.89
3.74 -39.89
3.93 -39.89
3.93 -39.89
3.93 -39.89
4.11 -39.89
4.11 -39.89
4.11 -39.89
4.29 -39.89
4.29 -39.89
4.29 -39.89
4.47 -39.89
4.47 -39.89
4.47 -39.89
4.66 -39.89
4.66 -39.89
4.66 -39.89
4.84 -39.89
4.84 -39.89
4.84 -39.89
5.02 -39.89
5.02 -39.89
5.02 -39.89
6.30 -39.89
6.30 -39.89
6.30 -39.89
6.48 -39.89
6.48 -39.89
6.48 -39.89
7.21 -39.89
7.21 -39.89
7.21 -39.89
7.39 -39.89
7.39 -39.89
7.39 -39.89
8.12 -39.89
8.12 -39.89
8.12 -39.89
2.83 -39.71
2.83 -39.71
2.83 -39.71
3.01 -39.71
3.01 -39.71
3.01 -39.71
3.20 -39.71
3.20 -39.71
3.20 -39.71
3.38 -39.71
3.38 -39.71
3.38 -39.71
3.56 -39.71
3.56 -39.71
3.56 -39.71
3.74 -39.71
3.74 -39.71
3.74 -39.71
3.93 -39.71
3.93 -39.71
3.93 -39.71
4.11 -39.71
4.11 -39.71
4.11 -39.71
4.29 -39.71
4.29 -39.71
4.29 -39.71
4.47 -39.71
4.47 -39.71
4.47 -39.71
5.20 -39.71
5.20 -39.71
5.20 -39.71
5.93 -39.71
5.93 -39.71
5.93 -39.71
6.12 -39.71
6.12 -39.71
6.12 -39.71
6.30 -39.71
6.30 -39.71
6.30 -39.71
6.48 -39.71
6.48 -39.71
6.48 -39.71
6.66 -39.71
6.66 -39.71
6.66 -39.71
6.85 -39.71
6.85 -39.71
6.85 -39.71
7.03 -39.71
7.03 -39.71
7.03 -39.71
7.21 -39.71
7.21 -39.71
7.21 -39.71
7.39 -39.71
7.39 -39.71
7.39 -39.71
7.58 -39.71
7.58 -39.71
7.58 -39.71
7.76 -39.71
7.76 -39.71
7.76 -39.71
7.94 -39.71
7.94 -39.71
7.94 -39.71
8.31 -39.71
8.31 -39.71
8.31 -39.71
5.20 -39.53
5.20 -39.53
5.20 -39.53
5.39 -39.53
5.39 -39.53
5.39 -39.53
5.57 -39.53
5.57 -39.53
5.57 -39.53
5.75 -39.53
5.75 -39.53
5.75 -39.53
5.93 -39.53
5.93 -39.53
5.93 -39.53
6.12 -39.53
6.12 -39.53
6.12 -39.53
6.30 -39.53
6.30 -39.53
6.30 -39.53
6.48 -39.53
6.48 -39.53
6.48 -39.53
6.66 -39.53
6.66 -39.53
6.66 -39.53
6.85 -39.53
6.85 -39.53
6.85 -39.53
7.03 -39.53
7.03 -39.53
7.03 -39.53
7.58 -39.53
7.58 -39.53
7.58 -39.53
7.76 -39.53
7.76 -39.53
7.76 -39.53
7.94 -39.53
7.94 -39.53
7.94 -39.53
8.31 -39.53
8.31 -39.53
8.31 -39.53
2.10 -39.35
2.10 -39.35
2.10 -39.35
2.28 -39.35
2.28 -39.35
2.28 -39.35
2.46 -39.35
2.46 -39.35
2.46 -39.35
2.65 -39.35
2.65 -39.35
2.65 -39.35
2.83 -39.35
2.83 -39.35
2.83 -39.35
4.29 -39.35
4.29 -39.35
4.29 -39.35
4.47 -39.35
4.47 -39.35
4.47 -39.35
4.66 -39.35
4.66 -39.35
4.66 -39.35
4.84 -39.35
4.84 -39.35
4.84 -39.35
5.02 -39.35
5.02 -39.35
5.02 -39.35
5.20 -39.35
5.20 -39.35
5.20 -39.35
5.39 -39.35
5.39 -39.35
5.39 -39.35
5.57 -39.35
5.57 -39.35
5.57 -39.35
5.75 -39.35
5.75 -39.35
5.75 -39.35
5.93 -39.35
5.93 -39.35
5.93 -39.35
6.12 -39.35
6.12 -39.35
6.12 -39.35
6.30 -39.35
6.30 -39.35
6.30 -39.35
6.48 -39.35
6.48 -39.35
6.48 -39.35
8.12 -39.35
8.12 -39.35
8.12 -39.35
2.10 -39.16
2.10 -39.16
2.10 -39.16
2.28 -39.16
2.28 -39.16
2.28 -39.16
2.46 -39.16
2.46 -39.16
2.46 -39.16
2.65 -39.16
2.65 -39.16
2.65 -39.16
2.83 -39.16
2.83 -39.16
2.83 -39.16
3.01 -39.16
3.01 -39.16
3.01 -39.16
4.29 -39.16
4.29 -39.16
4.29 -39.16
4.47 -39.16
4.47 -39.16
4.47 -39.16
4.66 -39.16
4.66 -39.16
4.66 -39.16
4.84 -39.16
4.84 -39.16
4.84 -39.16
5.02 -39.16
5.02 -39.16
5.02 -39.16
5.20 -39.16
5.20 -39.16
5.20 -39.16
5.39 -39.16
5.39 -39.16
5.39 -39.16
5.57 -39.16
5.57 -39.16
5.57 -39.16
5.75 -39.16
5.75 -39.16
5.75 -39.16
5.93 -39.16
5.93 -39.16
5.93 -39.16
6.12 -39.16
6.12 -39.16
6.12 -39.16
6.30 -39.16
6.30 -39.16
6.30 -39.16
6.48 -39.16
6.48 -39.16
6.48 -39.16
6.66 -39.16
6.66 -39.16
6.66 -39.16
6.85 -39.16
6.85 -39.16
6.85 -39.16
7.03 -39.16
7.03 -39.16
7.03 -39.16
7.21 -39.16
7.21 -39.16
7.21 -39.16
7.39 -39.16
7.39 -39.16
7.39 -39.16
7.58 -39.16
7.58 -39.16
7.58 -39.16
7.76 -39.16
7.76 -39.16
7.76 -39.16
7.94 -39.16
7.94 -39.16
7.94 -39.16
8.12 -39.16
8.12 -39.16
8.12 -39.16
2.10 -38.98
2.10 -38.98
2.10 -38.98
2.28 -38.98
2.28 -38.98
2.28 -38.98
2.46 -38.98
2.46 -38.98
2.46 -38.98
2.65 -38.98
2.65 -38.98
2.65 -38.98
2.83 -38.98
2.83 -38.98
2.83 -38.98
3.01 -38.98
3.01 -38.98
3.01 -38.98
4.29 -38.98
4.29 -38.98
4.29 -38.98
4.47 -38.98
4.47 -38.98
4.47 -38.98
4.66 -38.98
4.66 -38.98
4.66 -38.98
4.84 -38.98
4.84 -38.98
4.84 -38.98
5.02 -38.98
5.02 -38.98
5.02 -38.98
5.20 -38.98
5.20 -38.98
5.20 -38.98
5.39 -38.98
5.39 -38.98
5.39 -38.98
5.57 -38.98
5.57 -38.98
5.57 -38.98
5.75 -38.98
5.75 -38.98
5.75 -38.98
5.93 -38.98
5.93 -38.98
5.93 -38.98
6.12 -38.98
6.12 -38.98
6.12 -38.98
6.30 -38.98
6.30 -38.98
6.30 -38.98
6.66 -38.98
6.66 -38.98
6.66 -38.98
6.85 -38.98
6.85 -38.98
6.85 -38.98
7.03 -38.98
7.03 -38.98
7.03 -38.98
7.21 -38.98
7.21 -38.98
7.21 -38.98
7.39 -38.98
7.39 -38.98
7.39 -38.98
7.58 -38.98
7.58 -38.98
7.58 -38.98
7.76 -38.98
7.76 -38.98
7.76 -38.98
7.94 -38.98
7.94 -38.98
7.94 -38.98
2.10 -38.80
2.10 -38.80
2.10 -38.80
2.83 -38.80
2.83 -38.80
2.83 -38.80
3.01 -38.80
3.01 -38.80
3.01 -38.80
4.11 -38.80
4.11 -38.80
4.11 -38.80
4.29 -38.80
4.29 -38.80
4.29 -38.80
4.47 -38.80
4.47 -38.80
4.47 -38.80
4.66 -38.80
4.66 -38.80
4.66 -38.80
4.84 -38.80
4.84 -38.80
4.84 -38.80
5.02 -38.80
5.02 -38.80
5.02 -38.80
5.20 -38.80
5.20 -38.80
5.20 -38.80
5.39 -38.80
5.39 -38.80
5.39 -38.80
5.57 -38.80
5.57 -38.80
5.57 -38.80
5.75 -38.80
5.75 -38.80
5.75 -38.80
5.93 -38.80
5.93 -38.80
5.93 -38.80
6.12 -38.80
6.12 -38.80
6.12 -38.80
8.12 -38.80
8.12 -38.80
8.12 -38.80
2.65 -38.61
2.65 -38.61
2.65 -38.61
2.83 -38.61
2.83 -38.61
2.83 -38.61
3.01 -38.61
3.01 -38.61
3.01 -38.61
5.20 -38.61
5.20 -38.61
5.20 -38.61
5.39 -38.61
5.39 -38.61
5.39 -38.61
5.75 -38.61
5.75 -38.61
5.75 -38.61
6.12 -38.61
6.12 -38.61
6.12 -38.61
6.48 -38.61
6.48 -38.61
6.48 -38.61
6.66 -38.61
6.66 -38.61
6.66 -38.61
7.03 -38.61
7.03 -38.61
7.03 -38.61
7.39 -38.61
7.39 -38.61
7.39 -38.61
7.58 -38.61
7.58 -38.61
7.58 -38.61
2.10 -38.43
2.10 -38.43
2.10 -38.43
2.28 -38.43
2.28 -38.43
2.28 -38.43
2.65 -38.43
2.65 -38.43
2.65 -38.43
3.01 -38.43
3.01 -38.43
3.01 -38.43
3.38 -38.43
3.38 -38.43
3.38 -38.43
3.56 -38.43
3.56 -38.43
3.56 -38.43
5.93 -38.43
5.93 -38.43
5.93 -38.43
6.12 -38.43
6.12 -38.43
6.12 -38.43
6.48 -38.43
6.48 -38.43
6.48 -38.43
6.66 -38.43
6.66 -38.43
6.66 -38.43
7.03 -38.43
7.03 -38.43
7.03 -38.43
7.94 -38.43
7.94 -38.43
7.94 -38.43
8.12 -38.43
8.12 -38.43
8.12 -38.43
3.20 -38.25
3.20 -38.25
3.20 -38.25
3.56 -38.25
3.56 -38.25
3.56 -38.25
6.12 -38.25
6.12 -38.25
6.12 -38.25
6.48 -38.25
6.48 -38.25
6.48 -38.25
6.66 -38.25
6.66 -38.25
6.66 -38.25
7.03 -38.25
7.03 -38.25
7.03 -38.25
7.58 -38.25
7.58 -38.25
7.58 -38.25
6.12 -38.07
6.12 -38.07
6.12 -38.07
6.48 -38.07
6.48 -38.07
6.48 -38.07
7.58 -38.07
7.58 -38.07
7.58 -38.07
7.76 -38.07
7.76 -38.07
7.76 -38.07
7.94 -38.07
7.94 -38.07
7.94 -38.07
6.85 -37.88
6.85 -37.88
6.85 -37.88
7.03 -37.88
7.03 -37.88
7.03 -37.88
7.21 -37.88
7.21 -37.88
7.21 -37.88
7.39 -37.88
7.39 -37.88
7.39 -37.88
7.58 -37.88
7.58 -37.88
7.58 -37.88
7.76 -37.88
7.76 -37.88
7.76 -37.88
8.12 -37.88
8.12 -37.88
8.12 -37.88
6.30 -37.70
6.30 -37.70
6.30 -37.70
6.66 -37.70
6.66 -37.70
6.66 -37.70
6.85 -37.70
6.85 -37.70
6.85 -37.70
7.39 -37.70
7.39 -37.70
7.39 -37.70
5.93 -37.52
5.93 -37.52
5.93 -37.52
6.12 -37.52
6.12 -37.52
6.12 -37.52
6.30 -37.52
6.30 -37.52
6.30 -37.52
6.66 -37.52
6.66 -37.52
6.66 -37.52
7.03 -37.52
7.03 -37.52
7.03 -37.52
7.21 -37.52
7.21 -37.52
7.21 -37.52
7.39 -37.52
7.39 -37.52
7.39 -37.52
7.03 -37.34
7.03 -37.34
7.03 -37.34
7.21 -37.34
7.21 -37.34
7.21 -37.34
7.39 -37.34
7.39 -37.34
7.39 -37.34
6.66 -37.15
6.66 -37.15
6.66 -37.15
7.03 -37.15
7.03 -37.15
7.03 -37.15
7.21 -37.15
7.21 -37.15
7.21 -37.15
7.39 -37.15
7.39 -37.15
7.39 -37.15
6.66 -36.97
6.66 -36.97
6.66 -36.97
6.85 -36.97
6.85 -36.97
6.85 -36.97
6.85 -36.79
6.85 -36.79
6.85 -36.79
7.03 -36.79
7.03 -36.79
7.03 -36.79
7.39 -36.79
7.39 -36.79
7.39 -36.79
6.66 -36.61
6.66 -36.61
6.66 -36.61
7.39 -36.61
7.39 -36.61
7.39 -36.61
-1.19 -35.33
-1.19 -35.33
-1.19 -35.33
-1.00 -35.33
-1.00 -35.33
-1.00 -35.33
1.92 -35.33
1.92 -35.33
1.92 -35.33
-1.73 -35.15
-1.73 -35.15
-1.73 -35.15
-1.55 -35.15
-1.55 -35.15
-1.55 -35.15
-1.37 -35.15
-1.37 -35.15
-1.37 -35.15
-1.19 -35.15
-1.19 -35.15
-1.19 -35.15
-0.82 -35.15
-0.82 -35.15
-0.82 -35.15
-0.46 -35.15
-0.46 -35.15
-0.46 -35.15
-0.09 -35.15
-0.09 -35.15
-0.09 -35.15
0.09 -35.15
0.09 -35.15
0.09 -35.15
0.64 -35.15
0.64 -35.15
0.64 -35.15
1.55 -35.15
1.55 -35.15
1.55 -35.15
1.73 -35.15
1.73 -35.15
1.73 -35.15
1.92 -35.15
1.92 -35.15
1.92 -35.15
2.28 -35.15
2.28 -35.15
2.28 -35.15
2.46 -35.15
2.46 -35.15
2.46 -35.15
2.65 -35.15
2.65 -35.15
2.65 -35.15
-1.92 -34.96
-1.92 -34.96
-1.92 -34.96
-1.55 -34.96
-1.55 -34.96
-1.55 -34.96
-1.00 -34.96
-1.00 -34.96
-1.00 -34.96
-0.82 -34.96
-0.82 -34.96
-0.82 -34.96
-0.64 -34.96
-0.64 -34.96
-0.64 -34.96
-0.46 -34.96
-0.46 -34.96
-0.46 -34.96
0.82 -34.96
0.82 -34.96
0.82 -34.96
1.19 -34.96
1.19 -34.96
1.19 -34.96
1.37 -34.96
1.37 -34.96
1.37 -34.96
2.28 -34.96
2.28 -34.96
2.28 -34.96
2.65 -34.96
2.65 -34.96
2.65 -34.96
2.83 -34.96
2.83 -34.96
2.83 -34.96
3.01 -34.96
3.01 -34.96
3.01 -34.96
3.20 -34.96
3.20 -34.96
3.20 -34.96
3.56 -34.96
3.56 -34.96
3.56 -34.96
4.11 -34.96
4.11 -34.96
4.11 -34.96
-1.92 -34.78
-1.92 -34.78
-1.92 -34.78
-1.73 -34.78
-1.73 -34.78
-1.73 -34.78
-1.55 -34.78
-1.55 -34.78
-1.55 -34.78
-0.64 -34.78
-0.64 -34.78
-0.64 -34.78
-0.46 -34.78
-0.46 -34.78
-0.46 -34.78
0.27 -34.78
0.27 -34.78
0.27 -34.78
0.64 -34.78
0.64 -34.78
0.64 -34.78
1.00 -34.78
1.00 -34.78
1.00 -34.78
1.55 -34.78
1.55 -34.78
1.55 -34.78
1.73 -34.78
1.73 -34.78
1.73 -34.78
2.10 -34.78
2.10 -34.78
2.10 -34.78
2.83 -34.78
2.83 -34.78
2.83 -34.78
3.01 -34.78
3.01 -34.78
3.01 -34.78
3.20 -34.78
3.20 -34.78
3.20 -34.78
-1.73 -34.60
-1.73 -34.60
-1.73 -34.60
-1.55 -34.60
-1.55 -34.60
-1.55 -34.60
-1.19 -34.60
-1.19 -34.60
-1.19 -34.60
-1.00 -34.60
-1.00 -34.60
-1.00 -34.60
-0.82 -34.60
-0.82 -34.60
-0.82 -34.60
-0.46 -34.60
-0.46 -34.60
-0.46 -34.60
-0.27 -34.60
-0.27 -34.60
-0.27 -34.60
-0.09 -34.60
-0.09 -34.60
-0.09 -34.60
1.00 -34.60
1.00 -34.60
1.00 -34.60
2.10 -34.60
2.10 -34.60
2.10 -34.60
2.28 -34.60
2.28 -34.60
2.28 -34.60
2.46 -34.60
2.46 -34.60
2.46 -34.60
2.65 -34.60
2.65 -34.60
2.65 -34.60
3.20 -34.60
3.20 -34.60
3.20 -34.60
-2.10 -34.42
-2.10 -34.42
-2.10 -34.42
-1.92 -34.42
-1.92 -34.42
-1.92 -34.42
-1.55 -34.42
-1.55 -34.42
-1.55 -34.42
-1.19 -34.42
-1.19 -34.42
-1.19 -34.42
-0.64 -34.42
-0.64 -34.42
-0.64 -34.42
-0.46 -34.42
-0.46 -34.42
-0.46 -34.42
-0.27 -34.42
-0.27 -34.42
-0.27 -34.42
0.27 -34.42
0.27 -34.42
0.27 -34.42
0.46 -34.42
0.46 -34.42
0.46 -34.42
1.37 -34.42
1.37 -34.42
1.37 -34.42
1.73 -34.42
1.73 -34.42
1.73 -34.42
1.92 -34.42
1.92 -34.42
1.92 -34.42
2.28 -34.42
2.28 -34.42
2.28 -34.42
2.65 -34.42
2.65 -34.42
2.65 -34.42
2.83 -34.42
2.83 -34.42
2.83 -34.42
3.01 -34.42
3.01 -34.42
3.01 -34.42
-1.55 -34.23
-1.55 -34.23
-1.55 -34.23
-1.37 -34.23
-1.37 -34.23
-1.37 -34.23
-1.00 -34.23
-1.00 -34.23
-1.00 -34.23
-0.82 -34.23
-0.82 -34.23
-0.82 -34.23
-0.64 -34.23
-0.64 -34.23
-0.64 -34.23
-0.46 -34.23
-0.46 -34.23
-0.46 -34.23
-0.27 -34.23
-0.27 -34.23
-0.27 -34.23
-0.09 -34.23
-0.09 -34.23
-0.09 -34.23
0.09 -34.23
0.09 -34.23
0.09 -34.23
0.82 -34.23
0.82 -34.23
0.82 -34.23
1.55 -34.23
1.55 -34.23
1.55 -34.23
1.73 -34.23
1.73 -34.23
1.73 -34.23
1.92 -34.23
1.92 -34.23
1.92 -34.23
2.10 -34.23
2.10 -34.23
2.10 -34.23
2.28 -34.23
2.28 -34.23
2.28 -34.23
2.46 -34.23
2.46 -34.23
2.46 -34.23
2.83 -34.23
2.83 -34.23
2.83 -34.23
3.38 -34.23
3.38 -34.23
3.38 -34.23
-2.10 -34.05
-2.10 -34.05
-2.10 -34.05
-1.92 -34.05
-1.92 -34.05
-1.92 -34.05
-1.37 -34.05
-1.37 -34.05
-1.37 -34.05
-1.19 -34.05
-1.19 -34.05
-1.19 -34.05
-1.00 -34.05
-1.00 -34.05
-1.00 -34.05
-0.64 -34.05
-0.64 -34.05
-0.64 -34.05
-0.46 -34.05
-0.46 -34.05
-0.46 -34.05
-0.27 -34.05
-0.27 -34.05
-0.27 -34.05
-0.09 -34.05
-0.09 -34.05
-0.09 -34.05
0.09 -34.05
0.09 -34.05
0.09 -34.05
0.27 -34.05
0.27 -34.05
0.27 -34.05
1.00 -34.05
1.00 -34.05
1.00 -34.05
1.19 -34.05
1.19 -34.05
1.19 -34.05
1.37 -34.05
1.37 -34.05
1.37 -34.05
1.55 -34.05
1.55 -34.05
1.55 -34.05
1.73 -34.05
1.73 -34.05
1.73 -34.05
1.92 -34.05
1.92 -34.05
1.92 -34.05
2.10 -34.05
2.10 -34.05
2.10 -34.05
2.28 -34.05
2.28 -34.05
2.28 -34.05
2.46 -34.05
2.46 -34.05
2.46 -34.05
-1.19 -33.87
-1.19 -33.87
-1.19 -33.87
-1.00 -33.87
-1.00 -33.87
-1.00 -33.87
-0.82 -33.87
-0.82 -33.87
-0.82 -33.87
-0.09 -33.87
-0.09 -33.87
-0.09 -33.87
0.09 -33.87
0.09 -33.87
0.09 -33.87
0.27 -33.87
0.27 -33.87
0.27 -33.87
0.46 -33.87
0.46 -33.87
0.46 -33.87
0.64 -33.87
0.64 -33.87
0.64 -33.87
1.19 -33.87
1.19 -33.87
1.19 -33.87
1.92 -33.87
1.92 -33.87
1.92 -33.87
2.10 -33.87
2.10 -33.87
2.10 -33.87
-1.19 -33.69
-1.19 -33.69
-1.19 -33.69
-0.09 -33.69
-0.09 -33.69
-0.09 -33.69
0.09 -33.69
0.09 -33.69
0.09 -33.69
0.27 -33.69
0.27 -33.69
0.27 -33.69
0.46 -33.69
0.46 -33.69
0.46 -33.69
0.64 -33.69
0.64 -33.69
0.64 -33.69
0.82 -33.69
0.82 -33.69
0.82 -33.69
1.00 -33.69
1.00 -33.69
1.00 -33.69
1.55 -33.69
1.55 -33.69
1.55 -33.69
1.73 -33.69
1.73 -33.69
1.73 -33.69
1.92 -33.69
1.92 -33.69
1.92 -33.69
2.28 -33.69
2.28 -33.69
2.28 -33.69
-1.00 -33.50
-1.00 -33.50
-1.00 -33.50
-0.46 -33.50
-0.46 -33.50
-0.46 -33.50
-0.27 -33.50
-0.27 -33.50
-0.27 -33.50
-0.09 -33.50
-0.09 -33.50
-0.09 -33.50
0.09 -33.50
0.09 -33.50
0.09 -33.50
0.27 -33.50
0.27 -33.50
0.27 -33.50
0.46 -33.50
0.46 -33.50
0.46 -33.50
0.64 -33.50
0.64 -33.50
0.64 -33.50
0.82 -33.50
0.82 -33.50
0.82 -33.50
1.37 -33.50
1.37 -33.50
1.37 -33.50
1.55 -33.50
1.55 -33.50
1.55 -33.50
2.46 -33.50
2.46 -33.50
2.46 -33.50
-2.10 -33.32
-2.10 -33.32
-2.10 -33.32
-1.92 -33.32
-1.92 -33.32
-1.92 -33.32
-0.82 -33.32
-0.82 -33.32
-0.82 -33.32
-0.64 -33.32
-0.64 -33.32
-0.64 -33.32
-0.46 -33.32
-0.46 -33.32
-0.46 -33.32
-0.27 -33.32
-0.27 -33.32
-0.27 -33.32
-0.09 -33.32
-0.09 -33.32
-0.09 -33.32
0.09 -33.32
0.09 -33.32
0.09 -33.32
0.27 -33.32
0.27 -33.32
0.27 -33.32
0.46 -33.32
0.46 -33.32
0.46 -33.32
1.92 -33.32
1.92 -33.32
1.92 -33.32
2.10 -33.32
2.10 -33.32
2.10 -33.32
2.46 -33.32
2.46 -33.32
2.46 -33.32
-2.10 -33.14
-2.10 -33.14
-2.10 -33.14
-1.92 -33.14
-1.92 -33.14
-1.92 -33.14
-1.73 -33.14
-1.73 -33.14
-1.73 -33.14
-1.55 -33.14
-1.55 -33.14
-1.55 -33.14
-1.37 -33.14
-1.37 -33.14
-1.37 -33.14
-1.19 -33.14
-1.19 -33.14
-1.19 -33.14
-0.82 -33.14
-0.82 -33.14
-0.82 -33.14
-0.64 -33.14
-0.64 -33.14
-0.64 -33.14
-0.46 -33.14
-0.46 -33.14
-0.46 -33.14
-0.27 -33.14
-0.27 -33.14
-0.27 -33.14
-0.09 -33.14
-0.09 -33.14
-0.09 -33.14
0.09 -33.14
0.09 -33.14
0.09 -33.14
0.27 -33.14
0.27 -33.14
0.27 -33.14
0.46 -33.14
0.46 -33.14
0.46 -33.14
0.82 -33.14
0.82 -33.14
0.82 -33.14
1.00 -33.14
1.00 -33.14
1.00 -33.14
1.19 -33.14
1.19 -33.14
1.19 -33.14
1.73 -33.14
1.73 -33.14
1.73 -33.14
1.92 -33.14
1.92 -33.14
1.92 -33.14
2.28 -33.14
2.28 -33.14
2.28 -33.14
-0.64 -32.96
-0.64 -32.96
-0.64 -32.96
-0.46 -32.96
-0.46 -32.96
-0.46 -32.96
-0.27 -32.96
-0.27 -32.96
-0.27 -32.96
-0.09 -32.96
-0.09 -32.96
-0.09 -32.96
0.09 -32.96
0.09 -32.96
0.09 -32.96
0.27 -32.96
0.27 -32.96
0.27 -32.96
0.46 -32.96
0.46 -32.96
0.46 -32.96
0.64 -32.96
0.64 -32.96
0.64 -32.96
1.00 -32.96
1.00 -32.96
1.00 -32.96
1.19 -32.96
1.19 -32.96
1.19 -32.96
1.55 -32.96
1.55 -32.96
1.55 -32.96
-0.82 -32.77
-0.82 -32.77
-0.82 -32.77
-0.64 -32.77
-0.64 -32.77
-0.64 -32.77
-0.46 -32.77
-0.46 -32.77
-0.46 -32.77
1.00 -32.77
1.00 -32.77
1.00 -32.77
1.55 -32.77
1.55 -32.77
1.55 -32.77
-2.28 -32.59
-2.28 -32.59
-2.28 -32.59
-2.10 -32.59
-2.10 -32.59
-2.10 -32.59
-1.92 -32.59
-1.92 -32.59
-1.92 -32.59
-1.73 -32.59
-1.73 -32.59
-1.73 -32.59
-1.55 -32.59
-1.55 -32.59
-1.55 -32.59
0.82 -32.59
0.82 -32.59
0.82 -32.59
1.00 -32.59
1.00 -32.59
1.00 -32.59
1.37 -32.59
1.37 -32.59
1.37 -32.59
1.73 -32.59
1.73 -32.59
1.73 -32.59
-2.65 -32.41
-2.65 -32.41
-2.65 -32.41
-2.28 -32.41
-2.28 -32.41
-2.28 -32.41
-2.10 -32.41
-2.10 -32.41
-2.10 -32.41
-1.92 -32.41
-1.92 -32.41
-1.92 -32.41
-1.73 -32.41
-1.73 -32.41
-1.73 -32.41
-1.55 -32.41
-1.55 -32.41
-1.55 -32.41
-1.37 -32.41
-1.37 -32.41
-1.37 -32.41
1.19 -32.41
1.19 -32.41
1.19 -32.41
-3.56 -32.22
-3.56 -32.22
-3.56 -32.22
-3.38 -32.22
-3.38 -32.22
-3.38 -32.22
-3.01 -32.22
-3.01 -32.22
-3.01 -32.22
-2.46 -32.22
-2.46 -32.22
-2.46 -32.22
-2.10 -32.22
-2.10 -32.22
-2.10 -32.22
-1.92 -32.22
-1.92 -32.22
-1.92 -32.22
-1.73 -32.22
-1.73 -32.22
-1.73 -32.22
-1.55 -32.22
-1.55 -32.22
-1.55 -32.22
-1.37 -32.22
-1.37 -32.22
-1.37 -32.22
0.82 -32.22
0.82 -32.22
0.82 -32.22
1.00 -32.22
1.00 -32.22
1.00 -32.22
1.55 -32.22
1.55 -32.22
1.55 -32.22
1.73 -32.22
1.73 -32.22
1.73 -32.22
-3.74 -32.04
-3.74 -32.04
-3.74 -32.04
-2.83 -32.04
-2.83 -32.04
-2.83 -32.04
-2.65 -32.04
-2.65 -32.04
-2.65 -32.04
-2.46 -32.04
-2.46 -32.04
-2.46 -32.04
-2.10 -32.04
-2.10 -32.04
-2.10 -32.04
-1.92 -32.04
-1.92 -32.04
-1.92 -32.04
-1.73 -32.04
-1.73 -32.04
-1.73 -32.04
-1.55 -32.04
-1.55 -32.04
-1.55 -32.04
-1.37 -32.04
-1.37 -32.04
-1.37 -32.04
-1.19 -32.04
-1.19 -32.04
-1.19 -32.04
-1.00 -32.04
-1.00 -32.04
-1.00 -32.04
-0.82 -32.04
-0.82 -32.04
-0.82 -32.04
-3.56 -31.86
-3.56 -31.86
-3.56 -31.86
-3.20 -31.86
-3.20 -31.86
-3.20 -31.86
-2.65 -31.86
-2.65 -31.86
-2.65 -31.86
-2.28 -31.86
-2.28 -31.86
-2.28 -31.86
-2.10 -31.86
-2.10 -31.86
-2.10 -31.86
-1.92 -31.86
-1.92 -31.86
-1.92 -31.86
-1.73 -31.86
-1.73 -31.86
-1.73 -31.86
-1.55 -31.86
-1.55 -31.86
-1.55 -31.86
-1.37 -31.86
-1.37 -31.86
-1.37 -31.86
0.27 -31.86
0.27 -31.86
0.27 -31.86
0.46 -31.86
0.46 -31.86
0.46 -31.86
0.64 -31.86
0.64 -31.86
0.64 -31.86
0.82 -31.86
0.82 -31.86
0.82 -31.86
-3.01 -31.68
-3.01 -31.68
-3.01 -31.68
-2.65 -31.68
-2.65 -31.68
-2.65 -31.68
-2.10 -31.68
-2.10 -31.68
-2.10 -31.68
-1.92 -31.68
-1.92 -31.68
-1.92 -31.68
-1.73 -31.68
-1.73 -31.68
-1.73 -31.68
-1.55 -31.68
-1.55 -31.68
-1.55 -31.68
0.27 -31.68
0.27 -31.68
0.27 -31.68
0.46 -31.68
0.46 -31.68
0.46 -31.68
0.64 -31.68
0.64 -31.68
0.64 -31.68
0.82 -31.68
0.82 -31.68
0.82 -31.68
-3.38 -31.49
-3.38 -31.49
-3.38 -31.49
-2.46 -31.49
-2.46 -31.49
-2.46 -31.49
-2.28 -31.49
-2.28 -31.49
-2.28 -31.49
-2.10 -31.49
-2.10 -31.49
-2.10 -31.49
-1.92 -31.49
-1.92 -31.49
-1.92 -31.49
-1.73 -31.49
-1.73 -31.49
-1.73 -31.49
-1.55 -31.49
-1.55 -31.49
-1.55 -31.49
-1.37 -31.49
-1.37 -31.49
-1.37 -31.49
-1.19 -31.49
-1.19 -31.49
-1.19 -31.49
0.82 -31.49
0.82 -31.49
0.82 -31.49
-2.28 -31.31
-2.28 -31.31
-2.28 -31.31
-2.10 -31.31
-2.10 -31.31
-2.10 -31.31
-1.92 -31.31
-1.92 -31.31
-1.92 -31.31
-1.73 -31.31
-1.73 -31.31
-1.73 -31.31
-0.64 -31.31
-0.64 -31.31
-0.64 -31.31
-0.46 -31.31
-0.46 -31.31
-0.46 -31.31
-0.09 -31.31
-0.09 -31.31
-0.09 -31.31
0.09 -31.31
0.09 -31.31
0.09 -31.31
0.27 -31.31
0.27 -31.31
0.27 -31.31
0.64 -31.31
0.64 -31.31
0.64 -31.31
0.82 -31.31
0.82 -31.31
0.82 -31.31
-3.74 -31.13
-3.74 -31.13
-3.74 -31.13
-3.56 -31.13
-3.56 -31.13
-3.56 -31.13
-2.65 -31.13
-2.65 -31.13
-2.65 -31.13
-2.46 -31.13
-2.46 -31.13
-2.46 -31.13
-2.28 -31.13
-2.28 -31.13
-2.28 -31.13
-2.10 -31.13
-2.10 -31.13
-2.10 -31.13
-1.92 -31.13
-1.92 -31.13
-1.92 -31.13
-1.73 -31.13
-1.73 -31.13
-1.73 -31.13
-1.55 -31.13
-1.55 -31.13
-1.55 -31.13
-0.46 -31.13
-0.46 -31.13
-0.46 -31.13
-0.27 -31.13
-0.27 -31.13
-0.27 -31.13
-0.09 -31.13
-0.09 -31.13
-0.09 -31.13
0.09 -31.13
0.09 -31.13
0.09 -31.13
0.27 -31.13
0.27 -31.13
0.27 -31.13
0.46 -31.13
0.46 -31.13
0.46 -31.13
0.64 -31.13
0.64 -31.13
0.64 -31.13
0.82 -31.13
0.82 -31.13
0.82 -31.13
-3.56 -30.95
-3.56 -30.95
-3.56 -30.95
-3.38 -30.95
-3.38 -30.95
-3.38 -30.95
-3.20 -30.95
-3.20 -30.95
-3.20 -30.95
-3.01 -30.95
-3.01 -30.95
-3.01 -30.95
-2.83 -30.95
-2.83 -30.95
-2.83 -30.95
-2.65 -30.95
-2.65 -30.95
-2.65 -30.95
-2.46 -30.95
-2.46 -30.95
-2.46 -30.95
-2.28 -30.95
-2.28 -30.95
-2.28 -30.95
-2.10 -30.95
-2.10 -30.95
-2.10 -30.95
-1.92 -30.95
-1.92 -30.95
-1.92 -30.95
-1.73 -30.95
-1.73 -30.95
-1.73 -30.95
-1.55 -30.95
-1.55 -30.95
-1.55 -30.95
-1.37 -30.95
-1.37 -30.95
-1.37 -30.95
-1.19 -30.95
-1.19 -30.95
-1.19 -30.95
-1.00 -30.95
-1.00 -30.95
-1.00 -30.95
-0.46 -30.95
-0.46 -30.95
-0.46 -30.95
0.09 -30.95
0.09 -30.95
0.09 -30.95
-3.93 -30.76
-3.93 -30.76
-3.93 -30.76
-3.74 -30.76
-3.74 -30.76
-3.74 -30.76
-3.20 -30.76
-3.20 -30.76
-3.20 -30.76
-3.01 -30.76
-3.01 -30.76
-3.01 -30.76
-2.83 -30.76
-2.83 -30.76
-2.83 -30.76
-2.65 -30.76
-2.65 -30.76
-2.65 -30.76
-1.73 -30.76
-1.73 -30.76
-1.73 -30.76
-1.55 -30.76
-1.55 -30.76
-1.55 -30.76
-1.37 -30.76
-1.37 -30.76
-1.37 -30.76
-1.19 -30.76
-1.19 -30.76
-1.19 -30.76
-1.00 -30.76
-1.00 -30.76
-1.00 -30.76
-0.82 -30.76
-0.82 -30.76
-0.82 -30.76
-0.46 -30.76
-0.46 -30.76
-0.46 -30.76
-0.27 -30.76
-0.27 -30.76
-0.27 -30.76
-0.09 -30.76
-0.09 -30.76
-0.09 -30.76
-4.11 -30.58
-4.11 -30.58
-4.11 -30.58
-3.93 -30.58
-3.93 -30.58
-3.93 -30.58
-3.01 -30.58
-3.01 -30.58
-3.01 -30.58
-2.83 -30.58
-2.83 -30.58
-2.83 -30.58
-2.65 -30.58
-2.65 -30.58
-2.65 -30.58
-2.46 -30.58
-2.46 -30.58
-2.46 -30.58
-2.10 -30.58
-2.10 -30.58
-2.10 -30.58
-1.92 -30.58
-1.92 -30.58
-1.92 -30.58
-1.73 -30.58
-1.73 -30.58
-1.73 -30.58
-1.55 -30.58
-1.55 -30.58
-1.55 -30.58
-1.37 -30.58
-1.37 -30.58
-1.37 -30.58
-1.19 -30.58
-1.19 -30.58
-1.19 -30.58
-1.00 -30.58
-1.00 -30.58
-1.00 -30.58
-0.82 -30.58
-0.82 -30.58
-0.82 -30.58
-0.64 -30.58
-0.64 -30.58
-0.64 -30.58
-4.66 -30.40
-4.66 -30.40
-4.66 -30.40
-3.74 -30.40
-3.74 -30.40
-3.74 -30.40
-3.56 -30.40
-3.56 -30.40
-3.56 -30.40
-3.38 -30.40
-3.38 -30.40
-3.38 -30.40
-3.20 -30.40
-3.20 -30.40
-3.20 -30.40
-3.01 -30.40
-3.01 -30.40
-3.01 -30.40
-2.83 -30.40
-2.83 -30.40
-2.83 -30.40
-2.65 -30.40
-2.65 -30.40
-2.65 -30.40
-2.46 -30.40
-2.46 -30.40
-2.46 -30.40
-2.28 -30.40
-2.28 -30.40
-2.28 -30.40
-2.10 -30.40
-2.10 -30.40
-2.10 -30.40
-1.92 -30.40
-1.92 -30.40
-1.92 -30.40
-1.73 -30.40
-1.73 -30.40
-1.73 -30.40
-1.55 -30.40
-1.55 -30.40
-1.55 -30.40
-1.37 -30.40
-1.37 -30.40
-1.37 -30.40
-0.09 -30.40
-0.09 -30.40
-0.09 -30.40
-4.47 -30.22
-4.47 -30.22
-4.47 -30.22
-4.29 -30.22
-4.29 -30.22
-4.29 -30.22
-4.11 -30.22
-4.11 -30.22
-4.11 -30.22
-3.56 -30.22
-3.56 -30.22
-3.56 -30.22
-3.38 -30.22
-3.38 -30.22
-3.38 -30.22
-3.20 -30.22
-3.20 -30.22
-3.20 -30.22
-3.01 -30.22
-3.01 -30.22
-3.01 -30.22
-2.83 -30.22
-2.83 -30.22
-2.83 -30.22
-2.65 -30.22
-2.65 -30.22
-2.65 -30.22
-2.46 -30.22
-2.46 -30.22
-2.46 -30.22
-2.28 -30.22
-2.28 -30.22
-2.28 -30.22
-2.10 -30.22
-2.10 -30.22
-2.10 -30.22
-0.64 -30.22
-0.64 -30.22
-0.64 -30.22
-0.27 -30.22
-0.27 -30.22
-0.27 -30.22
-0.09 -30.22
-0.09 -30.22
-0.09 -30.22
-4.66 -30.03
-4.66 -30.03
-4.66 -30.03
-4.47 -30.03
-4.47 -30.03
-4.47 -30.03
-4.11 -30.03
-4.11 -30.03
-4.11 -30.03
-3.74 -30.03
-3.74 -30.03
-3.74 -30.03
-3.38 -30.03
-3.38 -30.03
-3.38 -30.03
-3.20 -30.03
-3.20 -30.03
-3.20 -30.03
-3.01 -30.03
-3.01 -30.03
-3.01 -30.03
-0.82 -30.03
-0.82 -30.03
-0.82 -30.03
-0.27 -30.03
-0.27 -30.03
-0.27 -30.03
-4.66 -29.85
-4.66 -29.85
-4.66 -29.85
-4.29 -29.85
-4.29 -29.85
-4.29 -29.85
-3.20 -29.85
-3.20 -29.85
-3.20 -29.85
-3.01 -29.85
-3.01 -29.85
-3.01 -29.85
-2.83 -29.85
-2.83 -29.85
-2.83 -29.85
-2.65 -29.85
-2.65 -29.85
-2.65 -29.85
-1.00 -29.85
-1.00 -29.85
-1.00 -29.85
-0.82 -29.85
-0.82 -29.85
-0.82 -29.85
-0.64 -29.85
-0.64 -29.85
-0.64 -29.85
-0.46 -29.85
-0.46 -29.85
-0.46 -29.85
-0.09 -29.85
-0.09 -29.85
-0.09 -29.85
-4.29 -29.67
-4.29 -29.67
-4.29 -29.67
-3.38 -29.67
-3.38 -29.67
-3.38 -29.67
-3.20 -29.67
-3.20 -29.67
-3.20 -29.67
-3.01 -29.67
-3.01 -29.67
-3.01 -29.67
-2.83 -29.67
-2.83 -29.67
-2.83 -29.67
-2.65 -29.67
-2.65 -29.67
-2.65 -29.67
-2.46 -29.67
-2.46 -29.67
-2.46 -29.67
-2.10 -29.67
-2.10 -29.67
-2.10 -29.67
-1.00 -29.67
-1.00 -29.67
-1.00 -29.67
-0.82 -29.67
-0.82 -29.67
-0.82 -29.67
-0.46 -29.67
-0.46 -29.67
-0.46 -29.67
-0.27 -29.67
-0.27 -29.67
-0.27 -29.67
-0.09 -29.67
-0.09 -29.67
-0.09 -29.67
-4.66 -29.49
-4.66 -29.49
-4.66 -29.49
-4.29 -29.49
-4.29 -29.49
-4.29 -29.49
-3.56 -29.49
-3.56 -29.49
-3.56 -29.49
-3.38 -29.49
-3.38 -29.49
-3.38 -29.49
-3.20 -29.49
-3.20 -29.49
-3.20 -29.49
-3.01 -29.49
-3.01 -29.49
-3.01 -29.49
-2.83 -29.49
-2.83 -29.49
-2.83 -29.49
-2.65 -29.49
-2.65 -29.49
-2.65 -29.49
-2.46 -29.49
-2.46 -29.49
-2.46 -29.49
-2.28 -29.49
-2.28 -29.49
-2.28 -29.49
-2.10 -29.49
-2.10 -29.49
-2.10 -29.49
-1.92 -29.49
-1.92 -29.49
-1.92 -29.49
-1.73 -29.49
-1.73 -29.49
-1.73 -29.49
-1.37 -29.49
-1.37 -29.49
-1.37 -29.49
-1.19 -29.49
-1.19 -29.49
-1.19 -29.49
-1.00 -29.49
-1.00 -29.49
-1.00 -29.49
-0.82 -29.49
-0.82 -29.49
-0.82 -29.49
-0.64 -29.49
-0.64 -29.49
-0.64 -29.49
-0.46 -29.49
-0.46 -29.49
-0.46 -29.49
-0.09 -29.49
-0.09 -29.49
-0.09 -29.49
-4.66 -29.30
-4.66 -29.30
-4.66 -29.30
-4.47 -29.30
-4.47 -29.30
-4.47 -29.30
-4.29 -29.30
-4.29 -29.30
-4.29 -29.30
-4.11 -29.30
-4.11 -29.30
-4.11 -29.30
-3.93 -29.30
-3.93 -29.30
-3.93 -29.30
-3.74 -29.30
-3.74 -29.30
-3.74 -29.30
-3.56 -29.30
-3.56 -29.30
-3.56 -29.30
-3.38 -29.30
-3.38 -29.30
-3.38 -29.30
-3.20 -29.30
-3.20 -29.30
-3.20 -29.30
-3.01 -29.30
-3.01 -29.30
-3.01 -29.30
-2.83 -29.30
-2.83 -29.30
-2.83 -29.30
-2.65 -29.30
-2.65 -29.30
-2.65 -29.30
-2.46 -29.30
-2.46 -29.30
-2.46 -29.30
-2.28 -29.30
-2.28 -29.30
-2.28 -29.30
-2.10 -29.30
-2.10 -29.30
-2.10 -29.30
-1.92 -29.30
-1.92 -29.30
-1.92 -29.30
-1.73 -29.30
-1.73 -29.30
-1.73 -29.30
-1.55 -29.30
-1.55 -29.30
-1.55 -29.30
-1.37 -29.30
-1.37 -29.30
-1.37 -29.30
-1.19 -29.30
-1.19 -29.30
-1.19 -29.30
-1.00 -29.30
-1.00 -29.30
-1.00 -29.30
-0.82 -29.30
-0.82 -29.30
-0.82 -29.30
-0.64 -29.30
-0.64 -29.30
-0.64 -29.30
-0.46 -29.30
-0.46 -29.30
-0.46 -29.30
-0.09 -29.30
-0.09 -29.30
-0.09 -29.30
-4.47 -29.12
-4.47 -29.12
-4.47 -29.12
-4.29 -29.12
-4.29 -29.12
-4.29 -29.12
-4.11 -29.12
-4.11 -29.12
-4.11 -29.12
-3.93 -29.12
-3.93 -29.12
-3.93 -29.12
-3.74 -29.12
-3.74 -29.12
-3.74 -29.12
-3.56 -29.12
-3.56 -29.12
-3.56 -29.12
-3.38 -29.12
-3.38 -29.12
-3.38 -29.12
-3.20 -29.12
-3.20 -29.12
-3.20 -29.12
-3.01 -29.12
-3.01 -29.12
-3.01 -29.12
-2.83 -29.12
-2.83 -29.12
-2.83 -29.12
-2.65 -29.12
-2.65 -29.12
-2.65 -29.12
-2.46 -29.12
-2.46 -29.12
-2.46 -29.12
-2.28 -29.12
-2.28 -29.12
-2.28 -29.12
-2.10 -29.12
-2.10 -29.12
-2.10 -29.12
-1.92 -29.12
-1.92 -29.12
-1.92 -29.12
-1.73 -29.12
-1.73 -29.12
-1.73 -29.12
-1.55 -29.12
-1.55 -29.12
-1.55 -29.12
-1.37 -29.12
-1.37 -29.12
-1.37 -29.12
-1.19 -29.12
-1.19 -29.12
-1.19 -29.12
-1.00 -29.12
-1.00 -29.12
-1.00 -29.12
-0.82 -29.12
-0.82 -29.12
-0.82 -29.12
-0.64 -29.12
-0.64 -29.12
-0.64 -29.12
-0.46 -29.12
-0.46 -29.12
-0.46 -29.12
-0.09 -29.12
-0.09 -29.12
-0.09 -29.12
-4.47 -28.94
-4.47 -28.94
-4.47 -28.94
-4.11 -28.94
-4.11 -28.94
-4.11 -28.94
-3.93 -28.94
-3.93 -28.94
-3.93 -28.94
-3.74 -28.94
-3.74 -28.94
-3.74 -28.94
-3.56 -28.94
-3.56 -28.94
-3.56 -28.94
-3.38 -28.94
-3.38 -28.94
-3.38 -28.94
-3.20 -28.94
-3.20 -28.94
-3.20 -28.94
-3.01 -28.94
-3.01 -28.94
-3.01 -28.94
-2.83 -28.94
-2.83 -28.94
-2.83 -28.94
-2.65 -28.94
-2.65 -28.94
-2.65 -28.94
-2.46 -28.94
-2.46 -28.94
-2.46 -28.94
-2.28 -28.94
-2.28 -28.94
-2.28 -28.94
-2.10 -28.94
-2.10 -28.94
-2.10 -28.94
-1.92 -28.94
-1.92 -28.94
-1.92 -28.94
-1.73 -28.94
-1.73 -28.94
-1.73 -28.94
-1.55 -28.94
-1.55 -28.94
-1.55 -28.94
-1.37 -28.94
-1.37 -28.94
-1.37 -28.94
-1.19 -28.94
-1.19 -28.94
-1.19 -28.94
-1.00 -28.94
-1.00 -28.94
-1.00 -28.94
-0.82 -28.94
-0.82 -28.94
-0.82 -28.94
-0.64 -28.94
-0.64 -28.94
-0.64 -28.94
-0.46 -28.94
-0.46 -28.94
-0.46 -28.94
-0.27 -28.94
-0.27 -28.94
-0.27 -28.94
-0.09 -28.94
-0.09 -28.94
-0.09 -28.94
-4.47 -28.76
-4.47 -28.76
-4.47 -28.76
-4.11 -28.76
-4.11 -28.76
-4.11 -28.76
-3.93 -28.76
-3.93 -28.76
-3.93 -28.76
-3.74 -28.76
-3.74 -28.76
-3.74 -28.76
-3.56 -28.76
-3.56 -28.76
-3.56 -28.76
-3.38 -28.76
-3.38 -28.76
-3.38 -28.76
-3.20 -28.76
-3.20 -28.76
-3.20 -28.76
-3.01 -28.76
-3.01 -28.76
-3.01 -28.76
-2.83 -28.76
-2.83 -28.76
-2.83 -28.76
-2.65 -28.76
-2.65 -28.76
-2.65 -28.76
-2.46 -28.76
-2.46 -28.76
-2.46 -28.76
-2.28 -28.76
-2.28 -28.76
-2.28 -28.76
-2.10 -28.76
-2.10 -28.76
-2.10 -28.76
-1.92 -28.76
-1.92 -28.76
-1.92 -28.76
-1.73 -28.76
-1.73 -28.76
-1.73 -28.76
-1.55 -28.76
-1.55 -28.76
-1.55 -28.76
-1.37 -28.76
-1.37 -28.76
-1.37 -28.76
-1.19 -28.76
-1.19 -28.76
-1.19 -28.76
-1.00 -28.76
-1.00 -28.76
-1.00 -28.76
-0.82 -28.76
-0.82 -28.76
-0.82 -28.76
-0.64 -28.76
-0.64 -28.76
-0.64 -28.76
-0.46 -28.76
-0.46 -28.76
-0.46 -28.76
-0.27 -28.76
-0.27 -28.76
-0.27 -28.76
-0.09 -28.76
-0.09 -28.76
-0.09 -28.76
-4.47 -28.57
-4.47 -28.57
-4.47 -28.57
-4.11 -28.57
-4.11 -28.57
-4.11 -28.57
-3.93 -28.57
-3.93 -28.57
-3.93 -28.57
-3.74 -28.57
-3.74 -28.57
-3.74 -28.57
-3.56 -28.57
-3.56 -28.57
-3.56 -28.57
-3.38 -28.57
-3.38 -28.57
-3.38 -28.57
-3.20 -28.57
-3.20 -28.57
-3.20 -28.57
-3.01 -28.57
-3.01 -28.57
-3.01 -28.57
-2.83 -28.57
-2.83 -28.57
-2.83 -28.57
-2.65 -28.57
-2.65 -28.57
-2.65 -28.57
-2.46 -28.57
-2.46 -28.57
-2.46 -28.57
-2.28 -28.57
-2.28 -28.57
-2.28 -28.57
-2.10 -28.57
-2.10 -28.57
-2.10 -28.57
-1.92 -28.57
-1.92 -28.57
-1.92 -28.57
-1.73 -28.57
-1.73 -28.57
-1.73 -28.57
-1.55 -28.57
-1.55 -28.57
-1.55 -28.57
-1.37 -28.57
-1.37 -28.57
-1.37 -28.57
-1.19 -28.57
-1.19 -28.57
-1.19 -28.57
-1.00 -28.57
-1.00 -28.57
-1.00 -28.57
-0.82 -28.57
-0.82 -28.57
-0.82 -28.57
-0.64 -28.57
-0.64 -28.57
-0.64 -28.57
-0.27 -28.57
-0.27 -28.57
-0.27 -28.57
-0.09 -28.57
-0.09 -28.57
-0.09 -28.57
-4.66 -28.39
-4.66 -28.39
-4.66 -28.39
-4.47 -28.39
-4.47 -28.39
-4.47 -28.39
-4.29 -28.39
-4.29 -28.39
-4.29 -28.39
-3.93 -28.39
-3.93 -28.39
-3.93 -28.39
-3.56 -28.39
-3.56 -28.39
-3.56 -28.39
-3.38 -28.39
-3.38 -28.39
-3.38 -28.39
-3.20 -28.39
-3.20 -28.39
-3.20 -28.39
-3.01 -28.39
-3.01 -28.39
-3.01 -28.39
-2.83 -28.39
-2.83 -28.39
-2.83 -28.39
-2.65 -28.39
-2.65 -28.39
-2.65 -28.39
-2.46 -28.39
-2.46 -28.39
-2.46 -28.39
-2.28 -28.39
-2.28 -28.39
-2.28 -28.39
-2.10 -28.39
-2.10 -28.39
-2.10 -28.39
-1.92 -28.39
-1.92 -28.39
-1.92 -28.39
-1.73 -28.39
-1.73 -28.39
-1.73 -28.39
-1.55 -28.39
-1.55 -28.39
-1.55 -28.39
-1.37 -28.39
-1.37 -28.39
-1.37 -28.39
-1.19 -28.39
-1.19 -28.39
-1.19 -28.39
-1.00 -28.39
-1.00 -28.39
-1.00 -28.39
-0.82 -28.39
-0.82 -28.39
-0.82 -28.39
-0.64 -28.39
-0.64 -28.39
-0.64 -28.39
-0.46 -28.39
-0.46 -28.39
-0.46 -28.39
-0.09 -28.39
-0.09 -28.39
-0.09 -28.39
-4.29 -28.21
-4.29 -28.21
-4.29 -28.21
-4.11 -28.21
-4.11 -28.21
-4.11 -28.21
-3.93 -28.21
-3.93 -28.21
-3.93 -28.21
-3.74 -28.21
-3.74 -28.21
-3.74 -28.21
-3.56 -28.21
-3.56 -28.21
-3.56 -28.21
-3.38 -28.21
-3.38 -28.21
-3.38 -28.21
-3.20 -28.21
-3.20 -28.21
-3.20 -28.21
-3.01 -28.21
-3.01 -28.21
-3.01 -28.21
-2.83 -28.21
-2.83 -28.21
-2.83 -28.21
-2.65 -28.21
-2.65 -28.21
-2.65 -28.21
-2.46 -28.21
-2.46 -28.21
-2.46 -28.21
-2.28 -28.21
-2.28 -28.21
-2.28 -28.21
-2.10 -28.21
-2.10 -28.21
-2.10 -28.21
-1.92 -28.21
-1.92 -28.21
-1.92 -28.21
-1.73 -28.21
-1.73 -28.21
-1.73 -28.21
-1.55 -28.21
-1.55 -28.21
-1.55 -28.21
-1.37 -28.21
-1.37 -28.21
-1.37 -28.21
-1.19 -28.21
-1.19 -28.21
-1.19 -28.21
-1.00 -28.21
-1.00 -28.21
-1.00 -28.21
-0.82 -28.21
-0.82 -28.21
-0.82 -28.21
-0.64 -28.21
-0.64 -28.21
-0.64 -28.21
-0.27 -28.21
-0.27 -28.21
-0.27 -28.21
-4.66 -28.03
-4.66 -28.03
-4.66 -28.03
-4.29 -28.03
-4.29 -28.03
-4.29 -28.03
-4.11 -28.03
-4.11 -28.03
-4.11 -28.03
-3.93 -28.03
-3.93 -28.03
-3.93 -28.03
-3.74 -28.03
-3.74 -28.03
-3.74 -28.03
-3.56 -28.03
-3.56 -28.03
-3.56 -28.03
-3.38 -28.03
-3.38 -28.03
-3.38 -28.03
-3.20 -28.03
-3.20 -28.03
-3.20 -28.03
-3.01 -28.03
-3.01 -28.03
-3.01 -28.03
-2.83 -28.03
-2.83 -28.03
-2.83 -28.03
-2.65 -28.03
-2.65 -28.03
-2.65 -28.03
-2.46 -28.03
-2.46 -28.03
-2.46 -28.03
-2.28 -28.03
-2.28 -28.03
-2.28 -28.03
-2.10 -28.03
-2.10 -28.03
-2.10 -28.03
-1.92 -28.03
-1.92 -28.03
-1.92 -28.03
-1.73 -28.03
-1.73 -28.03
-1.73 -28.03
-1.55 -28.03
-1.55 -28.03
-1.55 -28.03
-1.37 -28.03
-1.37 -28.03
-1.37 -28.03
-1.19 -28.03
-1.19 -28.03
-1.19 -28.03
-1.00 -28.03
-1.00 -28.03
-1.00 -28.03
-0.82 -28.03
-0.82 -28.03
-0.82 -28.03
-0.64 -28.03
-0.64 -28.03
-0.64 -28.03
-0.09 -28.03
-0.09 -28.03
-0.09 -28.03
-4.84 -27.84
-4.84 -27.84
-4.84 -27.84
-4.66 -27.84
-4.66 -27.84
-4.66 -27.84
-4.29 -27.84
-4.29 -27.84
-4.29 -27.84
-4.11 -27.84
-4.11 -27.84
-4.11 -27.84
-3.74 -27.84
-3.74 -27.84
-3.74 -27.84
-3.56 -27.84
-3.56 -27.84
-3.56 -27.84
-3.38 -27.84
-3.38 -27.84
-3.38 -27.84
-3.20 -27.84
-3.20 -27.84
-3.20 -27.84
-3.01 -27.84
-3.01 -27.84
-3.01 -27.84
-2.83 -27.84
-2.83 -27.84
-2.83 -27.84
-2.65 -27.84
-2.65 -27.84
-2.65 -27.84
-2.46 -27.84
-2.46 -27.84
-2.46 -27.84
-2.28 -27.84
-2.28 -27.84
-2.28 -27.84
-2.10 -27.84
-2.10 -27.84
-2.10 -27.84
-1.92 -27.84
-1.92 -27.84
-1.92 -27.84
-1.73 -27.84
-1.73 -27.84
-1.73 -27.84
-1.55 -27.84
-1.55 -27.84
-1.55 -27.84
-1.37 -27.84
-1.37 -27.84
-1.37 -27.84
-1.19 -27.84
-1.19 -27.84
-1.19 -27.84
-1.00 -27.84
-1.00 -27.84
-1.00 -27.84
-0.82 -27.84
-0.82 -27.84
-0.82 -27.84
-0.27 -27.84
-0.27 -27.84
-0.27 -27.84
-0.09 -27.84
-0.09 -27.84
-0.09 -27.84
-4.84 -27.66
-4.84 -27.66
-4.84 -27.66
-4.66 -27.66
-4.66 -27.66
-4.66 -27.66
-4.29 -27.66
-4.29 -27.66
-4.29 -27.66
-4.11 -27.66
-4.11 -27.66
-4.11 -27.66
-3.93 -27.66
-3.93 -27.66
-3.93 -27.66
-3.74 -27.66
-3.74 -27.66
-3.74 -27.66
-3.56 -27.66
-3.56 -27.66
-3.56 -27.66
-3.38 -27.66
-3.38 -27.66
-3.38 -27.66
-3.20 -27.66
-3.20 -27.66
-3.20 -27.66
-3.01 -27.66
-3.01 -27.66
-3.01 -27.66
-2.83 -27.66
-2.83 -27.66
-2.83 -27.66
-2.65 -27.66
-2.65 -27.66
-2.65 -27.66
-2.46 -27.66
-2.46 -27.66
-2.46 -27.66
-2.28 -27.66
-2.28 -27.66
-2.28 -27.66
-2.10 -27.66
-2.10 -27.66
-2.10 -27.66
-1.92 -27.66
-1.92 -27.66
-1.92 -27.66
-1.73 -27.66
-1.73 -27.66
-1.73 -27.66
-1.55 -27.66
-1.55 -27.66
-1.55 -27.66
-1.37 -27.66
-1.37 -27.66
-1.37 -27.66
-1.19 -27.66
-1.19 -27.66
-1.19 -27.66
-1.00 -27.66
-1.00 -27.66
-1.00 -27.66
-0.82 -27.66
-0.82 -27.66
-0.82 -27.66
-0.64 -27.66
-0.64 -27.66
-0.64 -27.66
-0.27 -27.66
-0.27 -27.66
-0.27 -27.66
-4.84 -27.48
-4.84 -27.48
-4.84 -27.48
-4.66 -27.48
-4.66 -27.48
-4.66 -27.48
-4.29 -27.48
-4.29 -27.48
-4.29 -27.48
-4.11 -27.48
-4.11 -27.48
-4.11 -27.48
-3.93 -27.48
-3.93 -27.48
-3.93 -27.48
-3.74 -27.48
-3.74 -27.48
-3.74 -27.48
-3.56 -27.48
-3.56 -27.48
-3.56 -27.48
-3.38 -27.48
-3.38 -27.48
-3.38 -27.48
-3.20 -27.48
-3.20 -27.48
-3.20 -27.48
-3.01 -27.48
-3.01 -27.48
-3.01 -27.48
-2.83 -27.48
-2.83 -27.48
-2.83 -27.48
-2.65 -27.48
-2.65 -27.48
-2.65 -27.48
-2.46 -27.48
-2.46 -27.48
-2.46 -27.48
-2.28 -27.48
-2.28 -27.48
-2.28 -27.48
-2.10 -27.48
-2.10 -27.48
-2.10 -27.48
-1.92 -27.48
-1.92 -27.48
-1.92 -27.48
-1.73 -27.48
-1.73 -27.48
-1.73 -27.48
-1.55 -27.48
-1.55 -27.48
-1.55 -27.48
-1.37 -27.48
-1.37 -27.48
-1.37 -27.48
-1.19 -27.48
-1.19 -27.48
-1.19 -27.48
-1.00 -27.48
-1.00 -27.48
-1.00 -27.48
-0.82 -27.48
-0.82 -27.48
-0.82 -27.48
-0.64 -27.48
-0.64 -27.48
-0.64 -27.48
-4.84 -27.30
-4.84 -27.30
-4.84 -27.30
-4.66 -27.30
-4.66 -27.30
-4.66 -27.30
-4.47 -27.30
-4.47 -27.30
-4.47 -27.30
-4.29 -27.30
-4.29 -27.30
-4.29 -27.30
-3.93 -27.30
-3.93 -27.30
-3.93 -27.30
-3.56 -27.30
-3.56 -27.30
-3.56 -27.30
-3.38 -27.30
-3.38 -27.30
-3.38 -27.30
-3.20 -27.30
-3.20 -27.30
-3.20 -27.30
-3.01 -27.30
-3.01 -27.30
-3.01 -27.30
-2.83 -27.30
-2.83 -27.30
-2.83 -27.30
-2.65 -27.30
-2.65 -27.30
-2.65 -27.30
-2.46 -27.30
-2.46 -27.30
-2.46 -27.30
-2.28 -27.30
-2.28 -27.30
-2.28 -27.30
-2.10 -27.30
-2.10 -27.30
-2.10 -27.30
-1.92 -27.30
-1.92 -27.30
-1.92 -27.30
-1.73 -27.30
-1.73 -27.30
-1.73 -27.30
-1.55 -27.30
-1.55 -27.30
-1.55 -27.30
-1.37 -27.30
-1.37 -27.30
-1.37 -27.30
-1.19 -27.30
-1.19 -27.30
-1.19 -27.30
-1.00 -27.30
-1.00 -27.30
-1.00 -27.30
-0.82 -27.30
-0.82 -27.30
-0.82 -27.30
-0.46 -27.30
-0.46 -27.30
-0.46 -27.30
-0.09 -27.30
-0.09 -27.30
-0.09 -27.30
-4.84 -27.11
-4.84 -27.11
-4.84 -27.11
-4.47 -27.11
-4.47 -27.11
-4.47 -27.11
-4.29 -27.11
-4.29 -27.11
-4.29 -27.11
-3.93 -27.11
-3.93 -27.11
-3.93 -27.11
-3.74 -27.11
-3.74 -27.11
-3.74 -27.11
-3.56 -27.11
-3.56 -27.11
-3.56 -27.11
-3.38 -27.11
-3.38 -27.11
-3.38 -27.11
-3.20 -27.11
-3.20 -27.11
-3.20 -27.11
-3.01 -27.11
-3.01 -27.11
-3.01 -27.11
-2.83 -27.11
-2.83 -27.11
-2.83 -27.11
-2.65 -27.11
-2.65 -27.11
-2.65 -27.11
-2.46 -27.11
-2.46 -27.11
-2.46 -27.11
-2.28 -27.11
-2.28 -27.11
-2.28 -27.11
-2.10 -27.11
-2.10 -27.11
-2.10 -27.11
-1.92 -27.11
-1.92 -27.11
-1.92 -27.11
-1.73 -27.11
-1.73 -27.11
-1.73 -27.11
-1.55 -27.11
-1.55 -27.11
-1.55 -27.11
-1.37 -27.11
-1.37 -27.11
-1.37 -27.11
-1.19 -27.11
-1.19 -27.11
-1.19 -27.11
-1.00 -27.11
-1.00 -27.11
-1.00 -27.11
-0.82 -27.11
-0.82 -27.11
-0.82 -27.11
-0.46 -27.11
-0.46 -27.11
-0.46 -27.11
-0.27 -27.11
-0.27 -27.11
-0.27 -27.11
-0.09 -27.11
-0.09 -27.11
-0.09 -27.11
-4.84 -26.93
-4.84 -26.93
-4.84 -26.93
-4.66 -26.93
-4.66 -26.93
-4.66 -26.93
-4.47 -26.93
-4.47 -26.93
-4.47 -26.93
-4.29 -26.93
-4.29 -26.93
-4.29 -26.93
-3.93 -26.93
-3.93 -26.93
-3.93 -26.93
-2.83 -26.93
-2.83 -26.93
-2.83 -26.93
-2.65 -26.93
-2.65 -26.93
-2.65 -26.93
-2.46 -26.93
-2.46 -26.93
-2.46 -26.93
-2.28 -26.93
-2.28 -26.93
-2.28 -26.93
-2.10 -26.93
-2.10 -26.93
-2.10 -26.93
-1.92 -26.93
-1.92 -26.93
-1.92 -26.93
-1.73 -26.93
-1.73 -26.93
-1.73 -26.93
-1.55 -26.93
-1.55 -26.93
-1.55 -26.93
-1.37 -26.93
-1.37 -26.93
-1.37 -26.93
-1.19 -26.93
-1.19 -26.93
-1.19 -26.93
-1.00 -26.93
-1.00 -26.93
-1.00 -26.93
-0.82 -26.93
-0.82 -26.93
-0.82 -26.93
-0.64 -26.93
-0.64 -26.93
-0.64 -26.93
-0.46 -26.93
-0.46 -26.93
-0.46 -26.93
-0.27 -26.93
-0.27 -26.93
-0.27 -26.93
-0.09 -26.93
-0.09 -26.93
-0.09 -26.93
0.09 -26.93
0.09 -26.93
0.09 -26.93
0.27 -26.93
0.27 -26.93
0.27 -26.93
0.46 -26.93
0.46 -26.93
0.46 -26.93
0.64 -26.93
0.64 -26.93
0.64 -26.93
-4.84 -26.75
-4.84 -26.75
-4.84 -26.75
-4.29 -26.75
-4.29 -26.75
-4.29 -26.75
-3.93 -26.75
-3.93 -26.75
-3.93 -26.75
-2.65 -26.75
-2.65 -26.75
-2.65 -26.75
-2.46 -26.75
-2.46 -26.75
-2.46 -26.75
-2.28 -26.75
-2.28 -26.75
-2.28 -26.75
-2.10 -26.75
-2.10 -26.75
-2.10 -26.75
-1.92 -26.75
-1.92 -26.75
-1.92 -26.75
-1.73 -26.75
-1.73 -26.75
-1.73 -26.75
-1.55 -26.75
-1.55 -26.75
-1.55 -26.75
-1.37 -26.75
-1.37 -26.75
-1.37 -26.75
-0.64 -26.75
-0.64 -26.75
-0.64 -26.75
-0.46 -26.75
-0.46 -26.75
-0.46 -26.75
-0.27 -26.75
-0.27 -26.75
-0.27 -26.75
-0.09 -26.75
-0.09 -26.75
-0.09 -26.75
0.09 -26.75
0.09 -26.75
0.09 -26.75
0.27 -26.75
0.27 -26.75
0.27 -26.75
0.46 -26.75
0.46 -26.75
0.46 -26.75
0.64 -26.75
0.64 -26.75
0.64 -26.75
-4.29 -26.56
-4.29 -26.56
-4.29 -26.56
-3.93 -26.56
-3.93 -26.56
-3.93 -26.56
-3.01 -26.56
-3.01 -26.56
-3.01 -26.56
-2.83 -26.56
-2.83 -26.56
-2.83 -26.56
-2.65 -26.56
-2.65 -26.56
-2.65 -26.56
-2.46 -26.56
-2.46 -26.56
-2.46 -26.56
-2.28 -26.56
-2.28 -26.56
-2.28 -26.56
-2.10 -26.56
-2.10 -26.56
-2.10 -26.56
-1.92 -26.56
-1.92 -26.56
-1.92 -26.56
-1.73 -26.56
-1.73 -26.56
-1.73 -26.56
-1.55 -26.56
-1.55 -26.56
-1.55 -26.56
-1.37 -26.56
-1.37 -26.56
-1.37 -26.56
0.09 -26.56
0.09 -26.56
0.09 -26.56
0.27 -26.56
0.27 -26.56
0.27 -26.56
0.46 -26.56
0.46 -26.56
0.46 -26.56
0.64 -26.56
0.64 -26.56
0.64 -26.56
-4.29 -26.38
-4.29 -26.38
-4.29 -26.38
-3.93 -26.38
-3.93 -26.38
-3.93 -26.38
-3.56 -26.38
-3.56 -26.38
-3.56 -26.38
-3.38 -26.38
-3.38 -26.38
-3.38 -26.38
-3.20 -26.38
-3.20 -26.38
-3.20 -26.38
-3.01 -26.38
-3.01 -26.38
-3.01 -26.38
-2.83 -26.38
-2.83 -26.38
-2.83 -26.38
-2.65 -26.38
-2.65 -26.38
-2.65 -26.38
-2.46 -26.38
-2.46 -26.38
-2.46 -26.38
-2.28 -26.38
-2.28 -26.38
-2.28 -26.38
-2.10 -26.38
-2.10 -26.38
-2.10 -26.38
-1.92 -26.38
-1.92 -26.38
-1.92 -26.38
-1.73 -26.38
-1.73 -26.38
-1.73 -26.38
-1.55 -26.38
-1.55 -26.38
-1.55 -26.38
-1.37 -26.38
-1.37 -26.38
-1.37 -26.38
-4.29 -26.20
-4.29 -26.20
-4.29 -26.20
-3.93 -26.20
-3.93 -26.20
-3.93 -26.20
-3.74 -26.20
-3.74 -26.20
-3.74 -26.20
-3.56 -26.20
-3.56 -26.20
-3.56 -26.20
-3.38 -26.20
-3.38 -26.20
-3.38 -26.20
-3.20 -26.20
-3.20 -26.20
-3.20 -26.20
-1.00 -26.20
-1.00 -26.20
-1.00 -26.20
-0.82 -26.20
-0.82 -26.20
-0.82 -26.20
-4.47 -26.02
-4.47 -26.02
-4.47 -26.02
-4.29 -26.02
-4.29 -26.02
-4.29 -26.02
-3.93 -26.02
-3.93 -26.02
-3.93 -26.02
-3.74 -26.02
-3.74 -26.02
-3.74 -26.02
-3.56 -26.02
-3.56 -26.02
-3.56 -26.02
-3.38 -26.02
-3.38 -26.02
-3.38 -26.02
-3.20 -26.02
-3.20 -26.02
-3.20 -26.02
-1.00 -26.02
-1.00 -26.02
-1.00 -26.02
-0.82 -26.02
-0.82 -26.02
-0.82 -26.02
-0.64 -26.02
-0.64 -26.02
-0.64 -26.02
-0.46 -26.02
-0.46 -26.02
-0.46 -26.02
-0.27 -26.02
-0.27 -26.02
-0.27 -26.02
-0.09 -26.02
-0.09 -26.02
-0.09 -26.02
0.09 -26.02
0.09 -26.02
0.09 -26.02
-4.66 -25.83
-4.66 -25.83
-4.66 -25.83
-4.47 -25.83
-4.47 -25.83
-4.47 -25.83
-3.93 -25.83
-3.93 -25.83
-3.93 -25.83
-3.74 -25.83
-3.74 -25.83
-3.74 -25.83
-3.56 -25.83
-3.56 -25.83
-3.56 -25.83
-3.38 -25.83
-3.38 -25.83
-3.38 -25.83
-3.20 -25.83
-3.20 -25.83
-3.20 -25.83
-3.01 -25.83
-3.01 -25.83
-3.01 -25.83
-2.83 -25.83
-2.83 -25.83
-2.83 -25.83
-2.65 -25.83
-2.65 -25.83
-2.65 -25.83
-2.46 -25.83
-2.46 -25.83
-2.46 -25.83
-2.28 -25.83
-2.28 -25.83
-2.28 -25.83
-0.64 -25.83
-0.64 -25.83
-0.64 -25.83
-0.46 -25.83
-0.46 -25.83
-0.46 -25.83
-0.27 -25.83
-0.27 -25.83
-0.27 -25.83
-0.09 -25.83
-0.09 -25.83
-0.09 -25.83
0.09 -25.83
0.09 -25.83
0.09 -25.83
0.27 -25.83
0.27 -25.83
0.27 -25.83
0.46 -25.83
0.46 -25.83
0.46 -25.83
0.64 -25.83
0.64 -25.83
0.64 -25.83
-4.66 -25.65
-4.66 -25.65
-4.66 -25.65
-4.47 -25.65
-4.47 -25.65
-4.47 -25.65
-2.65 -25.65
-2.65 -25.65
-2.65 -25.65
-2.46 -25.65
-2.46 -25.65
-2.46 -25.65
-2.28 -25.65
-2.28 -25.65
-2.28 -25.65
-2.10 -25.65
-2.10 -25.65
-2.10 -25.65
-1.92 -25.65
-1.92 -25.65
-1.92 -25.65
-1.73 -25.65
-1.73 -25.65
-1.73 -25.65
-1.55 -25.65
-1.55 -25.65
-1.55 -25.65
0.27 -25.65
0.27 -25.65
0.27 -25.65
0.46 -25.65
0.46 -25.65
0.46 -25.65
0.64 -25.65
0.64 -25.65
0.64 -25.65
-4.11 -25.47
-4.11 -25.47
-4.11 -25.47
-3.93 -25.47
-3.93 -25.47
-3.93 -25.47
-3.74 -25.47
-3.74 -25.47
-3.74 -25.47
-3.56 -25.47
-3.56 -25.47
-3.56 -25.47
-3.38 -25.47
-3.38 -25.47
-3.38 -25.47
-2.83 -25.47
-2.83 -25.47
-2.83 -25.47
-2.28 -25.47
-2.28 -25.47
-2.28 -25.47
-2.10 -25.47
-2.10 -25.47
-2.10 -25.47
-1.37 -25.47
-1.37 -25.47
-1.37 -25.47
0.46 -25.47
0.46 -25.47
0.46 -25.47
0.64 -25.47
0.64 -25.47
0.64 -25.47
-3.38 -25.29
-3.38 -25.29
-3.38 -25.29
-2.28 -25.29
-2.28 -25.29
-2.28 -25.29
-2.10 -25.29
-2.10 -25.29
-2.10 -25.29
-1.00 -25.29
-1.00 -25.29
-1.00 -25.29
-0.82 -25.29
-0.82 -25.29
-0.82 -25.29
0.46 -25.29
0.46 -25.29
0.46 -25.29
0.64 -25.29
0.64 -25.29
0.64 -25.29
-3.01 -25.10
-3.01 -25.10
-3.01 -25.10
-2.65 -25.10
-2.65 -25.10
-2.65 -25.10
-2.46 -25.10
-2.46 -25.10
-2.46 -25.10
-2.10 -25.10
-2.10 -25.10
-2.10 -25.10
-1.92 -25.10
-1.92 -25.10
-1.92 -25.10
-1.73 -25.10
-1.73 -25.10
-1.73 -25.10
-1.55 -25.10
-1.55 -25.10
-1.55 -25.10
-1.37 -25.10
-1.37 -25.10
-1.37 -25.10
-0.82 -25.10
-0.82 -25.10
-0.82 -25.10
0.64 -25.10
0.64 -25.10
0.64 -25.10
0.82 -25.10
0.82 -25.10
0.82 -25.10
1.19 -25.10
1.19 -25.10
1.19 -25.10
-3.01 -24.92
-3.01 -24.92
-3.01 -24.92
-2.46 -24.92
-2.46 -24.92
-2.46 -24.92
-1.92 -24.92
-1.92 -24.92
-1.92 -24.92
-1.73 -24.92
-1.73 -24.92
-1.73 -24.92
-1.55 -24.92
-1.55 -24.92
-1.55 -24.92
-1.37 -24.92
-1.37 -24.92
-1.37 -24.92
0.46 -24.92
0.46 -24.92
0.46 -24.92
0.64 -24.92
0.64 -24.92
0.64 -24.92
0.82 -24.92
0.82 -24.92
0.82 -24.92
1.00 -24.92
1.00 -24.92
1.00 -24.92
-3.38 -24.74
-3.38 -24.74
-3.38 -24.74
-3.01 -24.74
-3.01 -24.74
-3.01 -24.74
-2.83 -24.74
-2.83 -24.74
-2.83 -24.74
-2.46 -24.74
-2.46 -24.74
-2.46 -24.74
-2.28 -24.74
-2.28 -24.74
-2.28 -24.74
-1.55 -24.74
-1.55 -24.74
-1.55 -24.74
-1.37 -24.74
-1.37 -24.74
-1.37 -24.74
-1.19 -24.74
-1.19 -24.74
-1.19 -24.74
-1.00 -24.74
-1.00 -24.74
-1.00 -24.74
-0.09 -24.74
-0.09 -24.74
-0.09 -24.74
0.09 -24.74
0.09 -24.74
0.09 -24.74
0.27 -24.74
0.27 -24.74
0.27 -24.74
0.46 -24.74
0.46 -24.74
0.46 -24.74
0.64 -24.74
0.64 -24.74
0.64 -24.74
1.00 -24.74
1.00 -24.74
1.00 -24.74
1.19 -24.74
1.19 -24.74
1.19 -24.74
1.37 -24.74
1.37 -24.74
1.37 -24.74
-2.46 -24.56
-2.46 -24.56
-2.46 -24.56
-2.10 -24.56
-2.10 -24.56
-2.10 -24.56
-1.92 -24.56
-1.92 -24.56
-1.92 -24.56
-1.73 -24.56
-1.73 -24.56
-1.73 -24.56
-1.55 -24.56
-1.55 -24.56
-1.55 -24.56
-1.19 -24.56
-1.19 -24.56
-1.19 -24.56
-1.00 -24.56
-1.00 -24.56
-1.00 -24.56
-0.82 -24.56
-0.82 -24.56
-0.82 -24.56
-0.64 -24.56
-0.64 -24.56
-0.64 -24.56
-0.46 -24.56
-0.46 -24.56
-0.46 -24.56
-0.27 -24.56
-0.27 -24.56
-0.27 -24.56
-0.09 -24.56
-0.09 -24.56
-0.09 -24.56
0.09 -24.56
0.09 -24.56
0.09 -24.56
0.82 -24.56
0.82 -24.56
0.82 -24.56
1.19 -24.56
1.19 -24.56
1.19 -24.56
-2.46 -24.37
-2.46 -24.37
-2.46 -24.37
-1.92 -24.37
-1.92 -24.37
-1.92 -24.37
-1.73 -24.37
-1.73 -24.37
-1.73 -24.37
-1.55 -24.37
-1.55 -24.37
-1.55 -24.37
-0.64 -24.37
-0.64 -24.37
-0.64 -24.37
-0.46 -24.37
-0.46 -24.37
-0.46 -24.37
-0.27 -24.37
-0.27 -24.37
-0.27 -24.37
-0.09 -24.37
-0.09 -24.37
-0.09 -24.37
1.00 -24.37
1.00 -24.37
1.00 -24.37
-1.55 -24.19
-1.55 -24.19
-1.55 -24.19
-0.64 -24.19
-0.64 -24.19
-0.64 -24.19
-0.46 -24.19
-0.46 -24.19
-0.46 -24.19
-0.27 -24.19
-0.27 -24.19
-0.27 -24.19
-0.09 -24.19
-0.09 -24.19
-0.09 -24.19
0.09 -24.19
0.09 -24.19
0.09 -24.19
0.27 -24.19
0.27 -24.19
0.27 -24.19
1.00 -24.19
1.00 -24.19
1.00 -24.19
1.19 -24.19
1.19 -24.19
1.19 -24.19
-1.73 -24.01
-1.73 -24.01
-1.73 -24.01
-1.55 -24.01
-1.55 -24.01
-1.55 -24.01
-1.19 -24.01
-1.19 -24.01
-1.19 -24.01
-1.00 -24.01
-1.00 -24.01
-1.00 -24.01
-0.09 -24.01
-0.09 -24.01
-0.09 -24.01
0.27 -24.01
0.27 -24.01
0.27 -24.01
0.64 -24.01
0.64 -24.01
0.64 -24.01
1.00 -24.01
1.00 -24.01
1.00 -24.01
-0.09 -23.83
-0.09 -23.83
-0.09 -23.83
0.09 -23.83
0.09 -23.83
0.09 -23.83
0.46 -23.83
0.46 -23.83
0.46 -23.83
1.00 -23.83
1.00 -23.83
1.00 -23.83
1.19 -23.83
1.19 -23.83
1.19 -23.83
0.27 -23.64
0.27 -23.64
0.27 -23.64
0.64 -23.64
0.64 -23.64
0.64 -23.64
0.82 -23.64
0.82 -23.64
0.82 -23.64
0.27 -23.46
0.27 -23.46
0.27 -23.46
0.64 -23.46
0.64 -23.46
0.64 -23.46
0.82 -23.46
0.82 -23.46
0.82 -23.46
1.37 -23.46
1.37 -23.46
1.37 -23.46
1.73 -23.46
1.73 -23.46
1.73 -23.46
-0.09 -23.28
-0.09 -23.28
-0.09 -23.28
0.09 -23.28
0.09 -23.28
0.09 -23.28
0.27 -23.28
0.27 -23.28
0.27 -23.28
0.46 -23.28
0.46 -23.28
0.46 -23.28
0.82 -23.28
0.82 -23.28
0.82 -23.28
1.19 -23.28
1.19 -23.28
1.19 -23.28
1.37 -23.28
1.37 -23.28
1.37 -23.28
1.73 -23.28
1.73 -23.28
1.73 -23.28
2.10 -23.28
2.10 -23.28
2.10 -23.28
0.46 -23.10
0.46 -23.10
0.46 -23.10
0.64 -23.10
0.64 -23.10
0.64 -23.10
0.82 -23.10
0.82 -23.10
0.82 -23.10
1.19 -23.10
1.19 -23.10
1.19 -23.10
2.10 -23.10
2.10 -23.10
2.10 -23.10
-0.09 -22.91
-0.09 -22.91
-0.09 -22.91
1.37 -22.91
1.37 -22.91
1.37 -22.91
1.55 -22.91
1.55 -22.91
1.55 -22.91
0.64 -22.73
0.64 -22.73
0.64 -22.73
0.82 -22.73
0.82 -22.73
0.82 -22.73
1.00 -22.73
1.00 -22.73
1.00 -22.73
1.19 -22.73
1.19 -22.73
1.19 -22.73
1.37 -22.73
1.37 -22.73
1.37 -22.73
1.92 -22.73
1.92 -22.73
1.92 -22.73
0.82 -22.55
0.82 -22.55
0.82 -22.55
1.19 -22.55
1.19 -22.55
1.19 -22.55
1.73 -22.55
1.73 -22.55
1.73 -22.55
1.55 -22.18
1.55 -22.18
1.55 -22.18
1.92 -22.00
1.92 -22.00
1.92 -22.00
-15.25 7.76
-15.25 7.76
-15.25 7.76
-15.06 7.76
-15.06 7.76
-15.06 7.76
-15.79 7.94
-15.79 7.94
-15.79 7.94
-15.43 7.94
-15.43 7.94
-15.43 7.94
-15.25 7.94
-15.25 7.94
-15.25 7.94
-16.34 8.12
-16.34 8.12
-16.34 8.12
-15.98 8.12
-15.98 8.12
-15.98 8.12
-15.79 8.12
-15.79 8.12
-15.79 8.12
-15.61 8.12
-15.61 8.12
-15.61 8.12
-15.25 8.12
-15.25 8.12
-15.25 8.12
-16.71 8.31
-16.71 8.31
-16.71 8.31
-15.43 8.31
-15.43 8.31
-15.43 8.31
-15.25 8.31
-15.25 8.31
-15.25 8.31
-14.51 8.31
-14.51 8.31
-14.51 8.31
-15.06 8.49
-15.06 8.49
-15.06 8.49
-14.88 8.49
-14.88 8.49
-14.88 8.49
-14.70 8.49
-14.70 8.49
-14.70 8.49
-14.33 8.49
-14.33 8.49
-14.33 8.49
-15.61 8.67
-15.61 8.67
-15.61 8.67
-15.43 8.67
-15.43 8.67
-15.43 8.67
-14.33 8.67
-14.33 8.67
-14.33 8.67
-14.70 8.85
-14.70 8.85
-14.70 8.85
-14.51 8.85
-14.51 8.85
-14.51 8.85
-14.33 8.85
-14.33 8.85
-14.33 8.85
-14.70 9.04
-14.70 9.04
-14.70 9.04
-14.15 9.04
-14.15 9.04
-14.15 9.04
-13.97 9.04
-13.97 9.04
-13.97 9.04
-13.78 9.04
-13.78 9.04
-13.78 9.04
-13.42 9.04
-13.42 9.04
-13.42 9.04
-15.06 9.22
-15.06 9.22
-15.06 9.22
-14.88 9.22
-14.88 9.22
-14.88 9.22
-13.78 9.22
-13.78 9.22
-13.78 9.22
-13.42 9.22
-13.42 9.22
-13.42 9.22
-19.26 9.40
-19.26 9.40
-19.26 9.40
-19.08 9.40
-19.08 9.40
-19.08 9.40
-18.71 9.40
-18.71 9.40
-18.71 9.40
-18.53 9.40
-18.53 9.40
-18.53 9.40
-15.06 9.40
-15.06 9.40
-15.06 9.40
-14.51 9.40
-14.51 9.40
-14.51 9.40
-14.33 9.40
-14.33 9.40
-14.33 9.40
-13.97 9.40
-13.97 9.40
-13.97 9.40
-13.60 9.40
-13.60 9.40
-13.60 9.40
-13.42 9.40
-13.42 9.40
-13.42 9.40
-19.08 9.59
-19.08 9.59
-19.08 9.59
-18.90 9.59
-18.90 9.59
-18.90 9.59
-18.53 9.59
-18.53 9.59
-18.53 9.59
-14.15 9.59
-14.15 9.59
-14.15 9.59
-13.78 9.59
-13.78 9.59
-13.78 9.59
-13.60 9.59
-13.60 9.59
-13.60 9.59
-13.42 9.59
-13.42 9.59
-13.42 9.59
-12.14 10.13
-12.14 10.13
-12.14 10.13
-12.51 10.32
-12.51 10.32
-12.51 10.32
-11.96 10.32
-11.96 10.32
-11.96 10.32
-11.78 10.32
-11.78 10.32
-11.78 10.32
-18.35 10.50
-18.35 10.50
-18.35 10.50
-17.98 10.50
-17.98 10.50
-17.98 10.50
-17.80 10.50
-17.80 10.50
-17.80 10.50
-16.89 10.50
-16.89 10.50
-16.89 10.50
-12.32 10.50
-12.32 10.50
-12.32 10.50
-11.78 10.50
-11.78 10.50
-11.78 10.50
-18.35 10.68
-18.35 10.68
-18.35 10.68
-18.17 10.68
-18.17 10.68
-18.17 10.68
-17.44 10.68
-17.44 10.68
-17.44 10.68
-17.25 10.68
-17.25 10.68
-17.25 10.68
-12.51 10.68
-12.51 10.68
-12.51 10.68
-11.78 10.68
-11.78 10.68
-11.78 10.68
-11.41 10.68
-11.41 10.68
-11.41 10.68
-11.23 10.68
-11.23 10.68
-11.23 10.68
-11.05 10.68
-11.05 10.68
-11.05 10.68
-17.07 10.86
-17.07 10.86
-17.07 10.86
-16.89 10.86
-16.89 10.86
-16.89 10.86
-11.59 10.86
-11.59 10.86
-11.59 10.86
-18.35 11.05
-18.35 11.05
-18.35 11.05
-17.62 11.05
-17.62 11.05
-17.62 11.05
-17.44 11.05
-17.44 11.05
-17.44 11.05
-17.07 11.05
-17.07 11.05
-17.07 11.05
-16.89 11.05
-16.89 11.05
-16.89 11.05
-11.78 11.05
-11.78 11.05
-11.78 11.05
-11.59 11.05
-11.59 11.05
-11.59 11.05
-18.53 11.23
-18.53 11.23
-18.53 11.23
-18.17 11.23
-18.17 11.23
-18.17 11.23
-17.25 11.23
-17.25 11.23
-17.25 11.23
-17.07 11.23
-17.07 11.23
-17.07 11.23
-16.89 11.23
-16.89 11.23
-16.89 11.23
-16.52 11.23
-16.52 11.23
-16.52 11.23
-11.59 11.23
-11.59 11.23
-11.59 11.23
-11.41 11.23
-11.41 11.23
-11.41 11.23
-18.53 11.41
-18.53 11.41
-18.53 11.41
-17.62 11.41
-17.62 11.41
-17.62 11.41
-17.44 11.41
-17.44 11.41
-17.44 11.41
-17.25 11.41
-17.25 11.41
-17.25 11.41
-16.52 11.41
-16.52 11.41
-16.52 11.41
-16.16 11.41
-16.16 11.41
-16.16 11.41
-10.86 11.41
-10.86 11.41
-10.86 11.41
-10.68 11.41
-10.68 11.41
-10.68 11.41
-10.32 11.41
-10.32 11.41
-10.32 11.41
-17.62 11.59
-17.62 11.59
-17.62 11.59
-16.89 11.59
-16.89 11.59
-16.89 11.59
-10.86 11.59
-10.86 11.59
-10.86 11.59
-10.68 11.59
-10.68 11.59
-10.68 11.59
-10.50 11.59
-10.50 11.59
-10.50 11.59
-10.32 11.59
-10.32 11.59
-10.32 11.59
-9.04 11.78
-9.04 11.78
-9.04 11.78
-8.67 11.78
-8.67 11.78
-8.67 11.78
-15.43 11.96
-15.43 11.96
-15.43 11.96
-15.25 11.96
-15.25 11.96
-15.25 11.96
-10.68 11.96
-10.68 11.96
-10.68 11.96
-10.50 11.96
-10.50 11.96
-10.50 11.96
-10.32 11.96
-10.32 11.96
-10.32 11.96
-10.13 11.96
-10.13 11.96
-10.13 11.96
-9.77 11.96
-9.77 11.96
-9.77 11.96
-9.22 11.96
-9.22 11.96
-9.22 11.96
-15.61 12.14
-15.61 12.14
-15.61 12.14
-15.25 12.14
-15.25 12.14
-15.25 12.14
-10.86 12.14
-10.86 12.14
-10.86 12.14
-10.13 12.14
-10.13 12.14
-10.13 12.14
-9.77 12.14
-9.77 12.14
-9.77 12.14
-15.98 12.32
-15.98 12.32
-15.98 12.32
-15.61 12.32
-15.61 12.32
-15.61 12.32
-14.88 12.32
-14.88 12.32
-14.88 12.32
-8.31 12.32
-8.31 12.32
-8.31 12.32
-15.79 12.51
-15.79 12.51
-15.79 12.51
-7.94 12.51
-7.94 12.51
-7.94 12.51
-14.88 12.69
-14.88 12.69
-14.88 12.69
-14.70 12.69
-14.70 12.69
-14.70 12.69
-14.51 12.69
-14.51 12.69
-14.51 12.69
-8.49 12.69
-8.49 12.69
-8.49 12.69
-7.76 12.69
-7.76 12.69
-7.76 12.69
-15.25 12.87
-15.25 12.87
-15.25 12.87
-7.76 12.87
-7.76 12.87
-7.76 12.87
-15.25 13.05
-15.25 13.05
-15.25 13.05
-15.06 13.05
-15.06 13.05
-15.06 13.05
-14.88 13.05
-14.88 13.05
-14.88 13.05
-14.70 13.05
-14.70 13.05
-14.70 13.05
-14.51 13.05
-14.51 13.05
-14.51 13.05
-13.78 13.05
-13.78 13.05
-13.78 13.05
-14.88 13.24
-14.88 13.24
-14.88 13.24
-14.70 13.24
-14.70 13.24
-14.70 13.24
-14.51 13.24
-14.51 13.24
-14.51 13.24
-14.33 13.24
-14.33 13.24
-14.33 13.24
-14.15 13.24
-14.15 13.24
-14.15 13.24
-15.25 13.42
-15.25 13.42
-15.25 13.42
-15.06 13.42
-15.06 13.42
-15.06 13.42
-14.88 13.42
-14.88 13.42
-14.88 13.42
-13.60 13.42
-13.60 13.42
-13.60 13.42
-12.51 13.42
-12.51 13.42
-12.51 13.42
-12.32 13.42
-12.32 13.42
-12.32 13.42
-12.14 13.42
-12.14 13.42
-12.14 13.42
-11.96 13.42
-11.96 13.42
-11.96 13.42
-7.76 13.42
-7.76 13.42
-7.76 13.42
-7.58 13.42
-7.58 13.42
-7.58 13.42
-7.39 13.42
-7.39 13.42
-7.39 13.42
-15.25 13.60
-15.25 13.60
-15.25 13.60
-14.70 13.60
-14.70 13.60
-14.70 13.60
-14.51 13.60
-14.51 13.60
-14.51 13.60
-14.33 13.60
-14.33 13.60
-14.33 13.60
-14.15 13.60
-14.15 13.60
-14.15 13.60
-13.60 13.60
-13.60 13.60
-13.60 13.60
-13.24 13.60
-13.24 13.60
-13.24 13.60
-12.69 13.60
-12.69 13.60
-12.69 13.60
-12.14 13.60
-12.14 13.60
-12.14 13.60
-7.03 13.60
-7.03 13.60
-7.03 13.60
-14.33 13.78
-14.33 13.78
-14.33 13.78
-14.15 13.78
-14.15 13.78
-14.15 13.78
-13.97 13.78
-13.97 13.78
-13.97 13.78
-13.60 13.78
-13.60 13.78
-13.60 13.78
-7.39 13.78
-7.39 13.78
-7.39 13.78
-13.42 13.97
-13.42 13.97
-13.42 13.97
-12.87 13.97
-12.87 13.97
-12.87 13.97
-7.58 13.97
-7.58 13.97
-7.58 13.97
-7.39 13.97
-7.39 13.97
-7.39 13.97
-6.85 13.97
-6.85 13.97
-6.85 13.97
-6.48 13.97
-6.48 13.97
-6.48 13.97
-13.42 14.15
-13.42 14.15
-13.42 14.15
-7.76 14.15
-7.76 14.15
-7.76 14.15
-7.58 14.15
-7.58 14.15
-7.58 14.15
-6.85 14.15
-6.85 14.15
-6.85 14.15
-6.66 14.15
-6.66 14.15
-6.66 14.15
-6.30 14.15
-6.30 14.15
-6.30 14.15
-13.05 14.33
-13.05 14.33
-13.05 14.33
-12.87 14.33
-12.87 14.33
-12.87 14.33
-7.21 14.33
-7.21 14.33
-7.21 14.33
-7.03 14.33
-7.03 14.33
-7.03 14.33
-6.48 14.33
-6.48 14.33
-6.48 14.33
-6.30 14.33
-6.30 14.33
-6.30 14.33
-5.75 14.33
-5.75 14.33
-5.75 14.33
-5.57 14.33
-5.57 14.33
-5.57 14.33
-13.60 14.51
-13.60 14.51
-13.60 14.51
-13.24 14.51
-13.24 14.51
-13.24 14.51
-7.58 14.51
-7.58 14.51
-7.58 14.51
-7.39 14.51
-7.39 14.51
-7.39 14.51
-6.85 14.51
-6.85 14.51
-6.85 14.51
-6.66 14.51
-6.66 14.51
-6.66 14.51
-6.30 14.51
-6.30 14.51
-6.30 14.51
-5.93 14.51
-5.93 14.51
-5.93 14.51
-5.39 14.51
-5.39 14.51
-5.39 14.51
-13.24 14.70
-13.24 14.70
-13.24 14.70
-13.05 14.70
-13.05 14.70
-13.05 14.70
-6.85 14.70
-6.85 14.70
-6.85 14.70
-6.48 14.70
-6.48 14.70
-6.48 14.70
-6.12 14.70
-6.12 14.70
-6.12 14.70
-5.93 14.70
-5.93 14.70
-5.93 14.70
-5.75 14.70
-5.75 14.70
-5.75 14.70
-13.60 14.88
-13.60 14.88
-13.60 14.88
-13.05 14.88
-13.05 14.88
-13.05 14.88
-6.85 14.88
-6.85 14.88
-6.85 14.88
-6.12 14.88
-6.12 14.88
-6.12 14.88
-5.57 14.88
-5.57 14.88
-5.57 14.88
-5.39 14.88
-5.39 14.88
-5.39 14.88
-6.66 15.06
-6.66 15.06
-6.66 15.06
-6.12 15.06
-6.12 15.06
-6.12 15.06
-5.57 15.06
-5.57 15.06
-5.57 15.06
-12.87 15.25
-12.87 15.25
-12.87 15.25
-7.03 15.25
-7.03 15.25
-7.03 15.25
-6.12 15.25
-6.12 15.25
-6.12 15.25
-5.93 15.25
-5.93 15.25
-5.93 15.25
-5.75 15.25
-5.75 15.25
-5.75 15.25
-9.59 15.43
-9.59 15.43
-9.59 15.43
-6.12 15.43
-6.12 15.43
-6.12 15.43
-5.93 15.43
-5.93 15.43
-5.93 15.43
-4.84 15.43
-4.84 15.43
-4.84 15.43
-4.66 15.43
-4.66 15.43
-4.66 15.43
-6.12 15.61
-6.12 15.61
-6.12 15.61
-5.93 15.61
-5.93 15.61
-5.93 15.61
-5.57 15.61
-5.57 15.61
-5.57 15.61
-5.39 15.61
-5.39 15.61
-5.39 15.61
-5.20 15.61
-5.20 15.61
-5.20 15.61
-5.02 15.61
-5.02 15.61
-5.02 15.61
-4.11 15.61
-4.11 15.61
-4.11 15.61
-5.75 15.79
-5.75 15.79
-5.75 15.79
-4.47 15.79
-4.47 15.79
-4.47 15.79
-4.29 15.79
-4.29 15.79
-4.29 15.79
-4.11 15.79
-4.11 15.79
-4.11 15.79
-8.85 15.98
-8.85 15.98
-8.85 15.98
-4.11 15.98
-4.11 15.98
-4.11 15.98
-9.22 16.16
-9.22 16.16
-9.22 16.16
-9.04 16.16
-9.04 16.16
-9.04 16.16
-8.85 16.16
-8.85 16.16
-8.85 16.16
-8.85 16.34
-8.85 16.34
-8.85 16.34
-9.40 16.52
-9.40 16.52
-9.40 16.52
-9.22 16.52
-9.22 16.52
-9.22 16.52
-9.04 16.52
-9.04 16.52
-9.04 16.52
-8.85 16.52
-8.85 16.52
-8.85 16.52
-4.47 16.52
-4.47 16.52
-4.47 16.52
-3.93 16.52
-3.93 16.52
-3.93 16.52
-3.74 16.52
-3.74 16.52
-3.74 16.52
-3.38 16.52
-3.38 16.52
-3.38 16.52
-3.20 16.52
-3.20 16.52
-3.20 16.52
-9.59 16.71
-9.59 16.71
-9.59 16.71
-9.04 16.71
-9.04 16.71
-9.04 16.71
-8.85 16.71
-8.85 16.71
-8.85 16.71
-4.11 16.71
-4.11 16.71
-4.11 16.71
-3.56 16.71
-3.56 16.71
-3.56 16.71
-3.20 16.71
-3.20 16.71
-3.20 16.71
-8.85 16.89
-8.85 16.89
-8.85 16.89
-8.49 16.89
-8.49 16.89
-8.49 16.89
-8.12 16.89
-8.12 16.89
-8.12 16.89
-7.94 16.89
-7.94 16.89
-7.94 16.89
-4.29 16.89
-4.29 16.89
-4.29 16.89
-3.93 16.89
-3.93 16.89
-3.93 16.89
-3.38 16.89
-3.38 16.89
-3.38 16.89
-3.01 16.89
-3.01 16.89
-3.01 16.89
-9.40 17.07
-9.40 17.07
-9.40 17.07
-9.22 17.07
-9.22 17.07
-9.22 17.07
-9.04 17.07
-9.04 17.07
-9.04 17.07
-8.85 17.07
-8.85 17.07
-8.85 17.07
-8.67 17.07
-8.67 17.07
-8.67 17.07
-8.49 17.07
-8.49 17.07
-8.49 17.07
-8.31 17.07
-8.31 17.07
-8.31 17.07
-7.94 17.07
-7.94 17.07
-7.94 17.07
-4.47 17.07
-4.47 17.07
-4.47 17.07
-3.01 17.07
-3.01 17.07
-3.01 17.07
-8.67 17.25
-8.67 17.25
-8.67 17.25
-8.49 17.25
-8.49 17.25
-8.49 17.25
-8.31 17.25
-8.31 17.25
-8.31 17.25
-7.39 17.25
-7.39 17.25
-7.39 17.25
-7.21 17.25
-7.21 17.25
-7.21 17.25
-3.74 17.25
-3.74 17.25
-3.74 17.25
-3.56 17.25
-3.56 17.25
-3.56 17.25
-3.38 17.25
-3.38 17.25
-3.38 17.25
-2.83 17.25
-2.83 17.25
-2.83 17.25
-2.65 17.25
-2.65 17.25
-2.65 17.25
-2.46 17.25
-2.46 17.25
-2.46 17.25
-8.12 17.44
-8.12 17.44
-8.12 17.44
-7.39 17.44
-7.39 17.44
-7.39 17.44
-7.21 17.44
-7.21 17.44
-7.21 17.44
-6.66 17.44
-6.66 17.44
-6.66 17.44
-6.48 17.44
-6.48 17.44
-6.48 17.44
-3.20 17.44
-3.20 17.44
-3.20 17.44
-3.01 17.44
-3.01 17.44
-3.01 17.44
-2.65 17.44
-2.65 17.44
-2.65 17.44
-2.46 17.44
-2.46 17.44
-2.46 17.44
-8.49 17.62
-8.49 17.62
-8.49 17.62
-7.21 17.62
-7.21 17.62
-7.21 17.62
-3.74 17.62
-3.74 17.62
-3.74 17.62
-3.01 17.62
-3.01 17.62
-3.01 17.62
-2.65 17.62
-2.65 17.62
-2.65 17.62
-2.28 17.62
-2.28 17.62
-2.28 17.62
-7.58 17.80
-7.58 17.80
-7.58 17.80
-6.85 17.80
-6.85 17.80
-6.85 17.80
-2.28 17.80
-2.28 17.80
-2.28 17.80
-7.94 17.98
-7.94 17.98
-7.94 17.98
-7.76 17.98
-7.76 17.98
-7.76 17.98
-7.58 17.98
-7.58 17.98
-7.58 17.98
-7.21 17.98
-7.21 17.98
-7.21 17.98
-3.01 17.98
-3.01 17.98
-3.01 17.98
-2.65 17.98
-2.65 17.98
-2.65 17.98
-7.76 18.17
-7.76 18.17
-7.76 18.17
-7.58 18.17
-7.58 18.17
-7.58 18.17
-6.66 18.17
-6.66 18.17
-6.66 18.17
-6.48 18.17
-6.48 18.17
-6.48 18.17
-2.83 18.17
-2.83 18.17
-2.83 18.17
-2.65 18.17
-2.65 18.17
-2.65 18.17
-2.46 18.17
-2.46 18.17
-2.46 18.17
-2.28 18.17
-2.28 18.17
-2.28 18.17
-2.10 18.17
-2.10 18.17
-2.10 18.17
-1.55 18.17
-1.55 18.17
-1.55 18.17
-6.85 18.35
-6.85 18.35
-6.85 18.35
-3.01 18.35
-3.01 18.35
-3.01 18.35
-2.46 18.35
-2.46 18.35
-2.46 18.35
-6.85 18.53
-6.85 18.53
-6.85 18.53
-6.48 18.53
-6.48 18.53
-6.48 18.53
-2.28 18.53
-2.28 18.53
-2.28 18.53
-2.10 18.53
-2.10 18.53
-2.10 18.53
-1.92 18.53
-1.92 18.53
-1.92 18.53
-1.73 18.53
-1.73 18.53
-1.73 18.53
-1.55 18.53
-1.55 18.53
-1.55 18.53
-1.37 18.53
-1.37 18.53
-1.37 18.53
-6.66 18.71
-6.66 18.71
-6.66 18.71
-6.48 18.71
-6.48 18.71
-6.48 18.71
-7.03 18.90
-7.03 18.90
-7.03 18.90
-6.66 18.90
-6.66 18.90
-6.66 18.90
-6.30 18.90
-6.30 18.90
-6.30 18.90
-5.75 18.90
-5.75 18.90
-5.75 18.90
-5.57 18.90
-5.57 18.90
-5.57 18.90
-2.28 18.90
-2.28 18.90
-2.28 18.90
-2.10 18.90
-2.10 18.90
-2.10 18.90
-1.92 18.90
-1.92 18.90
-1.92 18.90
-1.73 18.90
-1.73 18.90
-1.73 18.90
-1.55 18.90
-1.55 18.90
-1.55 18.90
-1.37 18.90
-1.37 18.90
-1.37 18.90
-1.19 18.90
-1.19 18.90
-1.19 18.90
-7.21 19.08
-7.21 19.08
-7.21 19.08
-7.03 19.08
-7.03 19.08
-7.03 19.08
-6.66 19.08
-6.66 19.08
-6.66 19.08
-6.48 19.08
-6.48 19.08
-6.48 19.08
-6.30 19.08
-6.30 19.08
-6.30 19.08
-6.12 19.08
-6.12 19.08
-6.12 19.08
-5.93 19.08
-5.93 19.08
-5.93 19.08
-1.73 19.08
-1.73 19.08
-1.73 19.08
-1.55 19.08
-1.55 19.08
-1.55 19.08
-1.37 19.08
-1.37 19.08
-1.37 19.08
-1.19 19.08
-1.19 19.08
-1.19 19.08
-1.00 19.08
-1.00 19.08
-1.00 19.08
-6.48 19.26
-6.48 19.26
-6.48 19.26
-5.93 19.26
-5.93 19.26
-5.93 19.26
-5.75 19.26
-5.75 19.26
-5.75 19.26
-5.57 19.26
-5.57 19.26
-5.57 19.26
-2.10 19.26
-2.10 19.26
-2.10 19.26
-1.92 19.26
-1.92 19.26
-1.92 19.26
-1.73 19.26
-1.73 19.26
-1.73 19.26
-1.00 19.26
-1.00 19.26
-1.00 19.26
-0.46 19.26
-0.46 19.26
-0.46 19.26
-0.27 19.26
-0.27 19.26
-0.27 19.26
-0.09 19.26
-0.09 19.26
-0.09 19.26
-7.21 19.44
-7.21 19.44
-7.21 19.44
-6.85 19.44
-6.85 19.44
-6.85 19.44
-6.66 19.44
-6.66 19.44
-6.66 19.44
-6.30 19.44
-6.30 19.44
-6.30 19.44
-6.12 19.44
-6.12 19.44
-6.12 19.44
-2.10 19.44
-2.10 19.44
-2.10 19.44
-1.92 19.44
-1.92 19.44
-1.92 19.44
-0.82 19.44
-0.82 19.44
-0.82 19.44
-0.64 19.44
-0.64 19.44
-0.64 19.44
-0.46 19.44
-0.46 19.44
-0.46 19.44
-0.09 19.44
-0.09 19.44
-0.09 19.44
0.09 19.44
0.09 19.44
0.09 19.44
-6.12 19.63
-6.12 19.63
-6.12 19.63
-5.93 19.63
-5.93 19.63
-5.93 19.63
-5.75 19.63
-5.75 19.63
-5.75 19.63
-2.28 19.63
-2.28 19.63
-2.28 19.63
-2.10 19.63
-2.10 19.63
-2.10 19.63
-1.37 19.63
-1.37 19.63
-1.37 19.63
-1.19 19.63
-1.19 19.63
-1.19 19.63
-0.27 19.63
-0.27 19.63
-0.27 19.63
-6.30 19.81
-6.30 19.81
-6.30 19.81
-5.75 19.81
-5.75 19.81
-5.75 19.81
-1.55 19.81
-1.55 19.81
-1.55 19.81
-1.00 19.81
-1.00 19.81
-1.00 19.81
-0.09 19.81
-0.09 19.81
-0.09 19.81
-6.30 19.99
-6.30 19.99
-6.30 19.99
-6.12 19.99
-6.12 19.99
-6.12 19.99
-5.20 19.99
-5.20 19.99
-5.20 19.99
-1.37 19.99
-1.37 19.99
-1.37 19.99
-0.82 19.99
-0.82 19.99
-0.82 19.99
-0.64 19.99
-0.64 19.99
-0.64 19.99
-0.46 19.99
-0.46 19.99
-0.46 19.99
-0.09 19.99
-0.09 19.99
-0.09 19.99
-5.20 20.17
-5.20 20.17
-5.20 20.17
-5.02 20.17
-5.02 20.17
-5.02 20.17
-4.84 20.17
-4.84 20.17
-4.84 20.17
-4.66 20.17
-4.66 20.17
-4.66 20.17
-4.11 20.17
-4.11 20.17
-4.11 20.17
-1.37 20.17
-1.37 20.17
-1.37 20.17
-1.19 20.17
-1.19 20.17
-1.19 20.17
-1.00 20.17
-1.00 20.17
-1.00 20.17
-0.46 20.17
-0.46 20.17
-0.46 20.17
-0.27 20.17
-0.27 20.17
-0.27 20.17
-0.09 20.17
-0.09 20.17
-0.09 20.17
-5.57 20.36
-5.57 20.36
-5.57 20.36
-5.39 20.36
-5.39 20.36
-5.39 20.36
-5.02 20.36
-5.02 20.36
-5.02 20.36
-4.47 20.36
-4.47 20.36
-4.47 20.36
-1.55 20.36
-1.55 20.36
-1.55 20.36
-0.82 20.36
-0.82 20.36
-0.82 20.36
-0.64 20.36
-0.64 20.36
-0.64 20.36
-0.46 20.36
-0.46 20.36
-0.46 20.36
0.09 20.36
0.09 20.36
0.09 20.36
0.64 20.36
0.64 20.36
0.64 20.36
-5.57 20.54
-5.57 20.54
-5.57 20.54
-5.39 20.54
-5.39 20.54
-5.39 20.54
-5.20 20.54
-5.20 20.54
-5.20 20.54
-4.47 20.54
-4.47 20.54
-4.47 20.54
-4.29 20.54
-4.29 20.54
-4.29 20.54
-4.11 20.54
-4.11 20.54
-4.11 20.54
-0.82 20.54
-0.82 20.54
-0.82 20.54
-0.64 20.54
-0.64 20.54
-0.64 20.54
-0.46 20.54
-0.46 20.54
-0.46 20.54
-0.27 20.54
-0.27 20.54
-0.27 20.54
-0.09 20.54
-0.09 20.54
-0.09 20.54
0.09 20.54
0.09 20.54
0.09 20.54
0.27 20.54
0.27 20.54
0.27 20.54
0.82 20.54
0.82 20.54
0.82 20.54
-5.57 20.72
-5.57 20.72
-5.57 20.72
-5.39 20.72
-5.39 20.72
-5.39 20.72
-5.20 20.72
-5.20 20.72
-5.20 20.72
-5.02 20.72
-5.02 20.72
-5.02 20.72
-4.84 20.72
-4.84 20.72
-4.84 20.72
-4.66 20.72
-4.66 20.72
-4.66 20.72
-1.19 20.72
-1.19 20.72
-1.19 20.72
-1.00 20.72
-1.00 20.72
-1.00 20.72
-0.46 20.72
-0.46 20.72
-0.46 20.72
-0.27 20.72
-0.27 20.72
-0.27 20.72
-0.09 20.72
-0.09 20.72
-0.09 20.72
0.27 20.72
0.27 20.72
0.27 20.72
0.64 20.72
0.64 20.72
0.64 20.72
-5.57 20.91
-5.57 20.91
-5.57 20.91
-5.39 20.91
-5.39 20.91
-5.39 20.91
-5.20 20.91
-5.20 20.91
-5.20 20.91
-4.66 20.91
-4.66 20.91
-4.66 20.91
-4.47 20.91
-4.47 20.91
-4.47 20.91
-4.29 20.91
-4.29 20.91
-4.29 20.91
-4.11 20.91
-4.11 20.91
-4.11 20.91
-3.38 20.91
-3.38 20.91
-3.38 20.91
-1.55 20.91
-1.55 20.91
-1.55 20.91
-1.37 20.91
-1.37 20.91
-1.37 20.91
-0.82 20.91
-0.82 20.91
-0.82 20.91
-0.64 20.91
-0.64 20.91
-0.64 20.91
-0.46 20.91
-0.46 20.91
-0.46 20.91
0.27 20.91
0.27 20.91
0.27 20.91
0.46 20.91
0.46 20.91
0.46 20.91
0.82 20.91
0.82 20.91
0.82 20.91
-5.20 21.09
-5.20 21.09
-5.20 21.09
-5.02 21.09
-5.02 21.09
-5.02 21.09
-4.66 21.09
-4.66 21.09
-4.66 21.09
-4.47 21.09
-4.47 21.09
-4.47 21.09
-4.11 21.09
-4.11 21.09
-4.11 21.09
-3.74 21.09
-3.74 21.09
-3.74 21.09
-3.56 21.09
-3.56 21.09
-3.56 21.09
-1.37 21.09
-1.37 21.09
-1.37 21.09
-1.19 21.09
-1.19 21.09
-1.19 21.09
-1.00 21.09
-1.00 21.09
-1.00 21.09
-0.27 21.09
-0.27 21.09
-0.27 21.09
-0.09 21.09
-0.09 21.09
-0.09 21.09
0.09 21.09
0.09 21.09
0.09 21.09
0.46 21.09
0.46 21.09
0.46 21.09
-4.84 21.27
-4.84 21.27
-4.84 21.27
-4.66 21.27
-4.66 21.27
-4.66 21.27
-4.47 21.27
-4.47 21.27
-4.47 21.27
-3.93 21.27
-3.93 21.27
-3.93 21.27
-0.27 21.27
-0.27 21.27
-0.27 21.27
0.09 21.27
0.09 21.27
0.09 21.27
0.27 21.27
0.27 21.27
0.27 21.27
0.82 21.27
0.82 21.27
0.82 21.27
-4.84 21.45
-4.84 21.45
-4.84 21.45
-4.66 21.45
-4.66 21.45
-4.66 21.45
-4.47 21.45
-4.47 21.45
-4.47 21.45
-4.29 21.45
-4.29 21.45
-4.29 21.45
-4.11 21.45
-4.11 21.45
-4.11 21.45
-0.27 21.45
-0.27 21.45
-0.27 21.45
-0.09 21.45
-0.09 21.45
-0.09 21.45
0.64 21.45
0.64 21.45
0.64 21.45
-4.84 21.64
-4.84 21.64
-4.84 21.64
-4.29 21.64
-4.29 21.64
-4.29 21.64
-3.74 21.64
-3.74 21.64
-3.74 21.64
-3.56 21.64
-3.56 21.64
-3.56 21.64
-0.27 21.64
-0.27 21.64
-0.27 21.64
0.09 21.64
0.09 21.64
0.09 21.64
0.46 21.64
0.46 21.64
0.46 21.64
-4.84 21.82
-4.84 21.82
-4.84 21.82
-4.47 21.82
-4.47 21.82
-4.47 21.82
-4.29 21.82
-4.29 21.82
-4.29 21.82
-3.20 21.82
-3.20 21.82
-3.20 21.82
-3.01 21.82
-3.01 21.82
-3.01 21.82
-2.65 21.82
-2.65 21.82
-2.65 21.82
-2.46 21.82
-2.46 21.82
-2.46 21.82
-0.82 21.82
-0.82 21.82
-0.82 21.82
-0.27 21.82
-0.27 21.82
-0.27 21.82
-0.09 21.82
-0.09 21.82
-0.09 21.82
0.09 21.82
0.09 21.82
0.09 21.82
1.00 21.82
1.00 21.82
1.00 21.82
1.55 21.82
1.55 21.82
1.55 21.82
-4.66 22.00
-4.66 22.00
-4.66 22.00
-4.47 22.00
-4.47 22.00
-4.47 22.00
-4.11 22.00
-4.11 22.00
-4.11 22.00
-3.93 22.00
-3.93 22.00
-3.93 22.00
-3.74 22.00
-3.74 22.00
-3.74 22.00
-3.56 22.00
-3.56 22.00
-3.56 22.00
-2.46 22.00
-2.46 22.00
-2.46 22.00
0.09 22.00
0.09 22.00
0.09 22.00
0.46 22.00
0.46 22.00
0.46 22.00
0.64 22.00
0.64 22.00
0.64 22.00
-4.66 22.18
-4.66 22.18
-4.66 22.18
-4.11 22.18
-4.11 22.18
-4.11 22.18
-3.20 22.18
-3.20 22.18
-3.20 22.18
-2.83 22.18
-2.83 22.18
-2.83 22.18
-2.65 22.18
-2.65 22.18
-2.65 22.18
-0.82 22.18
-0.82 22.18
-0.82 22.18
-0.64 22.18
-0.64 22.18
-0.64 22.18
-0.46 22.18
-0.46 22.18
-0.46 22.18
-0.09 22.18
-0.09 22.18
-0.09 22.18
0.09 22.18
0.09 22.18
0.09 22.18
0.82 22.18
0.82 22.18
0.82 22.18
1.37 22.18
1.37 22.18
1.37 22.18
-3.74 22.37
-3.74 22.37
-3.74 22.37
-3.56 22.37
-3.56 22.37
-3.56 22.37
-3.38 22.37
-3.38 22.37
-3.38 22.37
-3.20 22.37
-3.20 22.37
-3.20 22.37
-2.83 22.37
-2.83 22.37
-2.83 22.37
-2.65 22.37
-2.65 22.37
-2.65 22.37
0.46 22.37
0.46 22.37
0.46 22.37
0.64 22.37
0.64 22.37
0.64 22.37
1.19 22.37
1.19 22.37
1.19 22.37
1.37 22.37
1.37 22.37
1.37 22.37
-3.93 22.55
-3.93 22.55
-3.93 22.55
-3.56 22.55
-3.56 22.55
-3.56 22.55
-3.38 22.55
-3.38 22.55
-3.38 22.55
-3.01 22.55
-3.01 22.55
-3.01 22.55
0.27 22.55
0.27 22.55
0.27 22.55
0.64 22.55
0.64 22.55
0.64 22.55
0.82 22.55
0.82 22.55
0.82 22.55
1.00 22.55
1.00 22.55
1.00 22.55
1.55 22.55
1.55 22.55
1.55 22.55
-3.93 22.73
-3.93 22.73
-3.93 22.73
-3.74 22.73
-3.74 22.73
-3.74 22.73
-3.56 22.73
-3.56 22.73
-3.56 22.73
-3.20 22.73
-3.20 22.73
-3.20 22.73
-2.83 22.73
-2.83 22.73
-2.83 22.73
-2.65 22.73
-2.65 22.73
-2.65 22.73
-1.92 22.73
-1.92 22.73
-1.92 22.73
0.27 22.73
0.27 22.73
0.27 22.73
1.19 22.73
1.19 22.73
1.19 22.73
2.28 22.73
2.28 22.73
2.28 22.73
-4.11 22.91
-4.11 22.91
-4.11 22.91
-3.93 22.91
-3.93 22.91
-3.93 22.91
-2.46 22.91
-2.46 22.91
-2.46 22.91
-2.28 22.91
-2.28 22.91
-2.28 22.91
-2.10 22.91
-2.10 22.91
-2.10 22.91
-1.73 22.91
-1.73 22.91
-1.73 22.91
0.09 22.91
0.09 22.91
0.09 22.91
0.64 22.91
0.64 22.91
0.64 22.91
0.82 22.91
0.82 22.91
0.82 22.91
1.37 22.91
1.37 22.91
1.37 22.91
2.10 22.91
2.10 22.91
2.10 22.91
-3.56 23.10
-3.56 23.10
-3.56 23.10
-3.01 23.10
-3.01 23.10
-3.01 23.10
-2.46 23.10
-2.46 23.10
-2.46 23.10
-2.28 23.10
-2.28 23.10
-2.28 23.10
-2.10 23.10
-2.10 23.10
-2.10 23.10
-1.73 23.10
-1.73 23.10
-1.73 23.10
0.09 23.10
0.09 23.10
0.09 23.10
0.46 23.10
0.46 23.10
0.46 23.10
0.82 23.10
0.82 23.10
0.82 23.10
1.00 23.10
1.00 23.10
1.00 23.10
1.37 23.10
1.37 23.10
1.37 23.10
1.55 23.10
1.55 23.10
1.55 23.10
1.73 23.10
1.73 23.10
1.73 23.10
1.92 23.10
1.92 23.10
1.92 23.10
2.10 23.10
2.10 23.10
2.10 23.10
2.28 23.10
2.28 23.10
2.28 23.10
-2.65 23.28
-2.65 23.28
-2.65 23.28
-2.46 23.28
-2.46 23.28
-2.46 23.28
-2.28 23.28
-2.28 23.28
-2.28 23.28
-1.92 23.28
-1.92 23.28
-1.92 23.28
0.82 23.28
0.82 23.28
0.82 23.28
1.55 23.28
1.55 23.28
1.55 23.28
2.28 23.28
2.28 23.28
2.28 23.28
-3.01 23.46
-3.01 23.46
-3.01 23.46
-2.83 23.46
-2.83 23.46
-2.83 23.46
-2.65 23.46
-2.65 23.46
-2.65 23.46
-2.28 23.46
-2.28 23.46
-2.28 23.46
-1.92 23.46
-1.92 23.46
-1.92 23.46
-0.82 23.46
-0.82 23.46
-0.82 23.46
1.55 23.46
1.55 23.46
1.55 23.46
2.10 23.46
2.10 23.46
2.10 23.46
-3.20 23.64
-3.20 23.64
-3.20 23.64
-3.01 23.64
-3.01 23.64
-3.01 23.64
-2.83 23.64
-2.83 23.64
-2.83 23.64
-2.65 23.64
-2.65 23.64
-2.65 23.64
-2.28 23.64
-2.28 23.64
-2.28 23.64
-2.10 23.64
-2.10 23.64
-2.10 23.64
-1.55 23.64
-1.55 23.64
-1.55 23.64
-1.37 23.64
-1.37 23.64
-1.37 23.64
-1.00 23.64
-1.00 23.64
-1.00 23.64
1.19 23.64
1.19 23.64
1.19 23.64
1.37 23.64
1.37 23.64
1.37 23.64
1.55 23.64
1.55 23.64
1.55 23.64
2.28 23.64
2.28 23.64
2.28 23.64
-2.46 23.83
-2.46 23.83
-2.46 23.83
-2.28 23.83
-2.28 23.83
-2.28 23.83
-1.73 23.83
-1.73 23.83
-1.73 23.83
-1.55 23.83
-1.55 23.83
-1.55 23.83
-1.19 23.83
-1.19 23.83
-1.19 23.83
-1.00 23.83
-1.00 23.83
-1.00 23.83
0.82 23.83
0.82 23.83
0.82 23.83
1.00 23.83
1.00 23.83
1.00 23.83
1.19 23.83
1.19 23.83
1.19 23.83
1.37 23.83
1.37 23.83
1.37 23.83
2.65 23.83
2.65 23.83
2.65 23.83
-3.01 24.01
-3.01 24.01
-3.01 24.01
-2.83 24.01
-2.83 24.01
-2.83 24.01
-2.65 24.01
-2.65 24.01
-2.65 24.01
-2.46 24.01
-2.46 24.01
-2.46 24.01
-2.10 24.01
-2.10 24.01
-2.10 24.01
-1.92 24.01
-1.92 24.01
-1.92 24.01
-1.73 24.01
-1.73 24.01
-1.73 24.01
-1.55 24.01
-1.55 24.01
-1.55 24.01
-1.37 24.01
-1.37 24.01
-1.37 24.01
-1.19 24.01
-1.19 24.01
-1.19 24.01
0.82 24.01
0.82 24.01
0.82 24.01
1.00 24.01
1.00 24.01
1.00 24.01
1.73 24.01
1.73 24.01
1.73 24.01
1.92 24.01
1.92 24.01
1.92 24.01
2.10 24.01
2.10 24.01
2.10 24.01
2.28 24.01
2.28 24.01
2.28 24.01
2.46 24.01
2.46 24.01
2.46 24.01
3.01 24.01
3.01 24.01
3.01 24.01
-3.38 24.19
-3.38 24.19
-3.38 24.19
-3.20 24.19
-3.20 24.19
-3.20 24.19
-2.83 24.19
-2.83 24.19
-2.83 24.19
-2.65 24.19
-2.65 24.19
-2.65 24.19
-2.28 24.19
-2.28 24.19
-2.28 24.19
-2.10 24.19
-2.10 24.19
-2.10 24.19
-1.73 24.19
-1.73 24.19
-1.73 24.19
-1.37 24.19
-1.37 24.19
-1.37 24.19
-1.19 24.19
-1.19 24.19
-1.19 24.19
0.82 24.19
0.82 24.19
0.82 24.19
1.00 24.19
1.00 24.19
1.00 24.19
1.19 24.19
1.19 24.19
1.19 24.19
1.37 24.19
1.37 24.19
1.37 24.19
1.55 24.19
1.55 24.19
1.55 24.19
1.73 24.19
1.73 24.19
1.73 24.19
1.92 24.19
1.92 24.19
1.92 24.19
2.65 24.19
2.65 24.19
2.65 24.19
2.83 24.19
2.83 24.19
2.83 24.19
3.01 24.19
3.01 24.19
3.01 24.19
3.20 24.19
3.20 24.19
3.20 24.19
-3.38 24.37
-3.38 24.37
-3.38 24.37
-3.01 24.37
-3.01 24.37
-3.01 24.37
-2.83 24.37
-2.83 24.37
-2.83 24.37
-2.28 24.37
-2.28 24.37
-2.28 24.37
-1.73 24.37
-1.73 24.37
-1.73 24.37
-1.55 24.37
-1.55 24.37
-1.55 24.37
1.00 24.37
1.00 24.37
1.00 24.37
1.19 24.37
1.19 24.37
1.19 24.37
1.37 24.37
1.37 24.37
1.37 24.37
1.92 24.37
1.92 24.37
1.92 24.37
2.28 24.37
2.28 24.37
2.28 24.37
2.46 24.37
2.46 24.37
2.46 24.37
2.65 24.37
2.65 24.37
2.65 24.37
2.83 24.37
2.83 24.37
2.83 24.37
-3.38 24.56
-3.38 24.56
-3.38 24.56
-3.20 24.56
-3.20 24.56
-3.20 24.56
-2.46 24.56
-2.46 24.56
-2.46 24.56
-2.10 24.56
-2.10 24.56
-2.10 24.56
-1.92 24.56
-1.92 24.56
-1.92 24.56
-1.73 24.56
-1.73 24.56
-1.73 24.56
-1.19 24.56
-1.19 24.56
-1.19 24.56
-1.00 24.56
-1.00 24.56
-1.00 24.56
0.82 24.56
0.82 24.56
0.82 24.56
1.55 24.56
1.55 24.56
1.55 24.56
1.73 24.56
1.73 24.56
1.73 24.56
1.92 24.56
1.92 24.56
1.92 24.56
2.10 24.56
2.10 24.56
2.10 24.56
2.28 24.56
2.28 24.56
2.28 24.56
2.46 24.56
2.46 24.56
2.46 24.56
3.93 24.56
3.93 24.56
3.93 24.56
4.11 24.56
4.11 24.56
4.11 24.56
-1.55 24.74
-1.55 24.74
-1.55 24.74
-1.37 24.74
-1.37 24.74
-1.37 24.74
2.10 24.74
2.10 24.74
2.10 24.74
2.28 24.74
2.28 24.74
2.28 24.74
2.46 24.74
2.46 24.74
2.46 24.74
3.56 24.74
3.56 24.74
3.56 24.74
3.74 24.74
3.74 24.74
3.74 24.74
4.11 24.74
4.11 24.74
4.11 24.74
4.29 24.74
4.29 24.74
4.29 24.74
4.47 24.74
4.47 24.74
4.47 24.74
-2.28 24.92
-2.28 24.92
-2.28 24.92
-1.92 24.92
-1.92 24.92
-1.92 24.92
-1.73 24.92
-1.73 24.92
-1.73 24.92
-1.55 24.92
-1.55 24.92
-1.55 24.92
-1.00 24.92
-1.00 24.92
-1.00 24.92
1.55 24.92
1.55 24.92
1.55 24.92
1.73 24.92
1.73 24.92
1.73 24.92
1.92 24.92
1.92 24.92
1.92 24.92
2.10 24.92
2.10 24.92
2.10 24.92
2.28 24.92
2.28 24.92
2.28 24.92
2.46 24.92
2.46 24.92
2.46 24.92
2.65 24.92
2.65 24.92
2.65 24.92
3.20 24.92
3.20 24.92
3.20 24.92
3.38 24.92
3.38 24.92
3.38 24.92
3.56 24.92
3.56 24.92
3.56 24.92
4.11 24.92
4.11 24.92
4.11 24.92
4.29 24.92
4.29 24.92
4.29 24.92
-1.92 25.10
-1.92 25.10
-1.92 25.10
-1.73 25.10
-1.73 25.10
-1.73 25.10
-1.19 25.10
-1.19 25.10
-1.19 25.10
2.10 25.10
2.10 25.10
2.10 25.10
2.28 25.10
2.28 25.10
2.28 25.10
2.46 25.10
2.46 25.10
2.46 25.10
3.74 25.10
3.74 25.10
3.74 25.10
3.93 25.10
3.93 25.10
3.93 25.10
-2.46 25.29
-2.46 25.29
-2.46 25.29
-1.73 25.29
-1.73 25.29
-1.73 25.29
-1.37 25.29
-1.37 25.29
-1.37 25.29
1.55 25.29
1.55 25.29
1.55 25.29
1.73 25.29
1.73 25.29
1.73 25.29
2.10 25.29
2.10 25.29
2.10 25.29
3.74 25.29
3.74 25.29
3.74 25.29
4.11 25.29
4.11 25.29
4.11 25.29
4.29 25.29
4.29 25.29
4.29 25.29
4.47 25.29
4.47 25.29
4.47 25.29
-2.46 25.47
-2.46 25.47
-2.46 25.47
-2.10 25.47
-2.10 25.47
-2.10 25.47
-1.73 25.47
-1.73 25.47
-1.73 25.47
-1.00 25.47
-1.00 25.47
-1.00 25.47
3.20 25.47
3.20 25.47
3.20 25.47
3.38 25.47
3.38 25.47
3.38 25.47
3.56 25.47
3.56 25.47
3.56 25.47
3.74 25.47
3.74 25.47
3.74 25.47
4.11 25.47
4.11 25.47
4.11 25.47
4.29 25.47
4.29 25.47
4.29 25.47
-2.46 25.65
-2.46 25.65
-2.46 25.65
-1.37 25.65
-1.37 25.65
-1.37 25.65
-1.00 25.65
-1.00 25.65
-1.00 25.65
-0.64 25.65
-0.64 25.65
-0.64 25.65
-0.46 25.65
-0.46 25.65
-0.46 25.65
2.28 25.65
2.28 25.65
2.28 25.65
2.46 25.65
2.46 25.65
2.46 25.65
2.83 25.65
2.83 25.65
2.83 25.65
3.20 25.65
3.20 25.65
3.20 25.65
3.38 25.65
3.38 25.65
3.38 25.65
4.47 25.65
4.47 25.65
4.47 25.65
-1.37 25.83
-1.37 25.83
-1.37 25.83
-1.00 25.83
-1.00 25.83
-1.00 25.83
-0.82 25.83
-0.82 25.83
-0.82 25.83
-0.64 25.83
-0.64 25.83
-0.64 25.83
-0.46 25.83
-0.46 25.83
-0.46 25.83
2.46 25.83
2.46 25.83
2.46 25.83
2.65 25.83
2.65 25.83
2.65 25.83
2.83 25.83
2.83 25.83
2.83 25.83
3.20 25.83
3.20 25.83
3.20 25.83
4.11 25.83
4.11 25.83
4.11 25.83
4.29 25.83
4.29 25.83
4.29 25.83
4.47 25.83
4.47 25.83
4.47 25.83
-1.73 26.02
-1.73 26.02
-1.73 26.02
-1.55 26.02
-1.55 26.02
-1.55 26.02
-1.19 26.02
-1.19 26.02
-1.19 26.02
-1.00 26.02
-1.00 26.02
-1.00 26.02
0.09 26.02
0.09 26.02
0.09 26.02
0.27 26.02
0.27 26.02
0.27 26.02
2.46 26.02
2.46 26.02
2.46 26.02
2.83 26.02
2.83 26.02
2.83 26.02
3.01 26.02
3.01 26.02
3.01 26.02
3.20 26.02
3.20 26.02
3.20 26.02
3.56 26.02
3.56 26.02
3.56 26.02
3.74 26.02
3.74 26.02
3.74 26.02
3.93 26.02
3.93 26.02
3.93 26.02
4.29 26.02
4.29 26.02
4.29 26.02
-1.73 26.20
-1.73 26.20
-1.73 26.20
-1.55 26.20
-1.55 26.20
-1.55 26.20
-1.19 26.20
-1.19 26.20
-1.19 26.20
-1.00 26.20
-1.00 26.20
-1.00 26.20
-0.82 26.20
-0.82 26.20
-0.82 26.20
-0.64 26.20
-0.64 26.20
-0.64 26.20
-0.46 26.20
-0.46 26.20
-0.46 26.20
-0.27 26.20
-0.27 26.20
-0.27 26.20
-0.09 26.20
-0.09 26.20
-0.09 26.20
0.09 26.20
0.09 26.20
0.09 26.20
0.46 26.20
0.46 26.20
0.46 26.20
3.56 26.20
3.56 26.20
3.56 26.20
4.29 26.20
4.29 26.20
4.29 26.20
4.47 26.20
4.47 26.20
4.47 26.20
-1.55 26.38
-1.55 26.38
-1.55 26.38
-1.37 26.38
-1.37 26.38
-1.37 26.38
-1.19 26.38
-1.19 26.38
-1.19 26.38
-0.64 26.38
-0.64 26.38
-0.64 26.38
-0.46 26.38
-0.46 26.38
-0.46 26.38
0.09 26.38
0.09 26.38
0.09 26.38
2.28 26.38
2.28 26.38
2.28 26.38
2.65 26.38
2.65 26.38
2.65 26.38
2.83 26.38
2.83 26.38
2.83 26.38
3.20 26.38
3.20 26.38
3.20 26.38
3.38 26.38
3.38 26.38
3.38 26.38
3.74 26.38
3.74 26.38
3.74 26.38
3.93 26.38
3.93 26.38
3.93 26.38
-1.73 26.56
-1.73 26.56
-1.73 26.56
-1.19 26.56
-1.19 26.56
-1.19 26.56
-1.00 26.56
-1.00 26.56
-1.00 26.56
-0.82 26.56
-0.82 26.56
-0.82 26.56
-0.46 26.56
-0.46 26.56
-0.46 26.56
-0.27 26.56
-0.27 26.56
-0.27 26.56
-0.09 26.56
-0.09 26.56
-0.09 26.56
0.09 26.56
0.09 26.56
0.09 26.56
3.38 26.56
3.38 26.56
3.38 26.56
-1.55 26.75
-1.55 26.75
-1.55 26.75
-0.82 26.75
-0.82 26.75
-0.82 26.75
-0.27 26.75
-0.27 26.75
-0.27 26.75
3.01 26.75
3.01 26.75
3.01 26.75
3.38 26.75
3.38 26.75
3.38 26.75
4.29 26.75
4.29 26.75
4.29 26.75
-0.64 26.93
-0.64 26.93
-0.64 26.93
-0.27 26.93
-0.27 26.93
-0.27 26.93
0.27 26.93
0.27 26.93
0.27 26.93
0.46 26.93
0.46 26.93
0.46 26.93
3.01 26.93
3.01 26.93
3.01 26.93
4.47 26.93
4.47 26.93
4.47 26.93
-1.00 27.11
-1.00 27.11
-1.00 27.11
-0.82 27.11
-0.82 27.11
-0.82 27.11
0.27 27.11
0.27 27.11
0.27 27.11
0.46 27.11
0.46 27.11
0.46 27.11
0.82 27.11
0.82 27.11
0.82 27.11
1.00 27.11
1.00 27.11
1.00 27.11
3.01 27.11
3.01 27.11
3.01 27.11
3.20 27.11
3.20 27.11
3.20 27.11
4.11 27.11
4.11 27.11
4.11 27.11
4.29 27.11
4.29 27.11
4.29 27.11
4.47 27.11
4.47 27.11
4.47 27.11
4.66 27.11
4.66 27.11
4.66 27.11
5.20 27.11
5.20 27.11
5.20 27.11
-0.64 27.30
-0.64 27.30
-0.64 27.30
0.46 27.30
0.46 27.30
0.46 27.30
0.64 27.30
0.64 27.30
0.64 27.30
1.00 27.30
1.00 27.30
1.00 27.30
3.38 27.30
3.38 27.30
3.38 27.30
3.56 27.30
3.56 27.30
3.56 27.30
4.11 27.30
4.11 27.30
4.11 27.30
4.29 27.30
4.29 27.30
4.29 27.30
4.47 27.30
4.47 27.30
4.47 27.30
4.66 27.30
4.66 27.30
4.66 27.30
4.84 27.30
4.84 27.30
4.84 27.30
-0.82 27.48
-0.82 27.48
-0.82 27.48
-0.09 27.48
-0.09 27.48
-0.09 27.48
0.09 27.48
0.09 27.48
0.09 27.48
0.27 27.48
0.27 27.48
0.27 27.48
0.82 27.48
0.82 27.48
0.82 27.48
1.00 27.48
1.00 27.48
1.00 27.48
1.19 27.48
1.19 27.48
1.19 27.48
5.20 27.48
5.20 27.48
5.20 27.48
-1.00 27.66
-1.00 27.66
-1.00 27.66
-0.82 27.66
-0.82 27.66
-0.82 27.66
-0.64 27.66
-0.64 27.66
-0.64 27.66
-0.46 27.66
-0.46 27.66
-0.46 27.66
-0.27 27.66
-0.27 27.66
-0.27 27.66
-0.09 27.66
-0.09 27.66
-0.09 27.66
0.27 27.66
0.27 27.66
0.27 27.66
0.46 27.66
0.46 27.66
0.46 27.66
1.19 27.66
1.19 27.66
1.19 27.66
2.83 27.66
2.83 27.66
2.83 27.66
3.01 27.66
3.01 27.66
3.01 27.66
3.20 27.66
3.20 27.66
3.20 27.66
3.38 27.66
3.38 27.66
3.38 27.66
3.56 27.66
3.56 27.66
3.56 27.66
5.57 27.66
5.57 27.66
5.57 27.66
5.93 27.66
5.93 27.66
5.93 27.66
-1.00 27.84
-1.00 27.84
-1.00 27.84
-0.27 27.84
-0.27 27.84
-0.27 27.84
0.82 27.84
0.82 27.84
0.82 27.84
1.00 27.84
1.00 27.84
1.00 27.84
1.19 27.84
1.19 27.84
1.19 27.84
1.73 27.84
1.73 27.84
1.73 27.84
2.46 27.84
2.46 27.84
2.46 27.84
3.01 27.84
3.01 27.84
3.01 27.84
3.20 27.84
3.20 27.84
3.20 27.84
3.74 27.84
3.74 27.84
3.74 27.84
3.93 27.84
3.93 27.84
3.93 27.84
4.84 27.84
4.84 27.84
4.84 27.84
5.02 27.84
5.02 27.84
5.02 27.84
5.20 27.84
5.20 27.84
5.20 27.84
5.57 27.84
5.57 27.84
5.57 27.84
5.75 27.84
5.75 27.84
5.75 27.84
5.93 27.84
5.93 27.84
5.93 27.84
-1.00 28.03
-1.00 28.03
-1.00 28.03
-0.64 28.03
-0.64 28.03
-0.64 28.03
-0.46 28.03
-0.46 28.03
-0.46 28.03
-0.09 28.03
-0.09 28.03
-0.09 28.03
0.09 28.03
0.09 28.03
0.09 28.03
1.00 28.03
1.00 28.03
1.00 28.03
1.19 28.03
1.19 28.03
1.19 28.03
1.37 28.03
1.37 28.03
1.37 28.03
1.73 28.03
1.73 28.03
1.73 28.03
1.92 28.03
1.92 28.03
1.92 28.03
2.10 28.03
2.10 28.03
2.10 28.03
2.28 28.03
2.28 28.03
2.28 28.03
3.74 28.03
3.74 28.03
3.74 28.03
3.93 28.03
3.93 28.03
3.93 28.03
4.84 28.03
4.84 28.03
4.84 28.03
5.02 28.03
5.02 28.03
5.02 28.03
5.20 28.03
5.20 28.03
5.20 28.03
5.75 28.03
5.75 28.03
5.75 28.03
-0.82 28.21
-0.82 28.21
-0.82 28.21
-0.27 28.21
-0.27 28.21
-0.27 28.21
-0.09 28.21
-0.09 28.21
-0.09 28.21
0.46 28.21
0.46 28.21
0.46 28.21
0.64 28.21
0.64 28.21
0.64 28.21
0.82 28.21
0.82 28.21
0.82 28.21
1.00 28.21
1.00 28.21
1.00 28.21
1.37 28.21
1.37 28.21
1.37 28.21
1.55 28.21
1.55 28.21
1.55 28.21
1.92 28.21
1.92 28.21
1.92 28.21
3.74 28.21
3.74 28.21
3.74 28.21
3.93 28.21
3.93 28.21
3.93 28.21
5.39 28.21
5.39 28.21
5.39 28.21
5.57 28.21
5.57 28.21
5.57 28.21
5.93 28.21
5.93 28.21
5.93 28.21
-0.09 28.39
-0.09 28.39
-0.09 28.39
0.27 28.39
0.27 28.39
0.27 28.39
0.46 28.39
0.46 28.39
0.46 28.39
1.00 28.39
1.00 28.39
1.00 28.39
1.37 28.39
1.37 28.39
1.37 28.39
1.55 28.39
1.55 28.39
1.55 28.39
1.73 28.39
1.73 28.39
1.73 28.39
1.92 28.39
1.92 28.39
1.92 28.39
3.74 28.39
3.74 28.39
3.74 28.39
3.93 28.39
3.93 28.39
3.93 28.39
4.11 28.39
4.11 28.39
4.11 28.39
4.29 28.39
4.29 28.39
4.29 28.39
4.47 28.39
4.47 28.39
4.47 28.39
4.66 28.39
4.66 28.39
4.66 28.39
4.84 28.39
4.84 28.39
4.84 28.39
5.02 28.39
5.02 28.39
5.02 28.39
5.20 28.39
5.20 28.39
5.20 28.39
5.75 28.39
5.75 28.39
5.75 28.39
-0.09 28.57
-0.09 28.57
-0.09 28.57
0.46 28.57
0.46 28.57
0.46 28.57
1.19 28.57
1.19 28.57
1.19 28.57
1.37 28.57
1.37 28.57
1.37 28.57
1.92 28.57
1.92 28.57
1.92 28.57
3.74 28.57
3.74 28.57
3.74 28.57
3.93 28.57
3.93 28.57
3.93 28.57
4.29 28.57
4.29 28.57
4.29 28.57
4.47 28.57
4.47 28.57
4.47 28.57
4.66 28.57
4.66 28.57
4.66 28.57
5.39 28.57
5.39 28.57
5.39 28.57
5.57 28.57
5.57 28.57
5.57 28.57
0.09 28.76
0.09 28.76
0.09 28.76
0.64 28.76
0.64 28.76
0.64 28.76
0.82 28.76
0.82 28.76
0.82 28.76
1.00 28.76
1.00 28.76
1.00 28.76
1.19 28.76
1.19 28.76
1.19 28.76
1.73 28.76
1.73 28.76
1.73 28.76
1.92 28.76
1.92 28.76
1.92 28.76
3.93 28.76
3.93 28.76
3.93 28.76
4.84 28.76
4.84 28.76
4.84 28.76
5.75 28.76
5.75 28.76
5.75 28.76
5.93 28.76
5.93 28.76
5.93 28.76
-0.27 28.94
-0.27 28.94
-0.27 28.94
0.27 28.94
0.27 28.94
0.27 28.94
0.46 28.94
0.46 28.94
0.46 28.94
0.64 28.94
0.64 28.94
0.64 28.94
1.19 28.94
1.19 28.94
1.19 28.94
1.37 28.94
1.37 28.94
1.37 28.94
1.73 28.94
1.73 28.94
1.73 28.94
1.92 28.94
1.92 28.94
1.92 28.94
3.74 28.94
3.74 28.94
3.74 28.94
3.93 28.94
3.93 28.94
3.93 28.94
4.47 28.94
4.47 28.94
4.47 28.94
4.66 28.94
4.66 28.94
4.66 28.94
4.84 28.94
4.84 28.94
4.84 28.94
5.02 28.94
5.02 28.94
5.02 28.94
5.20 28.94
5.20 28.94
5.20 28.94
5.75 28.94
5.75 28.94
5.75 28.94
5.93 28.94
5.93 28.94
5.93 28.94
-0.09 29.12
-0.09 29.12
-0.09 29.12
0.09 29.12
0.09 29.12
0.09 29.12
0.27 29.12
0.27 29.12
0.27 29.12
0.46 29.12
0.46 29.12
0.46 29.12
1.00 29.12
1.00 29.12
1.00 29.12
1.19 29.12
1.19 29.12
1.19 29.12
1.92 29.12
1.92 29.12
1.92 29.12
4.66 29.12
4.66 29.12
4.66 29.12
5.39 29.12
5.39 29.12
5.39 29.12
5.57 29.12
5.57 29.12
5.57 29.12
5.75 29.12
5.75 29.12
5.75 29.12
5.93 29.12
5.93 29.12
5.93 29.12
-0.27 29.30
-0.27 29.30
-0.27 29.30
0.46 29.30
0.46 29.30
0.46 29.30
0.64 29.30
0.64 29.30
0.64 29.30
1.55 29.30
1.55 29.30
1.55 29.30
4.47 29.30
4.47 29.30
4.47 29.30
4.66 29.30
4.66 29.30
4.66 29.30
5.02 29.30
5.02 29.30
5.02 29.30
5.39 29.30
5.39 29.30
5.39 29.30
0.82 29.49
0.82 29.49
0.82 29.49
1.00 29.49
1.00 29.49
1.00 29.49
1.19 29.49
1.19 29.49
1.19 29.49
1.37 29.49
1.37 29.49
1.37 29.49
1.55 29.49
1.55 29.49
1.55 29.49
1.73 29.49
1.73 29.49
1.73 29.49
1.92 29.49
1.92 29.49
1.92 29.49
5.39 29.49
5.39 29.49
5.39 29.49
5.75 29.49
5.75 29.49
5.75 29.49
5.93 29.49
5.93 29.49
5.93 29.49
0.64 29.67
0.64 29.67
0.64 29.67
1.00 29.67
1.00 29.67
1.00 29.67
1.19 29.67
1.19 29.67
1.19 29.67
1.92 29.67
1.92 29.67
1.92 29.67
4.66 29.67
4.66 29.67
4.66 29.67
4.84 29.67
4.84 29.67
4.84 29.67
5.02 29.67
5.02 29.67
5.02 29.67
5.39 29.67
5.39 29.67
5.39 29.67
5.57 29.67
5.57 29.67
5.57 29.67
5.75 29.67
5.75 29.67
5.75 29.67
1.55 29.85
1.55 29.85
1.55 29.85
1.92 29.85
1.92 29.85
1.92 29.85
4.47 29.85
4.47 29.85
4.47 29.85
5.39 29.85
5.39 29.85
5.39 29.85
4.47 30.03
4.47 30.03
4.47 30.03
5.39 30.03
5.39 30.03
5.39 30.03
5.75 30.03
5.75 30.03
5.75 30.03
5.20 30.22
5.20 30.22
5.20 30.22
5.39 30.22
5.39 30.22
5.39 30.22
6.30 30.22
6.30 30.22
6.30 30.22
6.66 30.22
6.66 30.22
6.66 30.22
7.21 30.22
7.21 30.22
7.21 30.22
7.39 30.22
7.39 30.22
7.39 30.22
5.20 30.40
5.20 30.40
5.20 30.40
5.57 30.40
5.57 30.40
5.57 30.40
5.93 30.40
5.93 30.40
5.93 30.40
6.12 30.40
6.12 30.40
6.12 30.40
7.39 30.40
7.39 30.40
7.39 30.40
6.12 30.58
6.12 30.58
6.12 30.58
6.30 30.58
6.30 30.58
6.30 30.58
6.48 30.58
6.48 30.58
6.48 30.58
6.85 30.58
6.85 30.58
6.85 30.58
7.03 30.58
7.03 30.58
7.03 30.58
5.93 30.76
5.93 30.76
5.93 30.76
6.66 30.76
6.66 30.76
6.66 30.76
5.93 30.95
5.93 30.95
5.93 30.95
