6.48 -57.06
6.48 -57.06
6.48 -57.06
7.21 -56.32
7.21 -56.32
7.21 -56.32
7.03 -56.14
7.03 -56.14
7.03 -56.14
7.21 -56.14
7.21 -56.14
7.21 -56.14
7.39 -56.14
7.39 -56.14
7.39 -56.14
7.58 -56.14
7.58 -56.14
7.58 -56.14
10.13 -56.14
10.13 -56.14
10.13 -56.14
7.21 -55.96
7.21 -55.96
7.21 -55.96
7.94 -55.59
7.94 -55.59
7.94 -55.59
8.31 -55.59
8.31 -55.59
8.31 -55.59
8.31 -55.41
8.31 -55.41
8.31 -55.41
10.32 -55.41
10.32 -55.41
10.32 -55.41
10.86 -55.41
10.86 -55.41
10.86 -55.41
9.04 -54.68
9.04 -54.68
9.04 -54.68
9.40 -54.68
9.40 -54.68
9.40 -54.68
9.59 -54.68
9.59 -54.68
9.59 -54.68
11.59 -54.68
11.59 -54.68
11.59 -54.68
9.04 -54.50
9.04 -54.50
9.04 -54.50
9.40 -54.50
9.40 -54.50
9.40 -54.50
11.59 -54.50
11.59 -54.50
11.59 -54.50
9.95 -54.13
9.95 -54.13
9.95 -54.13
10.13 -54.13
10.13 -54.13
10.13 -54.13
9.77 -53.95
9.77 -53.95
9.77 -53.95
10.32 -53.77
10.32 -53.77
10.32 -53.77
11.05 -53.22
11.05 -53.22
11.05 -53.22
11.41 -53.22
11.41 -53.22
11.41 -53.22
11.59 -53.22
11.59 -53.22
11.59 -53.22
13.60 -53.22
13.60 -53.22
13.60 -53.22
11.05 -53.04
11.05 -53.04
11.05 -53.04
11.41 -53.04
11.41 -53.04
11.41 -53.04
13.78 -53.04
13.78 -53.04
13.78 -53.04
13.97 -53.04
13.97 -53.04
13.97 -53.04
14.15 -53.04
14.15 -53.04
14.15 -53.04
11.41 -52.86
11.41 -52.86
11.41 -52.86
11.78 -52.86
11.78 -52.86
11.78 -52.86
12.14 -52.86
12.14 -52.86
12.14 -52.86
13.97 -52.86
13.97 -52.86
13.97 -52.86
11.59 -52.67
11.59 -52.67
11.59 -52.67
11.78 -52.67
11.78 -52.67
11.78 -52.67
13.60 -52.67
13.60 -52.67
13.60 -52.67
13.97 -52.67
13.97 -52.67
13.97 -52.67
11.78 -52.49
11.78 -52.49
11.78 -52.49
13.97 -52.49
13.97 -52.49
13.97 -52.49
14.15 -52.49
14.15 -52.49
14.15 -52.49
12.69 -52.31
12.69 -52.31
12.69 -52.31
13.05 -52.31
13.05 -52.31
13.05 -52.31
12.51 -52.13
12.51 -52.13
12.51 -52.13
12.87 -52.13
12.87 -52.13
12.87 -52.13
13.24 -52.13
13.24 -52.13
13.24 -52.13
13.42 -52.13
13.42 -52.13
13.42 -52.13
13.78 -52.13
13.78 -52.13
13.78 -52.13
14.15 -52.13
14.15 -52.13
14.15 -52.13
14.51 -52.13
14.51 -52.13
14.51 -52.13
14.70 -52.13
14.70 -52.13
14.70 -52.13
12.32 -51.94
12.32 -51.94
12.32 -51.94
12.51 -51.94
12.51 -51.94
12.51 -51.94
12.69 -51.94
12.69 -51.94
12.69 -51.94
14.33 -51.94
14.33 -51.94
14.33 -51.94
14.51 -51.94
14.51 -51.94
14.51 -51.94
12.51 -51.76
12.51 -51.76
12.51 -51.76
12.87 -51.76
12.87 -51.76
12.87 -51.76
14.51 -51.76
14.51 -51.76
14.51 -51.76
12.69 -51.58
12.69 -51.58
12.69 -51.58
12.87 -51.58
12.87 -51.58
12.87 -51.58
14.33 -51.58
14.33 -51.58
14.33 -51.58
14.51 -51.58
14.51 -51.58
14.51 -51.58
14.70 -51.58
14.70 -51.58
14.70 -51.58
12.32 -51.40
12.32 -51.40
12.32 -51.40
12.69 -51.40
12.69 -51.40
12.69 -51.40
13.05 -51.40
13.05 -51.40
13.05 -51.40
13.24 -51.40
13.24 -51.40
13.24 -51.40
14.88 -51.40
14.88 -51.40
14.88 -51.40
15.06 -51.40
15.06 -51.40
15.06 -51.40
15.25 -51.40
15.25 -51.40
15.25 -51.40
12.32 -51.21
12.32 -51.21
12.32 -51.21
13.05 -51.21
13.05 -51.21
13.05 -51.21
15.25 -51.21
15.25 -51.21
15.25 -51.21
15.43 -51.21
15.43 -51.21
15.43 -51.21
12.32 -51.03
12.32 -51.03
12.32 -51.03
12.51 -51.03
12.51 -51.03
12.51 -51.03
12.87 -51.03
12.87 -51.03
12.87 -51.03
13.05 -51.03
13.05 -51.03
13.05 -51.03
15.06 -51.03
15.06 -51.03
15.06 -51.03
15.79 -50.66
15.79 -50.66
15.79 -50.66
15.98 -50.66
15.98 -50.66
15.98 -50.66
15.61 -50.48
15.61 -50.48
15.61 -50.48
14.15 -50.30
14.15 -50.30
14.15 -50.30
15.98 -50.30
15.98 -50.30
15.98 -50.30
14.51 -50.12
14.51 -50.12
14.51 -50.12
14.88 -50.12
14.88 -50.12
14.88 -50.12
15.06 -50.12
15.06 -50.12
15.06 -50.12
15.61 -50.12
15.61 -50.12
15.61 -50.12
15.79 -50.12
15.79 -50.12
15.79 -50.12
16.52 -50.12
16.52 -50.12
16.52 -50.12
14.51 -49.93
14.51 -49.93
14.51 -49.93
14.70 -49.93
14.70 -49.93
14.70 -49.93
15.06 -49.93
15.06 -49.93
15.06 -49.93
16.16 -49.93
16.16 -49.93
16.16 -49.93
16.34 -49.93
16.34 -49.93
16.34 -49.93
14.33 -49.75
14.33 -49.75
14.33 -49.75
14.51 -49.75
14.51 -49.75
14.51 -49.75
16.16 -49.75
16.16 -49.75
16.16 -49.75
16.71 -49.75
16.71 -49.75
16.71 -49.75
14.15 -49.57
14.15 -49.57
14.15 -49.57
14.33 -49.57
14.33 -49.57
14.33 -49.57
14.51 -49.57
14.51 -49.57
14.51 -49.57
16.71 -49.57
16.71 -49.57
16.71 -49.57
14.70 -49.39
14.70 -49.39
14.70 -49.39
14.15 -49.20
14.15 -49.20
14.15 -49.20
16.16 -49.20
16.16 -49.20
16.16 -49.20
14.15 -49.02
14.15 -49.02
14.15 -49.02
14.70 -49.02
14.70 -49.02
14.70 -49.02
16.16 -49.02
16.16 -49.02
16.16 -49.02
16.71 -49.02
16.71 -49.02
16.71 -49.02
17.07 -49.02
17.07 -49.02
17.07 -49.02
17.25 -49.02
17.25 -49.02
17.25 -49.02
14.15 -48.84
14.15 -48.84
14.15 -48.84
15.06 -48.84
15.06 -48.84
15.06 -48.84
15.43 -48.84
15.43 -48.84
15.43 -48.84
17.07 -48.84
17.07 -48.84
17.07 -48.84
17.25 -48.84
17.25 -48.84
17.25 -48.84
15.06 -48.66
15.06 -48.66
15.06 -48.66
15.25 -48.66
15.25 -48.66
15.25 -48.66
16.89 -48.66
16.89 -48.66
16.89 -48.66
15.06 -48.47
15.06 -48.47
15.06 -48.47
15.43 -48.47
15.43 -48.47
15.43 -48.47
17.07 -48.47
17.07 -48.47
17.07 -48.47
17.25 -48.47
17.25 -48.47
17.25 -48.47
15.06 -48.29
15.06 -48.29
15.06 -48.29
15.25 -48.29
15.25 -48.29
15.25 -48.29
15.43 -48.29
15.43 -48.29
15.43 -48.29
17.07 -48.29
17.07 -48.29
17.07 -48.29
15.43 -48.11
15.43 -48.11
15.43 -48.11
15.79 -48.11
15.79 -48.11
15.79 -48.11
15.98 -48.11
15.98 -48.11
15.98 -48.11
15.79 -47.93
15.79 -47.93
15.79 -47.93
15.98 -47.93
15.98 -47.93
15.98 -47.93
17.44 -47.93
17.44 -47.93
17.44 -47.93
17.98 -47.93
17.98 -47.93
17.98 -47.93
15.43 -47.74
15.43 -47.74
15.43 -47.74
15.61 -47.74
15.61 -47.74
15.61 -47.74
15.79 -47.74
15.79 -47.74
15.79 -47.74
15.79 -47.56
15.79 -47.56
15.79 -47.56
15.98 -47.56
15.98 -47.56
15.98 -47.56
16.34 -47.56
16.34 -47.56
16.34 -47.56
16.52 -47.56
16.52 -47.56
16.52 -47.56
15.61 -47.38
15.61 -47.38
15.61 -47.38
15.79 -47.38
15.79 -47.38
15.79 -47.38
15.98 -47.38
15.98 -47.38
15.98 -47.38
16.16 -47.38
16.16 -47.38
16.16 -47.38
16.52 -47.01
16.52 -47.01
16.52 -47.01
18.17 -47.01
18.17 -47.01
18.17 -47.01
18.35 -47.01
18.35 -47.01
18.35 -47.01
16.16 -46.83
16.16 -46.83
16.16 -46.83
16.16 -46.65
16.16 -46.65
16.16 -46.65
16.52 -46.65
16.52 -46.65
16.52 -46.65
16.71 -46.65
16.71 -46.65
16.71 -46.65
17.62 -46.65
17.62 -46.65
17.62 -46.65
17.80 -46.65
17.80 -46.65
17.80 -46.65
17.98 -46.65
17.98 -46.65
17.98 -46.65
18.17 -46.65
18.17 -46.65
18.17 -46.65
18.35 -46.65
18.35 -46.65
18.35 -46.65
16.16 -46.47
16.16 -46.47
16.16 -46.47
16.34 -46.47
16.34 -46.47
16.34 -46.47
16.89 -46.47
16.89 -46.47
16.89 -46.47
17.07 -46.47
17.07 -46.47
17.07 -46.47
17.25 -46.47
17.25 -46.47
17.25 -46.47
17.62 -46.47
17.62 -46.47
17.62 -46.47
17.80 -46.47
17.80 -46.47
17.80 -46.47
18.17 -46.47
18.17 -46.47
18.17 -46.47
16.89 -46.28
16.89 -46.28
16.89 -46.28
17.25 -46.28
17.25 -46.28
17.25 -46.28
17.44 -46.28
17.44 -46.28
17.44 -46.28
18.17 -46.28
18.17 -46.28
18.17 -46.28
18.35 -46.28
18.35 -46.28
18.35 -46.28
18.53 -46.28
18.53 -46.28
18.53 -46.28
16.71 -46.10
16.71 -46.10
16.71 -46.10
17.25 -46.10
17.25 -46.10
17.25 -46.10
17.44 -46.10
17.44 -46.10
17.44 -46.10
17.80 -46.10
17.80 -46.10
17.80 -46.10
17.98 -46.10
17.98 -46.10
17.98 -46.10
17.44 -45.92
17.44 -45.92
17.44 -45.92
17.62 -45.92
17.62 -45.92
17.62 -45.92
17.80 -45.92
17.80 -45.92
17.80 -45.92
17.98 -45.92
17.98 -45.92
17.98 -45.92
18.17 -45.92
18.17 -45.92
18.17 -45.92
18.35 -45.92
18.35 -45.92
18.35 -45.92
18.53 -45.92
18.53 -45.92
18.53 -45.92
17.25 -45.74
17.25 -45.74
17.25 -45.74
17.44 -45.74
17.44 -45.74
17.44 -45.74
17.62 -45.74
17.62 -45.74
17.62 -45.74
17.80 -45.74
17.80 -45.74
17.80 -45.74
17.98 -45.74
17.98 -45.74
17.98 -45.74
18.17 -45.74
18.17 -45.74
18.17 -45.74
18.53 -45.74
18.53 -45.74
18.53 -45.74
16.71 -45.55
16.71 -45.55
16.71 -45.55
16.89 -45.55
16.89 -45.55
16.89 -45.55
17.07 -45.55
17.07 -45.55
17.07 -45.55
17.25 -45.55
17.25 -45.55
17.25 -45.55
17.44 -45.55
17.44 -45.55
17.44 -45.55
17.62 -45.55
17.62 -45.55
17.62 -45.55
17.80 -45.55
17.80 -45.55
17.80 -45.55
17.98 -45.55
17.98 -45.55
17.98 -45.55
18.17 -45.55
18.17 -45.55
18.17 -45.55
18.35 -45.55
18.35 -45.55
18.35 -45.55
18.53 -45.55
18.53 -45.55
18.53 -45.55
18.71 -45.55
18.71 -45.55
18.71 -45.55
18.90 -45.55
18.90 -45.55
18.90 -45.55
19.08 -45.55
19.08 -45.55
19.08 -45.55
19.26 -45.55
19.26 -45.55
19.26 -45.55
16.71 -45.37
16.71 -45.37
16.71 -45.37
16.89 -45.37
16.89 -45.37
16.89 -45.37
17.07 -45.37
17.07 -45.37
17.07 -45.37
17.25 -45.37
17.25 -45.37
17.25 -45.37
17.44 -45.37
17.44 -45.37
17.44 -45.37
17.62 -45.37
17.62 -45.37
17.62 -45.37
17.80 -45.37
17.80 -45.37
17.80 -45.37
17.98 -45.37
17.98 -45.37
17.98 -45.37
18.17 -45.37
18.17 -45.37
18.17 -45.37
18.90 -45.37
18.90 -45.37
18.90 -45.37
19.08 -45.37
19.08 -45.37
19.08 -45.37
19.26 -45.37
19.26 -45.37
19.26 -45.37
16.89 -45.19
16.89 -45.19
16.89 -45.19
17.07 -45.19
17.07 -45.19
17.07 -45.19
17.25 -45.19
17.25 -45.19
17.25 -45.19
17.44 -45.19
17.44 -45.19
17.44 -45.19
17.62 -45.19
17.62 -45.19
17.62 -45.19
17.80 -45.19
17.80 -45.19
17.80 -45.19
17.98 -45.19
17.98 -45.19
17.98 -45.19
18.17 -45.19
18.17 -45.19
18.17 -45.19
18.35 -45.19
18.35 -45.19
18.35 -45.19
18.53 -45.19
18.53 -45.19
18.53 -45.19
18.71 -45.19
18.71 -45.19
18.71 -45.19
18.90 -45.19
18.90 -45.19
18.90 -45.19
19.08 -45.19
19.08 -45.19
19.08 -45.19
16.71 -45.01
16.71 -45.01
16.71 -45.01
16.89 -45.01
16.89 -45.01
16.89 -45.01
17.07 -45.01
17.07 -45.01
17.07 -45.01
17.25 -45.01
17.25 -45.01
17.25 -45.01
17.44 -45.01
17.44 -45.01
17.44 -45.01
17.62 -45.01
17.62 -45.01
17.62 -45.01
17.80 -45.01
17.80 -45.01
17.80 -45.01
17.98 -45.01
17.98 -45.01
17.98 -45.01
18.17 -45.01
18.17 -45.01
18.17 -45.01
18.53 -45.01
18.53 -45.01
18.53 -45.01
19.08 -45.01
19.08 -45.01
19.08 -45.01
16.71 -44.82
16.71 -44.82
16.71 -44.82
16.89 -44.82
16.89 -44.82
16.89 -44.82
17.07 -44.82
17.07 -44.82
17.07 -44.82
17.25 -44.82
17.25 -44.82
17.25 -44.82
17.44 -44.82
17.44 -44.82
17.44 -44.82
17.62 -44.82
17.62 -44.82
17.62 -44.82
17.80 -44.82
17.80 -44.82
17.80 -44.82
17.98 -44.82
17.98 -44.82
17.98 -44.82
18.17 -44.82
18.17 -44.82
18.17 -44.82
18.35 -44.82
18.35 -44.82
18.35 -44.82
18.53 -44.82
18.53 -44.82
18.53 -44.82
18.90 -44.82
18.90 -44.82
18.90 -44.82
19.08 -44.82
19.08 -44.82
19.08 -44.82
19.26 -44.82
19.26 -44.82
19.26 -44.82
16.71 -44.64
16.71 -44.64
16.71 -44.64
16.89 -44.64
16.89 -44.64
16.89 -44.64
17.07 -44.64
17.07 -44.64
17.07 -44.64
17.25 -44.64
17.25 -44.64
17.25 -44.64
17.44 -44.64
17.44 -44.64
17.44 -44.64
17.62 -44.64
17.62 -44.64
17.62 -44.64
17.80 -44.64
17.80 -44.64
17.80 -44.64
17.98 -44.64
17.98 -44.64
17.98 -44.64
18.17 -44.64
18.17 -44.64
18.17 -44.64
18.53 -44.64
18.53 -44.64
18.53 -44.64
18.71 -44.64
18.71 -44.64
18.71 -44.64
18.90 -44.64
18.90 -44.64
18.90 -44.64
19.26 -44.64
19.26 -44.64
19.26 -44.64
16.89 -44.46
16.89 -44.46
16.89 -44.46
17.07 -44.46
17.07 -44.46
17.07 -44.46
17.25 -44.46
17.25 -44.46
17.25 -44.46
17.44 -44.46
17.44 -44.46
17.44 -44.46
17.62 -44.46
17.62 -44.46
17.62 -44.46
17.80 -44.46
17.80 -44.46
17.80 -44.46
17.98 -44.46
17.98 -44.46
17.98 -44.46
18.17 -44.46
18.17 -44.46
18.17 -44.46
18.35 -44.46
18.35 -44.46
18.35 -44.46
18.53 -44.46
18.53 -44.46
18.53 -44.46
19.08 -44.46
19.08 -44.46
19.08 -44.46
16.89 -44.27
16.89 -44.27
16.89 -44.27
17.07 -44.27
17.07 -44.27
17.07 -44.27
17.25 -44.27
17.25 -44.27
17.25 -44.27
17.44 -44.27
17.44 -44.27
17.44 -44.27
17.62 -44.27
17.62 -44.27
17.62 -44.27
17.80 -44.27
17.80 -44.27
17.80 -44.27
17.98 -44.27
17.98 -44.27
17.98 -44.27
18.17 -44.27
18.17 -44.27
18.17 -44.27
18.35 -44.27
18.35 -44.27
18.35 -44.27
18.53 -44.27
18.53 -44.27
18.53 -44.27
18.71 -44.27
18.71 -44.27
18.71 -44.27
18.90 -44.27
18.90 -44.27
18.90 -44.27
19.08 -44.27
19.08 -44.27
19.08 -44.27
19.26 -44.27
19.26 -44.27
19.26 -44.27
16.89 -44.09
16.89 -44.09
16.89 -44.09
17.07 -44.09
17.07 -44.09
17.07 -44.09
17.25 -44.09
17.25 -44.09
17.25 -44.09
17.44 -44.09
17.44 -44.09
17.44 -44.09
17.62 -44.09
17.62 -44.09
17.62 -44.09
17.80 -44.09
17.80 -44.09
17.80 -44.09
17.98 -44.09
17.98 -44.09
17.98 -44.09
18.17 -44.09
18.17 -44.09
18.17 -44.09
18.35 -44.09
18.35 -44.09
18.35 -44.09
18.53 -44.09
18.53 -44.09
18.53 -44.09
18.71 -44.09
18.71 -44.09
18.71 -44.09
18.90 -44.09
18.90 -44.09
18.90 -44.09
19.26 -44.09
19.26 -44.09
19.26 -44.09
16.71 -43.91
16.71 -43.91
16.71 -43.91
16.89 -43.91
16.89 -43.91
16.89 -43.91
17.07 -43.91
17.07 -43.91
17.07 -43.91
17.25 -43.91
17.25 -43.91
17.25 -43.91
17.44 -43.91
17.44 -43.91
17.44 -43.91
17.62 -43.91
17.62 -43.91
17.62 -43.91
17.80 -43.91
17.80 -43.91
17.80 -43.91
17.98 -43.91
17.98 -43.91
17.98 -43.91
18.17 -43.91
18.17 -43.91
18.17 -43.91
18.35 -43.91
18.35 -43.91
18.35 -43.91
18.53 -43.91
18.53 -43.91
18.53 -43.91
18.71 -43.91
18.71 -43.91
18.71 -43.91
18.90 -43.91
18.90 -43.91
18.90 -43.91
19.26 -43.91
19.26 -43.91
19.26 -43.91
16.71 -43.73
16.71 -43.73
16.71 -43.73
16.89 -43.73
16.89 -43.73
16.89 -43.73
17.07 -43.73
17.07 -43.73
17.07 -43.73
17.25 -43.73
17.25 -43.73
17.25 -43.73
17.44 -43.73
17.44 -43.73
17.44 -43.73
17.62 -43.73
17.62 -43.73
17.62 -43.73
17.80 -43.73
17.80 -43.73
17.80 -43.73
17.98 -43.73
17.98 -43.73
17.98 -43.73
18.17 -43.73
18.17 -43.73
18.17 -43.73
18.35 -43.73
18.35 -43.73
18.35 -43.73
18.53 -43.73
18.53 -43.73
18.53 -43.73
18.71 -43.73
18.71 -43.73
18.71 -43.73
18.90 -43.73
18.90 -43.73
18.90 -43.73
19.08 -43.73
19.08 -43.73
19.08 -43.73
19.26 -43.73
19.26 -43.73
19.26 -43.73
16.89 -43.54
16.89 -43.54
16.89 -43.54
17.07 -43.54
17.07 -43.54
17.07 -43.54
17.25 -43.54
17.25 -43.54
17.25 -43.54
18.35 -43.54
18.35 -43.54
18.35 -43.54
18.53 -43.54
18.53 -43.54
18.53 -43.54
18.90 -43.54
18.90 -43.54
18.90 -43.54
19.08 -43.54
19.08 -43.54
19.08 -43.54
16.71 -43.36
16.71 -43.36
16.71 -43.36
16.89 -43.36
16.89 -43.36
16.89 -43.36
18.53 -43.36
18.53 -43.36
18.53 -43.36
19.08 -43.36
19.08 -43.36
19.08 -43.36
16.71 -43.18
16.71 -43.18
16.71 -43.18
16.89 -43.18
16.89 -43.18
16.89 -43.18
17.07 -43.18
17.07 -43.18
17.07 -43.18
17.25 -43.18
17.25 -43.18
17.25 -43.18
17.44 -43.18
17.44 -43.18
17.44 -43.18
18.53 -43.18
18.53 -43.18
18.53 -43.18
18.71 -43.18
18.71 -43.18
18.71 -43.18
18.90 -43.18
18.90 -43.18
18.90 -43.18
19.08 -43.18
19.08 -43.18
19.08 -43.18
16.71 -43.00
16.71 -43.00
16.71 -43.00
16.89 -43.00
16.89 -43.00
16.89 -43.00
17.07 -43.00
17.07 -43.00
17.07 -43.00
17.25 -43.00
17.25 -43.00
17.25 -43.00
17.44 -43.00
17.44 -43.00
17.44 -43.00
17.62 -43.00
17.62 -43.00
17.62 -43.00
17.80 -43.00
17.80 -43.00
17.80 -43.00
17.98 -43.00
17.98 -43.00
17.98 -43.00
18.17 -43.00
18.17 -43.00
18.17 -43.00
18.35 -43.00
18.35 -43.00
18.35 -43.00
18.53 -43.00
18.53 -43.00
18.53 -43.00
18.90 -43.00
18.90 -43.00
18.90 -43.00
19.08 -43.00
19.08 -43.00
19.08 -43.00
16.89 -42.81
16.89 -42.81
16.89 -42.81
17.07 -42.81
17.07 -42.81
17.07 -42.81
17.25 -42.81
17.25 -42.81
17.25 -42.81
17.44 -42.81
17.44 -42.81
17.44 -42.81
18.53 -42.81
18.53 -42.81
18.53 -42.81
18.71 -42.81
18.71 -42.81
18.71 -42.81
18.90 -42.81
18.90 -42.81
18.90 -42.81
16.16 -42.63
16.16 -42.63
16.16 -42.63
16.52 -42.63
16.52 -42.63
16.52 -42.63
16.89 -42.63
16.89 -42.63
16.89 -42.63
17.07 -42.63
17.07 -42.63
17.07 -42.63
17.25 -42.63
17.25 -42.63
17.25 -42.63
17.44 -42.63
17.44 -42.63
17.44 -42.63
17.62 -42.63
17.62 -42.63
17.62 -42.63
18.53 -42.63
18.53 -42.63
18.53 -42.63
16.16 -42.45
16.16 -42.45
16.16 -42.45
16.34 -42.45
16.34 -42.45
16.34 -42.45
16.89 -42.45
16.89 -42.45
16.89 -42.45
17.07 -42.45
17.07 -42.45
17.07 -42.45
17.25 -42.45
17.25 -42.45
17.25 -42.45
17.44 -42.45
17.44 -42.45
17.44 -42.45
17.62 -42.45
17.62 -42.45
17.62 -42.45
17.80 -42.45
17.80 -42.45
17.80 -42.45
17.98 -42.45
17.98 -42.45
17.98 -42.45
18.17 -42.45
18.17 -42.45
18.17 -42.45
18.35 -42.45
18.35 -42.45
18.35 -42.45
18.53 -42.45
18.53 -42.45
18.53 -42.45
16.34 -42.27
16.34 -42.27
16.34 -42.27
16.71 -42.27
16.71 -42.27
16.71 -42.27
18.17 -42.27
18.17 -42.27
18.17 -42.27
18.35 -42.27
18.35 -42.27
18.35 -42.27
18.53 -42.27
18.53 -42.27
18.53 -42.27
16.16 -42.08
16.16 -42.08
16.16 -42.08
16.34 -42.08
16.34 -42.08
16.34 -42.08
16.52 -42.08
16.52 -42.08
16.52 -42.08
16.89 -42.08
16.89 -42.08
16.89 -42.08
18.35 -42.08
18.35 -42.08
18.35 -42.08
18.90 -42.08
18.90 -42.08
18.90 -42.08
16.52 -41.90
16.52 -41.90
16.52 -41.90
16.71 -41.90
16.71 -41.90
16.71 -41.90
16.89 -41.90
16.89 -41.90
16.89 -41.90
17.07 -41.90
17.07 -41.90
17.07 -41.90
18.71 -41.90
18.71 -41.90
18.71 -41.90
18.90 -41.90
18.90 -41.90
18.90 -41.90
19.26 -41.90
19.26 -41.90
19.26 -41.90
16.16 -41.72
16.16 -41.72
16.16 -41.72
17.44 -41.72
17.44 -41.72
17.44 -41.72
17.62 -41.72
17.62 -41.72
17.62 -41.72
18.35 -41.72
18.35 -41.72
18.35 -41.72
18.90 -41.72
18.90 -41.72
18.90 -41.72
19.08 -41.72
19.08 -41.72
19.08 -41.72
16.16 -41.54
16.16 -41.54
16.16 -41.54
17.62 -41.54
17.62 -41.54
17.62 -41.54
17.80 -41.54
17.80 -41.54
17.80 -41.54
17.98 -41.54
17.98 -41.54
17.98 -41.54
18.35 -41.54
18.35 -41.54
18.35 -41.54
18.53 -41.54
18.53 -41.54
18.53 -41.54
18.71 -41.54
18.71 -41.54
18.71 -41.54
18.90 -41.54
18.90 -41.54
18.90 -41.54
16.16 -41.35
16.16 -41.35
16.16 -41.35
17.80 -41.35
17.80 -41.35
17.80 -41.35
18.35 -41.35
18.35 -41.35
18.35 -41.35
18.53 -41.35
18.53 -41.35
18.53 -41.35
18.90 -41.35
18.90 -41.35
18.90 -41.35
16.16 -41.17
16.16 -41.17
16.16 -41.17
17.62 -41.17
17.62 -41.17
17.62 -41.17
17.80 -41.17
17.80 -41.17
17.80 -41.17
17.98 -41.17
17.98 -41.17
17.98 -41.17
18.53 -41.17
18.53 -41.17
18.53 -41.17
18.90 -41.17
18.90 -41.17
18.90 -41.17
16.16 -40.99
16.16 -40.99
16.16 -40.99
16.52 -40.99
16.52 -40.99
16.52 -40.99
16.71 -40.99
16.71 -40.99
16.71 -40.99
17.44 -40.99
17.44 -40.99
17.44 -40.99
17.62 -40.99
17.62 -40.99
17.62 -40.99
17.80 -40.99
17.80 -40.99
17.80 -40.99
17.98 -40.99
17.98 -40.99
17.98 -40.99
18.17 -40.99
18.17 -40.99
18.17 -40.99
18.53 -40.99
18.53 -40.99
18.53 -40.99
19.08 -40.99
19.08 -40.99
19.08 -40.99
16.52 -40.81
16.52 -40.81
16.52 -40.81
16.71 -40.81
16.71 -40.81
16.71 -40.81
17.25 -40.81
17.25 -40.81
17.25 -40.81
17.44 -40.81
17.44 -40.81
17.44 -40.81
17.62 -40.81
17.62 -40.81
17.62 -40.81
17.80 -40.81
17.80 -40.81
17.80 -40.81
17.98 -40.81
17.98 -40.81
17.98 -40.81
18.17 -40.81
18.17 -40.81
18.17 -40.81
18.53 -40.81
18.53 -40.81
18.53 -40.81
19.08 -40.81
19.08 -40.81
19.08 -40.81
16.16 -40.62
16.16 -40.62
16.16 -40.62
16.52 -40.62
16.52 -40.62
16.52 -40.62
16.71 -40.62
16.71 -40.62
16.71 -40.62
17.25 -40.62
17.25 -40.62
17.25 -40.62
17.44 -40.62
17.44 -40.62
17.44 -40.62
17.62 -40.62
17.62 -40.62
17.62 -40.62
17.80 -40.62
17.80 -40.62
17.80 -40.62
17.98 -40.62
17.98 -40.62
17.98 -40.62
18.17 -40.62
18.17 -40.62
18.17 -40.62
18.53 -40.62
18.53 -40.62
18.53 -40.62
16.16 -40.44
16.16 -40.44
16.16 -40.44
16.52 -40.44
16.52 -40.44
16.52 -40.44
17.44 -40.44
17.44 -40.44
17.44 -40.44
17.62 -40.44
17.62 -40.44
17.62 -40.44
17.80 -40.44
17.80 -40.44
17.80 -40.44
17.98 -40.44
17.98 -40.44
17.98 -40.44
18.17 -40.44
18.17 -40.44
18.17 -40.44
18.35 -40.44
18.35 -40.44
18.35 -40.44
19.08 -40.44
19.08 -40.44
19.08 -40.44
16.16 -40.26
16.16 -40.26
16.16 -40.26
16.52 -40.26
16.52 -40.26
16.52 -40.26
17.62 -40.26
17.62 -40.26
17.62 -40.26
17.80 -40.26
17.80 -40.26
17.80 -40.26
17.98 -40.26
17.98 -40.26
17.98 -40.26
18.17 -40.26
18.17 -40.26
18.17 -40.26
19.08 -40.26
19.08 -40.26
19.08 -40.26
16.16 -40.08
16.16 -40.08
16.16 -40.08
16.52 -40.08
16.52 -40.08
16.52 -40.08
17.44 -40.08
17.44 -40.08
17.44 -40.08
17.62 -40.08
17.62 -40.08
17.62 -40.08
18.35 -40.08
18.35 -40.08
18.35 -40.08
18.53 -40.08
18.53 -40.08
18.53 -40.08
16.34 -39.89
16.34 -39.89
16.34 -39.89
16.34 -39.71
16.34 -39.71
16.34 -39.71
18.53 -39.71
18.53 -39.71
18.53 -39.71
16.34 -39.53
16.34 -39.53
16.34 -39.53
16.71 -39.53
16.71 -39.53
16.71 -39.53
18.17 -39.53
18.17 -39.53
18.17 -39.53
18.35 -39.53
18.35 -39.53
18.35 -39.53
18.53 -39.53
18.53 -39.53
18.53 -39.53
16.16 -39.35
16.16 -39.35
16.16 -39.35
16.34 -39.35
16.34 -39.35
16.34 -39.35
17.98 -39.35
17.98 -39.35
17.98 -39.35
18.17 -39.35
18.17 -39.35
18.17 -39.35
18.53 -39.35
18.53 -39.35
18.53 -39.35
16.52 -39.16
16.52 -39.16
16.52 -39.16
17.25 -39.16
17.25 -39.16
17.25 -39.16
17.44 -39.16
17.44 -39.16
17.44 -39.16
17.62 -39.16
17.62 -39.16
17.62 -39.16
17.80 -39.16
17.80 -39.16
17.80 -39.16
17.98 -39.16
17.98 -39.16
17.98 -39.16
18.35 -39.16
18.35 -39.16
18.35 -39.16
18.53 -39.16
18.53 -39.16
18.53 -39.16
16.16 -38.98
16.16 -38.98
16.16 -38.98
17.25 -38.98
17.25 -38.98
17.25 -38.98
17.44 -38.98
17.44 -38.98
17.44 -38.98
17.62 -38.98
17.62 -38.98
17.62 -38.98
17.80 -38.98
17.80 -38.98
17.80 -38.98
18.53 -38.98
18.53 -38.98
18.53 -38.98
16.71 -38.80
16.71 -38.80
16.71 -38.80
17.25 -38.80
17.25 -38.80
17.25 -38.80
17.44 -38.80
17.44 -38.80
17.44 -38.80
17.62 -38.80
17.62 -38.80
17.62 -38.80
18.35 -38.80
18.35 -38.80
18.35 -38.80
15.43 -38.61
15.43 -38.61
15.43 -38.61
15.61 -38.61
15.61 -38.61
15.61 -38.61
15.79 -38.61
15.79 -38.61
15.79 -38.61
16.71 -38.61
16.71 -38.61
16.71 -38.61
17.07 -38.61
17.07 -38.61
17.07 -38.61
17.25 -38.61
17.25 -38.61
17.25 -38.61
17.62 -38.61
17.62 -38.61
17.62 -38.61
16.16 -38.43
16.16 -38.43
16.16 -38.43
16.89 -38.43
16.89 -38.43
16.89 -38.43
17.07 -38.43
17.07 -38.43
17.07 -38.43
17.62 -38.43
17.62 -38.43
17.62 -38.43
17.80 -38.43
17.80 -38.43
17.80 -38.43
16.34 -38.25
16.34 -38.25
16.34 -38.25
16.52 -38.25
16.52 -38.25
16.52 -38.25
16.71 -38.25
16.71 -38.25
16.71 -38.25
17.62 -38.25
17.62 -38.25
17.62 -38.25
17.80 -38.25
17.80 -38.25
17.80 -38.25
16.16 -38.07
16.16 -38.07
16.16 -38.07
16.71 -38.07
16.71 -38.07
16.71 -38.07
17.25 -38.07
17.25 -38.07
17.25 -38.07
16.52 -37.88
16.52 -37.88
16.52 -37.88
16.71 -37.88
16.71 -37.88
16.71 -37.88
16.89 -37.88
16.89 -37.88
16.89 -37.88
17.25 -37.88
17.25 -37.88
17.25 -37.88
17.44 -37.88
17.44 -37.88
17.44 -37.88
17.62 -37.88
17.62 -37.88
17.62 -37.88
17.80 -37.88
17.80 -37.88
17.80 -37.88
16.16 -37.70
16.16 -37.70
16.16 -37.70
16.34 -37.70
16.34 -37.70
16.34 -37.70
16.89 -37.70
16.89 -37.70
16.89 -37.70
17.44 -37.70
17.44 -37.70
17.44 -37.70
17.62 -37.70
17.62 -37.70
17.62 -37.70
17.80 -37.70
17.80 -37.70
17.80 -37.70
16.71 -37.52
16.71 -37.52
16.71 -37.52
16.89 -37.52
16.89 -37.52
16.89 -37.52
16.71 -37.34
16.71 -37.34
16.71 -37.34
17.62 -37.34
17.62 -37.34
17.62 -37.34
17.80 -37.34
17.80 -37.34
17.80 -37.34
16.52 -37.15
16.52 -37.15
16.52 -37.15
17.44 -37.15
17.44 -37.15
17.44 -37.15
16.16 -36.97
16.16 -36.97
16.16 -36.97
17.07 -36.97
17.07 -36.97
17.07 -36.97
17.25 -36.97
17.25 -36.97
17.25 -36.97
17.44 -36.97
17.44 -36.97
17.44 -36.97
17.62 -36.97
17.62 -36.97
17.62 -36.97
16.16 -36.79
16.16 -36.79
16.16 -36.79
17.62 -36.79
17.62 -36.79
17.62 -36.79
17.80 -36.79
17.80 -36.79
17.80 -36.79
16.52 -36.61
16.52 -36.61
16.52 -36.61
16.71 -36.61
16.71 -36.61
16.71 -36.61
17.07 -36.61
17.07 -36.61
17.07 -36.61
17.25 -36.61
17.25 -36.61
17.25 -36.61
16.52 -36.42
16.52 -36.42
16.52 -36.42
17.25 -36.42
17.25 -36.42
17.25 -36.42
17.44 -36.42
17.44 -36.42
17.44 -36.42
17.62 -36.42
17.62 -36.42
17.62 -36.42
16.16 -36.24
16.16 -36.24
16.16 -36.24
16.34 -36.24
16.34 -36.24
16.34 -36.24
16.52 -36.24
16.52 -36.24
16.52 -36.24
16.71 -36.24
16.71 -36.24
16.71 -36.24
16.89 -36.24
16.89 -36.24
16.89 -36.24
17.62 -36.24
17.62 -36.24
17.62 -36.24
17.80 -36.24
17.80 -36.24
17.80 -36.24
16.52 -36.06
16.52 -36.06
16.52 -36.06
17.62 -36.06
17.62 -36.06
17.62 -36.06
17.25 -35.88
17.25 -35.88
17.25 -35.88
17.62 -35.88
17.62 -35.88
17.62 -35.88
17.80 -35.88
17.80 -35.88
17.80 -35.88
17.62 -35.69
17.62 -35.69
17.62 -35.69
15.98 -34.05
15.98 -34.05
15.98 -34.05
15.98 -33.69
15.98 -33.69
15.98 -33.69
17.25 -33.69
17.25 -33.69
17.25 -33.69
16.89 -33.50
16.89 -33.50
16.89 -33.50
15.43 -33.32
15.43 -33.32
15.43 -33.32
15.61 -33.32
15.61 -33.32
15.61 -33.32
16.16 -33.32
16.16 -33.32
16.16 -33.32
16.34 -33.32
16.34 -33.32
16.34 -33.32
16.89 -33.32
16.89 -33.32
16.89 -33.32
17.07 -33.32
17.07 -33.32
17.07 -33.32
17.25 -33.32
17.25 -33.32
17.25 -33.32
16.71 -33.14
16.71 -33.14
16.71 -33.14
17.25 -33.14
17.25 -33.14
17.25 -33.14
16.89 -32.96
16.89 -32.96
16.89 -32.96
17.25 -32.96
17.25 -32.96
17.25 -32.96
17.25 -32.77
17.25 -32.77
17.25 -32.77
16.71 -32.59
16.71 -32.59
16.71 -32.59
16.89 -32.59
16.89 -32.59
16.89 -32.59
14.88 -32.04
14.88 -32.04
14.88 -32.04
14.70 -31.86
14.70 -31.86
14.70 -31.86
15.06 -31.86
15.06 -31.86
15.06 -31.86
15.25 -31.86
15.25 -31.86
15.25 -31.86
16.16 -31.86
16.16 -31.86
16.16 -31.86
16.34 -31.86
16.34 -31.86
16.34 -31.86
16.52 -31.86
16.52 -31.86
16.52 -31.86
14.70 -31.68
14.70 -31.68
14.70 -31.68
14.88 -31.68
14.88 -31.68
14.88 -31.68
15.06 -31.68
15.06 -31.68
15.06 -31.68
15.25 -31.68
15.25 -31.68
15.25 -31.68
15.43 -31.68
15.43 -31.68
15.43 -31.68
15.61 -31.68
15.61 -31.68
15.61 -31.68
15.98 -31.68
15.98 -31.68
15.98 -31.68
14.88 -31.49
14.88 -31.49
14.88 -31.49
15.79 -31.49
15.79 -31.49
15.79 -31.49
16.34 -31.49
16.34 -31.49
16.34 -31.49
16.52 -31.49
16.52 -31.49
16.52 -31.49
14.70 -31.31
14.70 -31.31
14.70 -31.31
15.43 -31.31
15.43 -31.31
15.43 -31.31
15.79 -31.31
15.79 -31.31
15.79 -31.31
16.16 -31.31
16.16 -31.31
16.16 -31.31
16.34 -31.31
16.34 -31.31
16.34 -31.31
16.52 -31.31
16.52 -31.31
16.52 -31.31
16.34 -31.13
16.34 -31.13
16.34 -31.13
15.98 -30.95
15.98 -30.95
15.98 -30.95
16.16 -30.95
16.16 -30.95
16.16 -30.95
16.34 -30.95
16.34 -30.95
16.34 -30.95
16.52 -30.95
16.52 -30.95
16.52 -30.95
16.16 -30.76
16.16 -30.76
16.16 -30.76
16.52 -30.76
16.52 -30.76
16.52 -30.76
14.33 -30.03
14.33 -30.03
14.33 -30.03
14.51 -30.03
14.51 -30.03
14.51 -30.03
14.33 -29.85
14.33 -29.85
14.33 -29.85
14.33 -29.67
14.33 -29.67
14.33 -29.67
14.51 -29.67
14.51 -29.67
14.51 -29.67
14.15 -29.49
14.15 -29.49
14.15 -29.49
14.33 -29.49
14.33 -29.49
14.33 -29.49
14.51 -29.49
14.51 -29.49
14.51 -29.49
14.51 -29.30
14.51 -29.30
14.51 -29.30
14.33 -29.12
14.33 -29.12
14.33 -29.12
14.51 -29.12
14.51 -29.12
14.51 -29.12
14.70 -29.12
14.70 -29.12
14.70 -29.12
15.06 -29.12
15.06 -29.12
15.06 -29.12
15.43 -29.12
15.43 -29.12
15.43 -29.12
15.61 -29.12
15.61 -29.12
15.61 -29.12
14.88 -28.94
14.88 -28.94
14.88 -28.94
14.33 -28.76
14.33 -28.76
14.33 -28.76
14.51 -28.76
14.51 -28.76
14.51 -28.76
14.70 -28.76
14.70 -28.76
14.70 -28.76
15.25 -28.76
15.25 -28.76
15.25 -28.76
14.70 -28.57
14.70 -28.57
14.70 -28.57
14.88 -28.57
14.88 -28.57
14.88 -28.57
14.70 -28.39
14.70 -28.39
14.70 -28.39
15.25 -28.39
15.25 -28.39
15.25 -28.39
15.25 -28.21
15.25 -28.21
15.25 -28.21
15.43 -27.48
15.43 -27.48
15.43 -27.48
15.61 -27.48
15.61 -27.48
15.61 -27.48
15.79 -27.48
15.79 -27.48
15.79 -27.48
15.98 -27.48
15.98 -27.48
15.98 -27.48
16.16 -27.48
16.16 -27.48
16.16 -27.48
16.52 -27.48
16.52 -27.48
16.52 -27.48
16.89 -27.48
16.89 -27.48
16.89 -27.48
15.61 -27.30
15.61 -27.30
15.61 -27.30
15.79 -27.30
15.79 -27.30
15.79 -27.30
15.98 -27.30
15.98 -27.30
15.98 -27.30
16.34 -27.30
16.34 -27.30
16.34 -27.30
16.52 -27.30
16.52 -27.30
16.52 -27.30
16.71 -27.30
16.71 -27.30
16.71 -27.30
17.07 -27.30
17.07 -27.30
17.07 -27.30
16.16 -27.11
16.16 -27.11
16.16 -27.11
16.34 -27.11
16.34 -27.11
16.34 -27.11
16.71 -27.11
16.71 -27.11
16.71 -27.11
16.89 -27.11
16.89 -27.11
16.89 -27.11
15.61 -25.47
15.61 -25.47
15.61 -25.47
15.79 -25.47
15.79 -25.47
15.79 -25.47
16.52 -25.47
16.52 -25.47
16.52 -25.47
16.71 -25.47
16.71 -25.47
16.71 -25.47
16.89 -25.47
16.89 -25.47
16.89 -25.47
17.07 -25.47
17.07 -25.47
17.07 -25.47
15.43 -25.29
15.43 -25.29
15.43 -25.29
15.79 -25.29
15.79 -25.29
15.79 -25.29
16.34 -25.29
16.34 -25.29
16.34 -25.29
17.07 -25.29
17.07 -25.29
17.07 -25.29
15.98 -25.10
15.98 -25.10
15.98 -25.10
16.16 -25.10
16.16 -25.10
16.16 -25.10
16.52 -25.10
16.52 -25.10
16.52 -25.10
16.71 -25.10
16.71 -25.10
16.71 -25.10
16.89 -25.10
16.89 -25.10
16.89 -25.10
16.34 -24.37
16.34 -24.37
16.34 -24.37
15.25 -20.54
15.25 -20.54
15.25 -20.54
15.25 -20.36
15.25 -20.36
15.25 -20.36
13.24 -16.89
13.24 -16.89
13.24 -16.89
13.24 -15.79
13.24 -15.79
13.24 -15.79
5.39 -5.20
5.39 -5.20
5.39 -5.20
5.57 -5.20
5.57 -5.20
5.57 -5.20
5.39 -5.02
5.39 -5.02
5.39 -5.02
5.57 -5.02
5.57 -5.02
5.57 -5.02
5.75 -5.02
5.75 -5.02
5.75 -5.02
5.20 -4.84
5.20 -4.84
5.20 -4.84
5.57 -4.66
5.57 -4.66
5.57 -4.66
5.75 -4.66
5.75 -4.66
5.75 -4.66
5.20 -4.47
5.20 -4.47
5.20 -4.47
5.75 -4.47
5.75 -4.47
5.75 -4.47
5.75 -3.38
5.75 -3.38
5.75 -3.38
5.02 -3.20
5.02 -3.20
5.02 -3.20
5.20 -3.20
5.20 -3.20
5.20 -3.20
5.39 -3.20
5.39 -3.20
5.39 -3.20
5.75 -3.20
5.75 -3.20
5.75 -3.20
6.30 -3.20
6.30 -3.20
6.30 -3.20
3.74 -3.01
3.74 -3.01
3.74 -3.01
3.93 -3.01
3.93 -3.01
3.93 -3.01
4.29 -3.01
4.29 -3.01
4.29 -3.01
4.47 -3.01
4.47 -3.01
4.47 -3.01
4.66 -3.01
4.66 -3.01
4.66 -3.01
5.20 -3.01
5.20 -3.01
5.20 -3.01
5.39 -3.01
5.39 -3.01
5.39 -3.01
5.75 -3.01
5.75 -3.01
5.75 -3.01
5.93 -3.01
5.93 -3.01
5.93 -3.01
4.11 -2.83
4.11 -2.83
4.11 -2.83
4.47 -2.83
4.47 -2.83
4.47 -2.83
5.02 -2.83
5.02 -2.83
5.02 -2.83
5.39 -2.83
5.39 -2.83
5.39 -2.83
5.57 -2.83
5.57 -2.83
5.57 -2.83
6.12 -2.83
6.12 -2.83
6.12 -2.83
6.30 -2.83
6.30 -2.83
6.30 -2.83
4.47 -2.65
4.47 -2.65
4.47 -2.65
4.66 -2.65
4.66 -2.65
4.66 -2.65
4.84 -2.65
4.84 -2.65
4.84 -2.65
5.20 -2.65
5.20 -2.65
5.20 -2.65
5.75 -2.65
5.75 -2.65
5.75 -2.65
5.93 -2.65
5.93 -2.65
5.93 -2.65
6.30 -2.46
6.30 -2.46
6.30 -2.46
5.39 -0.46
5.39 -0.46
5.39 -0.46
5.57 -0.46
5.57 -0.46
5.57 -0.46
4.66 -0.27
4.66 -0.27
4.66 -0.27
4.84 -0.27
4.84 -0.27
4.84 -0.27
5.20 -0.27
5.20 -0.27
5.20 -0.27
5.39 -0.27
5.39 -0.27
5.39 -0.27
4.66 -0.09
4.66 -0.09
4.66 -0.09
4.84 -0.09
4.84 -0.09
4.84 -0.09
5.20 -0.09
5.20 -0.09
5.20 -0.09
5.57 -0.09
5.57 -0.09
5.57 -0.09
4.47 0.09
4.47 0.09
4.47 0.09
5.02 0.27
5.02 0.27
5.02 0.27
5.39 0.27
5.39 0.27
5.39 0.27
5.57 0.27
5.57 0.27
5.57 0.27
4.47 0.46
4.47 0.46
4.47 0.46
4.66 0.46
4.66 0.46
4.66 0.46
5.02 0.46
5.02 0.46
5.02 0.46
5.39 0.46
5.39 0.46
5.39 0.46
4.47 0.64
4.47 0.64
4.47 0.64
4.66 0.64
4.66 0.64
4.66 0.64
4.84 0.64
4.84 0.64
4.84 0.64
5.39 0.64
5.39 0.64
5.39 0.64
4.66 0.82
4.66 0.82
4.66 0.82
4.84 0.82
4.84 0.82
4.84 0.82
5.02 0.82
5.02 0.82
5.02 0.82
5.39 0.82
5.39 0.82
5.39 0.82
4.66 1.00
4.66 1.00
4.66 1.00
5.20 1.00
5.20 1.00
5.20 1.00
5.39 1.00
5.39 1.00
5.39 1.00
4.47 1.19
4.47 1.19
4.47 1.19
4.66 1.19
4.66 1.19
4.66 1.19
4.84 1.19
4.84 1.19
4.84 1.19
5.02 1.19
5.02 1.19
5.02 1.19
4.47 1.37
4.47 1.37
4.47 1.37
4.66 1.37
4.66 1.37
4.66 1.37
5.02 1.37
5.02 1.37
5.02 1.37
5.20 1.37
5.20 1.37
5.20 1.37
5.39 1.37
5.39 1.37
5.39 1.37
4.47 1.55
4.47 1.55
4.47 1.55
4.66 1.55
4.66 1.55
4.66 1.55
5.02 1.55
5.02 1.55
5.02 1.55
5.39 1.55
5.39 1.55
5.39 1.55
5.57 1.55
5.57 1.55
5.57 1.55
5.75 1.55
5.75 1.55
5.75 1.55
5.93 1.55
5.93 1.55
5.93 1.55
6.12 1.55
6.12 1.55
6.12 1.55
6.30 1.55
6.30 1.55
6.30 1.55
4.47 1.73
4.47 1.73
4.47 1.73
4.66 1.73
4.66 1.73
4.66 1.73
4.84 1.73
4.84 1.73
4.84 1.73
5.02 1.73
5.02 1.73
5.02 1.73
5.20 1.73
5.20 1.73
5.20 1.73
5.39 1.73
5.39 1.73
5.39 1.73
5.75 1.73
5.75 1.73
5.75 1.73
5.93 1.73
5.93 1.73
5.93 1.73
5.20 1.92
5.20 1.92
5.20 1.92
5.39 1.92
5.39 1.92
5.39 1.92
5.57 1.92
5.57 1.92
5.57 1.92
5.93 1.92
5.93 1.92
5.93 1.92
6.12 1.92
6.12 1.92
6.12 1.92
6.30 1.92
6.30 1.92
6.30 1.92
4.47 2.10
4.47 2.10
4.47 2.10
4.66 2.10
4.66 2.10
4.66 2.10
4.84 2.10
4.84 2.10
4.84 2.10
5.02 2.10
5.02 2.10
5.02 2.10
5.20 2.10
5.20 2.10
5.20 2.10
5.57 2.10
5.57 2.10
5.57 2.10
5.75 2.10
5.75 2.10
5.75 2.10
5.93 2.10
5.93 2.10
5.93 2.10
4.47 2.28
4.47 2.28
4.47 2.28
4.66 2.28
4.66 2.28
4.66 2.28
5.39 2.28
5.39 2.28
5.39 2.28
5.57 2.28
5.57 2.28
5.57 2.28
5.93 2.28
5.93 2.28
5.93 2.28
6.30 2.28
6.30 2.28
6.30 2.28
4.47 2.46
4.47 2.46
4.47 2.46
4.66 2.46
4.66 2.46
4.66 2.46
5.02 2.46
5.02 2.46
5.02 2.46
5.93 2.46
5.93 2.46
5.93 2.46
6.12 2.46
6.12 2.46
6.12 2.46
4.47 2.65
4.47 2.65
4.47 2.65
4.66 2.65
4.66 2.65
4.66 2.65
4.84 2.65
4.84 2.65
4.84 2.65
5.02 2.65
5.02 2.65
5.02 2.65
5.20 2.65
5.20 2.65
5.20 2.65
5.39 2.65
5.39 2.65
5.39 2.65
5.93 2.65
5.93 2.65
5.93 2.65
6.12 2.65
6.12 2.65
6.12 2.65
4.66 2.83
4.66 2.83
4.66 2.83
4.84 2.83
4.84 2.83
4.84 2.83
5.02 2.83
5.02 2.83
5.02 2.83
5.20 2.83
5.20 2.83
5.20 2.83
5.39 2.83
5.39 2.83
5.39 2.83
5.57 2.83
5.57 2.83
5.57 2.83
6.30 2.83
6.30 2.83
6.30 2.83
4.47 3.01
4.47 3.01
4.47 3.01
4.66 3.01
4.66 3.01
4.66 3.01
4.84 3.01
4.84 3.01
4.84 3.01
5.02 3.01
5.02 3.01
5.02 3.01
6.30 3.01
6.30 3.01
6.30 3.01
6.66 3.01
6.66 3.01
6.66 3.01
6.85 3.01
6.85 3.01
6.85 3.01
4.47 3.20
4.47 3.20
4.47 3.20
4.66 3.20
4.66 3.20
4.66 3.20
4.84 3.20
4.84 3.20
4.84 3.20
5.20 3.20
5.20 3.20
5.20 3.20
6.30 3.20
6.30 3.20
6.30 3.20
6.48 3.20
6.48 3.20
6.48 3.20
4.66 3.38
4.66 3.38
4.66 3.38
4.84 3.38
4.84 3.38
4.84 3.38
5.20 3.38
5.20 3.38
5.20 3.38
5.39 3.38
5.39 3.38
5.39 3.38
5.93 3.38
5.93 3.38
5.93 3.38
6.12 3.38
6.12 3.38
6.12 3.38
6.85 3.38
6.85 3.38
6.85 3.38
4.47 3.56
4.47 3.56
4.47 3.56
4.66 3.56
4.66 3.56
4.66 3.56
4.84 3.56
4.84 3.56
4.84 3.56
5.02 3.56
5.02 3.56
5.02 3.56
5.39 3.56
5.39 3.56
5.39 3.56
5.57 3.56
5.57 3.56
5.57 3.56
5.93 3.56
5.93 3.56
5.93 3.56
6.12 3.56
6.12 3.56
6.12 3.56
6.48 3.56
6.48 3.56
6.48 3.56
6.66 3.56
6.66 3.56
6.66 3.56
7.03 3.56
7.03 3.56
7.03 3.56
7.21 3.56
7.21 3.56
7.21 3.56
4.66 3.74
4.66 3.74
4.66 3.74
4.84 3.74
4.84 3.74
4.84 3.74
5.20 3.74
5.20 3.74
5.20 3.74
5.39 3.74
5.39 3.74
5.39 3.74
5.57 3.74
5.57 3.74
5.57 3.74
5.75 3.74
5.75 3.74
5.75 3.74
5.93 3.74
5.93 3.74
5.93 3.74
6.12 3.74
6.12 3.74
6.12 3.74
6.30 3.74
6.30 3.74
6.30 3.74
6.48 3.74
6.48 3.74
6.48 3.74
6.66 3.74
6.66 3.74
6.66 3.74
7.03 3.74
7.03 3.74
7.03 3.74
7.39 3.74
7.39 3.74
7.39 3.74
7.58 3.74
7.58 3.74
7.58 3.74
4.47 3.93
4.47 3.93
4.47 3.93
4.66 3.93
4.66 3.93
4.66 3.93
4.84 3.93
4.84 3.93
4.84 3.93
5.02 3.93
5.02 3.93
5.02 3.93
5.20 3.93
5.20 3.93
5.20 3.93
5.39 3.93
5.39 3.93
5.39 3.93
4.29 4.11
4.29 4.11
4.29 4.11
4.84 4.11
4.84 4.11
4.84 4.11
5.20 4.11
5.20 4.11
5.20 4.11
5.39 4.11
5.39 4.11
5.39 4.11
5.57 4.11
5.57 4.11
5.57 4.11
6.85 4.11
6.85 4.11
6.85 4.11
4.29 4.29
4.29 4.29
4.29 4.29
4.84 4.29
4.84 4.29
4.84 4.29
5.02 4.29
5.02 4.29
5.02 4.29
5.20 4.29
5.20 4.29
5.20 4.29
5.39 4.29
5.39 4.29
5.39 4.29
5.57 4.29
5.57 4.29
5.57 4.29
6.30 4.29
6.30 4.29
6.30 4.29
6.48 4.29
6.48 4.29
6.48 4.29
6.66 4.29
6.66 4.29
6.66 4.29
4.29 4.47
4.29 4.47
4.29 4.47
4.47 4.47
4.47 4.47
4.47 4.47
4.66 4.47
4.66 4.47
4.66 4.47
4.84 4.47
4.84 4.47
4.84 4.47
5.02 4.47
5.02 4.47
5.02 4.47
6.30 4.47
6.30 4.47
6.30 4.47
6.48 4.47
6.48 4.47
6.48 4.47
6.85 4.47
6.85 4.47
6.85 4.47
7.03 4.47
7.03 4.47
7.03 4.47
4.84 4.66
4.84 4.66
4.84 4.66
6.48 4.66
6.48 4.66
6.48 4.66
6.85 4.66
6.85 4.66
6.85 4.66
7.03 4.66
7.03 4.66
7.03 4.66
7.58 4.66
7.58 4.66
7.58 4.66
4.29 4.84
4.29 4.84
4.29 4.84
4.47 4.84
4.47 4.84
4.47 4.84
4.66 4.84
4.66 4.84
4.66 4.84
4.84 4.84
4.84 4.84
4.84 4.84
5.02 4.84
5.02 4.84
5.02 4.84
5.20 4.84
5.20 4.84
5.20 4.84
5.39 4.84
5.39 4.84
5.39 4.84
5.57 4.84
5.57 4.84
5.57 4.84
5.75 4.84
5.75 4.84
5.75 4.84
5.93 4.84
5.93 4.84
5.93 4.84
6.12 4.84
6.12 4.84
6.12 4.84
6.30 4.84
6.30 4.84
6.30 4.84
6.48 4.84
6.48 4.84
6.48 4.84
6.66 4.84
6.66 4.84
6.66 4.84
7.03 4.84
7.03 4.84
7.03 4.84
7.21 4.84
7.21 4.84
7.21 4.84
7.39 4.84
7.39 4.84
7.39 4.84
7.58 4.84
7.58 4.84
7.58 4.84
4.47 5.02
4.47 5.02
4.47 5.02
5.02 5.02
5.02 5.02
5.02 5.02
5.20 5.02
5.20 5.02
5.20 5.02
5.39 5.02
5.39 5.02
5.39 5.02
5.57 5.02
5.57 5.02
5.57 5.02
5.75 5.02
5.75 5.02
5.75 5.02
5.93 5.02
5.93 5.02
5.93 5.02
6.12 5.02
6.12 5.02
6.12 5.02
6.66 5.02
6.66 5.02
6.66 5.02
7.03 5.02
7.03 5.02
7.03 5.02
4.29 5.20
4.29 5.20
4.29 5.20
4.66 5.20
4.66 5.20
4.66 5.20
5.02 5.20
5.02 5.20
5.02 5.20
5.20 5.20
5.20 5.20
5.20 5.20
5.39 5.20
5.39 5.20
5.39 5.20
5.57 5.20
5.57 5.20
5.57 5.20
5.75 5.20
5.75 5.20
5.75 5.20
5.93 5.20
5.93 5.20
5.93 5.20
6.12 5.20
6.12 5.20
6.12 5.20
6.30 5.20
6.30 5.20
6.30 5.20
6.48 5.20
6.48 5.20
6.48 5.20
6.85 5.20
6.85 5.20
6.85 5.20
7.03 5.20
7.03 5.20
7.03 5.20
7.39 5.20
7.39 5.20
7.39 5.20
4.29 5.39
4.29 5.39
4.29 5.39
4.66 5.39
4.66 5.39
4.66 5.39
5.75 5.39
5.75 5.39
5.75 5.39
5.93 5.39
5.93 5.39
5.93 5.39
6.12 5.39
6.12 5.39
6.12 5.39
6.30 5.39
6.30 5.39
6.30 5.39
6.48 5.39
6.48 5.39
6.48 5.39
6.66 5.39
6.66 5.39
6.66 5.39
7.39 5.39
7.39 5.39
7.39 5.39
7.58 5.39
7.58 5.39
7.58 5.39
4.29 5.57
4.29 5.57
4.29 5.57
6.12 5.57
6.12 5.57
6.12 5.57
6.30 5.57
6.30 5.57
6.30 5.57
6.48 5.57
6.48 5.57
6.48 5.57
6.66 5.57
6.66 5.57
6.66 5.57
7.03 5.57
7.03 5.57
7.03 5.57
7.21 5.57
7.21 5.57
7.21 5.57
4.29 5.75
4.29 5.75
4.29 5.75
4.66 5.75
4.66 5.75
4.66 5.75
6.30 5.75
6.30 5.75
6.30 5.75
6.48 5.75
6.48 5.75
6.48 5.75
6.66 5.75
6.66 5.75
6.66 5.75
7.03 5.75
7.03 5.75
7.03 5.75
7.58 5.75
7.58 5.75
7.58 5.75
4.29 5.93
4.29 5.93
4.29 5.93
4.47 5.93
4.47 5.93
4.47 5.93
4.66 5.93
4.66 5.93
4.66 5.93
4.84 5.93
4.84 5.93
4.84 5.93
5.02 5.93
5.02 5.93
5.02 5.93
6.48 5.93
6.48 5.93
6.48 5.93
6.66 5.93
6.66 5.93
6.66 5.93
6.85 5.93
6.85 5.93
6.85 5.93
7.03 5.93
7.03 5.93
7.03 5.93
7.39 5.93
7.39 5.93
7.39 5.93
7.58 5.93
7.58 5.93
7.58 5.93
4.29 6.12
4.29 6.12
4.29 6.12
4.47 6.12
4.47 6.12
4.47 6.12
4.66 6.12
4.66 6.12
4.66 6.12
4.84 6.12
4.84 6.12
4.84 6.12
5.02 6.12
5.02 6.12
5.02 6.12
5.20 6.12
5.20 6.12
5.20 6.12
5.39 6.12
5.39 6.12
5.39 6.12
5.57 6.12
5.57 6.12
5.57 6.12
6.85 6.12
6.85 6.12
6.85 6.12
7.03 6.12
7.03 6.12
7.03 6.12
7.21 6.12
7.21 6.12
7.21 6.12
8.31 6.12
8.31 6.12
8.31 6.12
4.29 6.30
4.29 6.30
4.29 6.30
4.47 6.30
4.47 6.30
4.47 6.30
4.84 6.30
4.84 6.30
4.84 6.30
5.02 6.30
5.02 6.30
5.02 6.30
5.20 6.30
5.20 6.30
5.20 6.30
5.39 6.30
5.39 6.30
5.39 6.30
5.57 6.30
5.57 6.30
5.57 6.30
5.75 6.30
5.75 6.30
5.75 6.30
7.21 6.30
7.21 6.30
7.21 6.30
7.39 6.30
7.39 6.30
7.39 6.30
7.94 6.30
7.94 6.30
7.94 6.30
4.29 6.48
4.29 6.48
4.29 6.48
4.47 6.48
4.47 6.48
4.47 6.48
5.02 6.48
5.02 6.48
5.02 6.48
5.20 6.48
5.20 6.48
5.20 6.48
5.39 6.48
5.39 6.48
5.39 6.48
5.57 6.48
5.57 6.48
5.57 6.48
5.75 6.48
5.75 6.48
5.75 6.48
6.85 6.48
6.85 6.48
6.85 6.48
7.03 6.48
7.03 6.48
7.03 6.48
7.21 6.48
7.21 6.48
7.21 6.48
7.58 6.48
7.58 6.48
7.58 6.48
7.76 6.48
7.76 6.48
7.76 6.48
7.94 6.48
7.94 6.48
7.94 6.48
8.12 6.48
8.12 6.48
8.12 6.48
8.31 6.48
8.31 6.48
8.31 6.48
5.39 6.66
5.39 6.66
5.39 6.66
5.75 6.66
5.75 6.66
5.75 6.66
6.85 6.66
6.85 6.66
6.85 6.66
7.03 6.66
7.03 6.66
7.03 6.66
7.21 6.66
7.21 6.66
7.21 6.66
8.12 6.66
8.12 6.66
8.12 6.66
5.02 6.85
5.02 6.85
5.02 6.85
5.20 6.85
5.20 6.85
5.20 6.85
5.39 6.85
5.39 6.85
5.39 6.85
5.57 6.85
5.57 6.85
5.57 6.85
5.75 6.85
5.75 6.85
5.75 6.85
6.30 6.85
6.30 6.85
6.30 6.85
6.48 6.85
6.48 6.85
6.48 6.85
6.85 6.85
6.85 6.85
6.85 6.85
7.03 6.85
7.03 6.85
7.03 6.85
7.21 6.85
7.21 6.85
7.21 6.85
5.02 7.03
5.02 7.03
5.02 7.03
6.12 7.03
6.12 7.03
6.12 7.03
6.30 7.03
6.30 7.03
6.30 7.03
6.85 7.03
6.85 7.03
6.85 7.03
7.03 7.03
7.03 7.03
7.03 7.03
7.21 7.03
7.21 7.03
7.21 7.03
7.39 7.03
7.39 7.03
7.39 7.03
7.76 7.03
7.76 7.03
7.76 7.03
7.94 7.03
7.94 7.03
7.94 7.03
8.12 7.03
8.12 7.03
8.12 7.03
8.31 7.03
8.31 7.03
8.31 7.03
8.49 7.03
8.49 7.03
8.49 7.03
8.85 7.03
8.85 7.03
8.85 7.03
9.04 7.03
9.04 7.03
9.04 7.03
5.75 7.21
5.75 7.21
5.75 7.21
6.85 7.21
6.85 7.21
6.85 7.21
7.03 7.21
7.03 7.21
7.03 7.21
7.21 7.21
7.21 7.21
7.21 7.21
8.12 7.21
8.12 7.21
8.12 7.21
8.31 7.21
8.31 7.21
8.31 7.21
8.49 7.21
8.49 7.21
8.49 7.21
5.75 7.39
5.75 7.39
5.75 7.39
6.48 7.39
6.48 7.39
6.48 7.39
6.85 7.39
6.85 7.39
6.85 7.39
7.03 7.39
7.03 7.39
7.03 7.39
8.31 7.39
8.31 7.39
8.31 7.39
6.12 7.58
6.12 7.58
6.12 7.58
6.85 7.58
6.85 7.58
6.85 7.58
7.03 7.58
7.03 7.58
7.03 7.58
8.31 7.58
8.31 7.58
8.31 7.58
8.67 7.58
8.67 7.58
8.67 7.58
7.03 7.76
7.03 7.76
7.03 7.76
7.21 7.76
7.21 7.76
7.21 7.76
8.12 7.76
8.12 7.76
8.12 7.76
8.31 7.76
8.31 7.76
8.31 7.76
8.67 7.76
8.67 7.76
8.67 7.76
5.93 7.94
5.93 7.94
5.93 7.94
7.03 7.94
7.03 7.94
7.03 7.94
7.21 7.94
7.21 7.94
7.21 7.94
7.39 7.94
7.39 7.94
7.39 7.94
7.76 7.94
7.76 7.94
7.76 7.94
7.94 7.94
7.94 7.94
7.94 7.94
8.12 7.94
8.12 7.94
8.12 7.94
8.31 7.94
8.31 7.94
8.31 7.94
8.67 7.94
8.67 7.94
8.67 7.94
5.93 8.12
5.93 8.12
5.93 8.12
6.12 8.12
6.12 8.12
6.12 8.12
6.48 8.12
6.48 8.12
6.48 8.12
6.66 8.12
6.66 8.12
6.66 8.12
6.85 8.12
6.85 8.12
6.85 8.12
7.03 8.12
7.03 8.12
7.03 8.12
8.31 8.12
8.31 8.12
8.31 8.12
8.49 8.12
8.49 8.12
8.49 8.12
8.85 8.12
8.85 8.12
8.85 8.12
6.30 8.31
6.30 8.31
6.30 8.31
6.48 8.31
6.48 8.31
6.48 8.31
8.12 8.31
8.12 8.31
8.12 8.31
8.31 8.31
8.31 8.31
8.31 8.31
6.30 8.49
6.30 8.49
6.30 8.49
8.67 8.49
8.67 8.49
8.67 8.49
8.85 8.49
8.85 8.49
8.85 8.49
9.22 8.49
9.22 8.49
9.22 8.49
9.40 8.49
9.40 8.49
9.40 8.49
9.59 8.49
9.59 8.49
9.59 8.49
6.48 8.67
6.48 8.67
6.48 8.67
6.66 8.67
6.66 8.67
6.66 8.67
6.85 8.67
6.85 8.67
6.85 8.67
7.03 8.67
7.03 8.67
7.03 8.67
7.21 8.67
7.21 8.67
7.21 8.67
7.39 8.67
7.39 8.67
7.39 8.67
7.58 8.67
7.58 8.67
7.58 8.67
7.76 8.67
7.76 8.67
7.76 8.67
8.12 8.67
8.12 8.67
8.12 8.67
8.85 8.67
8.85 8.67
8.85 8.67
9.04 8.67
9.04 8.67
9.04 8.67
6.30 8.85
6.30 8.85
6.30 8.85
6.66 8.85
6.66 8.85
6.66 8.85
6.85 8.85
6.85 8.85
6.85 8.85
7.03 8.85
7.03 8.85
7.03 8.85
7.21 8.85
7.21 8.85
7.21 8.85
8.12 8.85
8.12 8.85
8.12 8.85
8.31 8.85
8.31 8.85
8.31 8.85
9.59 8.85
9.59 8.85
9.59 8.85
10.13 8.85
10.13 8.85
10.13 8.85
6.30 9.04
6.30 9.04
6.30 9.04
6.66 9.04
6.66 9.04
6.66 9.04
6.85 9.04
6.85 9.04
6.85 9.04
7.03 9.04
7.03 9.04
7.03 9.04
7.21 9.04
7.21 9.04
7.21 9.04
7.39 9.04
7.39 9.04
7.39 9.04
8.67 9.04
8.67 9.04
8.67 9.04
9.77 9.04
9.77 9.04
9.77 9.04
9.95 9.04
9.95 9.04
9.95 9.04
6.66 9.22
6.66 9.22
6.66 9.22
6.85 9.22
6.85 9.22
6.85 9.22
7.03 9.22
7.03 9.22
7.03 9.22
7.21 9.22
7.21 9.22
7.21 9.22
7.39 9.22
7.39 9.22
7.39 9.22
7.58 9.22
7.58 9.22
7.58 9.22
7.76 9.22
7.76 9.22
7.76 9.22
7.94 9.22
7.94 9.22
7.94 9.22
8.12 9.22
8.12 9.22
8.12 9.22
8.67 9.22
8.67 9.22
8.67 9.22
9.40 9.22
9.40 9.22
9.40 9.22
9.59 9.22
9.59 9.22
9.59 9.22
9.77 9.22
9.77 9.22
9.77 9.22
9.95 9.22
9.95 9.22
9.95 9.22
10.13 9.22
10.13 9.22
10.13 9.22
7.03 9.40
7.03 9.40
7.03 9.40
7.21 9.40
7.21 9.40
7.21 9.40
7.76 9.40
7.76 9.40
7.76 9.40
7.94 9.40
7.94 9.40
7.94 9.40
8.12 9.40
8.12 9.40
8.12 9.40
8.31 9.40
8.31 9.40
8.31 9.40
8.49 9.40
8.49 9.40
8.49 9.40
9.04 9.40
9.04 9.40
9.04 9.40
9.22 9.40
9.22 9.40
9.22 9.40
9.59 9.40
9.59 9.40
9.59 9.40
9.77 9.40
9.77 9.40
9.77 9.40
10.13 9.40
10.13 9.40
10.13 9.40
6.30 9.59
6.30 9.59
6.30 9.59
6.66 9.59
6.66 9.59
6.66 9.59
6.85 9.59
6.85 9.59
6.85 9.59
7.03 9.59
7.03 9.59
7.03 9.59
7.21 9.59
7.21 9.59
7.21 9.59
7.39 9.59
7.39 9.59
7.39 9.59
7.94 9.59
7.94 9.59
7.94 9.59
8.12 9.59
8.12 9.59
8.12 9.59
8.31 9.59
8.31 9.59
8.31 9.59
8.49 9.59
8.49 9.59
8.49 9.59
8.67 9.59
8.67 9.59
8.67 9.59
8.85 9.59
8.85 9.59
8.85 9.59
9.04 9.59
9.04 9.59
9.04 9.59
9.59 9.59
9.59 9.59
9.59 9.59
9.77 9.59
9.77 9.59
9.77 9.59
9.95 9.59
9.95 9.59
9.95 9.59
10.13 9.59
10.13 9.59
10.13 9.59
6.48 9.77
6.48 9.77
6.48 9.77
6.66 9.77
6.66 9.77
6.66 9.77
7.39 9.77
7.39 9.77
7.39 9.77
7.58 9.77
7.58 9.77
7.58 9.77
7.76 9.77
7.76 9.77
7.76 9.77
8.31 9.77
8.31 9.77
8.31 9.77
8.49 9.77
8.49 9.77
8.49 9.77
8.67 9.77
8.67 9.77
8.67 9.77
8.85 9.77
8.85 9.77
8.85 9.77
9.04 9.77
9.04 9.77
9.04 9.77
9.22 9.77
9.22 9.77
9.22 9.77
9.40 9.77
9.40 9.77
9.40 9.77
10.13 9.77
10.13 9.77
10.13 9.77
6.48 9.95
6.48 9.95
6.48 9.95
7.03 9.95
7.03 9.95
7.03 9.95
7.21 9.95
7.21 9.95
7.21 9.95
8.49 9.95
8.49 9.95
8.49 9.95
8.67 9.95
8.67 9.95
8.67 9.95
8.85 9.95
8.85 9.95
8.85 9.95
9.04 9.95
9.04 9.95
9.04 9.95
9.22 9.95
9.22 9.95
9.22 9.95
9.40 9.95
9.40 9.95
9.40 9.95
9.59 9.95
9.59 9.95
9.59 9.95
9.77 9.95
9.77 9.95
9.77 9.95
10.13 9.95
10.13 9.95
10.13 9.95
10.32 9.95
10.32 9.95
10.32 9.95
6.30 10.13
6.30 10.13
6.30 10.13
6.48 10.13
6.48 10.13
6.48 10.13
6.66 10.13
6.66 10.13
6.66 10.13
6.85 10.13
6.85 10.13
6.85 10.13
7.94 10.13
7.94 10.13
7.94 10.13
8.12 10.13
8.12 10.13
8.12 10.13
8.31 10.13
8.31 10.13
8.31 10.13
8.49 10.13
8.49 10.13
8.49 10.13
8.67 10.13
8.67 10.13
8.67 10.13
8.85 10.13
8.85 10.13
8.85 10.13
9.04 10.13
9.04 10.13
9.04 10.13
9.22 10.13
9.22 10.13
9.22 10.13
9.40 10.13
9.40 10.13
9.40 10.13
9.77 10.13
9.77 10.13
9.77 10.13
9.95 10.13
9.95 10.13
9.95 10.13
10.13 10.13
10.13 10.13
10.13 10.13
10.32 10.13
10.32 10.13
10.32 10.13
10.86 10.13
10.86 10.13
10.86 10.13
7.21 10.32
7.21 10.32
7.21 10.32
7.39 10.32
7.39 10.32
7.39 10.32
7.58 10.32
7.58 10.32
7.58 10.32
7.76 10.32
7.76 10.32
7.76 10.32
7.94 10.32
7.94 10.32
7.94 10.32
8.12 10.32
8.12 10.32
8.12 10.32
8.31 10.32
8.31 10.32
8.31 10.32
8.49 10.32
8.49 10.32
8.49 10.32
8.67 10.32
8.67 10.32
8.67 10.32
8.85 10.32
8.85 10.32
8.85 10.32
9.04 10.32
9.04 10.32
9.04 10.32
9.22 10.32
9.22 10.32
9.22 10.32
9.40 10.32
9.40 10.32
9.40 10.32
9.77 10.32
9.77 10.32
9.77 10.32
9.95 10.32
9.95 10.32
9.95 10.32
10.50 10.32
10.50 10.32
10.50 10.32
10.86 10.32
10.86 10.32
10.86 10.32
7.21 10.50
7.21 10.50
7.21 10.50
9.04 10.50
9.04 10.50
9.04 10.50
9.22 10.50
9.22 10.50
9.22 10.50
9.40 10.50
9.40 10.50
9.40 10.50
9.59 10.50
9.59 10.50
9.59 10.50
9.77 10.50
9.77 10.50
9.77 10.50
9.95 10.50
9.95 10.50
9.95 10.50
10.13 10.50
10.13 10.50
10.13 10.50
10.32 10.50
10.32 10.50
10.32 10.50
10.50 10.50
10.50 10.50
10.50 10.50
10.86 10.50
10.86 10.50
10.86 10.50
11.59 10.50
11.59 10.50
11.59 10.50
7.58 10.68
7.58 10.68
7.58 10.68
8.85 10.68
8.85 10.68
8.85 10.68
9.04 10.68
9.04 10.68
9.04 10.68
9.22 10.68
9.22 10.68
9.22 10.68
9.40 10.68
9.40 10.68
9.40 10.68
9.59 10.68
9.59 10.68
9.59 10.68
10.32 10.68
10.32 10.68
10.32 10.68
10.68 10.68
10.68 10.68
10.68 10.68
10.86 10.68
10.86 10.68
10.86 10.68
11.05 10.68
11.05 10.68
11.05 10.68
11.23 10.68
11.23 10.68
11.23 10.68
11.41 10.68
11.41 10.68
11.41 10.68
11.59 10.68
11.59 10.68
11.59 10.68
7.03 10.86
7.03 10.86
7.03 10.86
7.58 10.86
7.58 10.86
7.58 10.86
7.94 10.86
7.94 10.86
7.94 10.86
8.12 10.86
8.12 10.86
8.12 10.86
8.31 10.86
8.31 10.86
8.31 10.86
8.49 10.86
8.49 10.86
8.49 10.86
8.67 10.86
8.67 10.86
8.67 10.86
8.85 10.86
8.85 10.86
8.85 10.86
9.04 10.86
9.04 10.86
9.04 10.86
9.22 10.86
9.22 10.86
9.22 10.86
9.77 10.86
9.77 10.86
9.77 10.86
10.32 10.86
10.32 10.86
10.32 10.86
10.50 10.86
10.50 10.86
10.50 10.86
10.68 10.86
10.68 10.86
10.68 10.86
11.59 10.86
11.59 10.86
11.59 10.86
7.94 11.05
7.94 11.05
7.94 11.05
8.12 11.05
8.12 11.05
8.12 11.05
8.67 11.05
8.67 11.05
8.67 11.05
8.85 11.05
8.85 11.05
8.85 11.05
9.04 11.05
9.04 11.05
9.04 11.05
9.40 11.05
9.40 11.05
9.40 11.05
11.05 11.05
11.05 11.05
11.05 11.05
11.23 11.05
11.23 11.05
11.23 11.05
11.41 11.05
11.41 11.05
11.41 11.05
11.59 11.05
11.59 11.05
11.59 11.05
11.78 11.05
11.78 11.05
11.78 11.05
11.96 11.05
11.96 11.05
11.96 11.05
12.14 11.05
12.14 11.05
12.14 11.05
12.32 11.05
12.32 11.05
12.32 11.05
7.94 11.23
7.94 11.23
7.94 11.23
8.12 11.23
8.12 11.23
8.12 11.23
8.49 11.23
8.49 11.23
8.49 11.23
8.67 11.23
8.67 11.23
8.67 11.23
9.22 11.23
9.22 11.23
9.22 11.23
9.40 11.23
9.40 11.23
9.40 11.23
9.59 11.23
9.59 11.23
9.59 11.23
11.05 11.23
11.05 11.23
11.05 11.23
11.23 11.23
11.23 11.23
11.23 11.23
11.41 11.23
11.41 11.23
11.41 11.23
11.59 11.23
11.59 11.23
11.59 11.23
11.78 11.23
11.78 11.23
11.78 11.23
11.96 11.23
11.96 11.23
11.96 11.23
12.14 11.23
12.14 11.23
12.14 11.23
12.32 11.23
12.32 11.23
12.32 11.23
7.94 11.41
7.94 11.41
7.94 11.41
8.49 11.41
8.49 11.41
8.49 11.41
8.67 11.41
8.67 11.41
8.67 11.41
9.22 11.41
9.22 11.41
9.22 11.41
10.68 11.41
10.68 11.41
10.68 11.41
10.86 11.41
10.86 11.41
10.86 11.41
11.23 11.41
11.23 11.41
11.23 11.41
11.41 11.41
11.41 11.41
11.41 11.41
11.59 11.41
11.59 11.41
11.59 11.41
11.78 11.41
11.78 11.41
11.78 11.41
11.96 11.41
11.96 11.41
11.96 11.41
8.31 11.59
8.31 11.59
8.31 11.59
8.49 11.59
8.49 11.59
8.49 11.59
9.04 11.59
9.04 11.59
9.04 11.59
9.40 11.59
9.40 11.59
9.40 11.59
10.13 11.59
10.13 11.59
10.13 11.59
10.32 11.59
10.32 11.59
10.32 11.59
10.50 11.59
10.50 11.59
10.50 11.59
10.68 11.59
10.68 11.59
10.68 11.59
11.59 11.59
11.59 11.59
11.59 11.59
11.78 11.59
11.78 11.59
11.78 11.59
11.96 11.59
11.96 11.59
11.96 11.59
8.85 11.78
8.85 11.78
8.85 11.78
9.04 11.78
9.04 11.78
9.04 11.78
9.95 11.78
9.95 11.78
9.95 11.78
10.13 11.78
10.13 11.78
10.13 11.78
10.32 11.78
10.32 11.78
10.32 11.78
11.78 11.78
11.78 11.78
11.78 11.78
11.96 11.78
11.96 11.78
11.96 11.78
8.31 11.96
8.31 11.96
8.31 11.96
8.85 11.96
8.85 11.96
8.85 11.96
9.04 11.96
9.04 11.96
9.04 11.96
9.22 11.96
9.22 11.96
9.22 11.96
9.40 11.96
9.40 11.96
9.40 11.96
9.59 11.96
9.59 11.96
9.59 11.96
9.77 11.96
9.77 11.96
9.77 11.96
9.95 11.96
9.95 11.96
9.95 11.96
10.13 11.96
10.13 11.96
10.13 11.96
11.59 11.96
11.59 11.96
11.59 11.96
11.78 11.96
11.78 11.96
11.78 11.96
11.96 11.96
11.96 11.96
11.96 11.96
12.51 11.96
12.51 11.96
12.51 11.96
12.69 11.96
12.69 11.96
12.69 11.96
9.59 12.14
9.59 12.14
9.59 12.14
9.77 12.14
9.77 12.14
9.77 12.14
9.95 12.14
9.95 12.14
9.95 12.14
10.13 12.14
10.13 12.14
10.13 12.14
10.32 12.14
10.32 12.14
10.32 12.14
10.50 12.14
10.50 12.14
10.50 12.14
10.68 12.14
10.68 12.14
10.68 12.14
10.86 12.14
10.86 12.14
10.86 12.14
11.41 12.14
11.41 12.14
11.41 12.14
11.59 12.14
11.59 12.14
11.59 12.14
11.78 12.14
11.78 12.14
11.78 12.14
11.96 12.14
11.96 12.14
11.96 12.14
12.14 12.14
12.14 12.14
12.14 12.14
12.32 12.14
12.32 12.14
12.32 12.14
12.69 12.14
12.69 12.14
12.69 12.14
9.40 12.32
9.40 12.32
9.40 12.32
9.77 12.32
9.77 12.32
9.77 12.32
9.95 12.32
9.95 12.32
9.95 12.32
10.13 12.32
10.13 12.32
10.13 12.32
11.78 12.32
11.78 12.32
11.78 12.32
11.96 12.32
11.96 12.32
11.96 12.32
12.14 12.32
12.14 12.32
12.14 12.32
12.32 12.32
12.32 12.32
12.32 12.32
12.69 12.32
12.69 12.32
12.69 12.32
12.87 12.32
12.87 12.32
12.87 12.32
9.40 12.51
9.40 12.51
9.40 12.51
9.59 12.51
9.59 12.51
9.59 12.51
9.95 12.51
9.95 12.51
9.95 12.51
10.32 12.51
10.32 12.51
10.32 12.51
10.50 12.51
10.50 12.51
10.50 12.51
10.68 12.51
10.68 12.51
10.68 12.51
11.41 12.51
11.41 12.51
11.41 12.51
11.59 12.51
11.59 12.51
11.59 12.51
11.78 12.51
11.78 12.51
11.78 12.51
11.96 12.51
11.96 12.51
11.96 12.51
12.69 12.51
12.69 12.51
12.69 12.51
12.87 12.51
12.87 12.51
12.87 12.51
9.95 12.69
9.95 12.69
9.95 12.69
10.13 12.69
10.13 12.69
10.13 12.69
10.86 12.69
10.86 12.69
10.86 12.69
11.23 12.69
11.23 12.69
11.23 12.69
11.41 12.69
11.41 12.69
11.41 12.69
11.59 12.69
11.59 12.69
11.59 12.69
11.78 12.69
11.78 12.69
11.78 12.69
11.96 12.69
11.96 12.69
11.96 12.69
12.14 12.69
12.14 12.69
12.14 12.69
12.51 12.69
12.51 12.69
12.51 12.69
12.87 12.69
12.87 12.69
12.87 12.69
13.05 12.69
13.05 12.69
13.05 12.69
9.77 12.87
9.77 12.87
9.77 12.87
10.50 12.87
10.50 12.87
10.50 12.87
10.68 12.87
10.68 12.87
10.68 12.87
11.05 12.87
11.05 12.87
11.05 12.87
11.23 12.87
11.23 12.87
11.23 12.87
11.41 12.87
11.41 12.87
11.41 12.87
11.59 12.87
11.59 12.87
11.59 12.87
12.69 12.87
12.69 12.87
12.69 12.87
12.87 12.87
12.87 12.87
12.87 12.87
13.05 12.87
13.05 12.87
13.05 12.87
13.24 12.87
13.24 12.87
13.24 12.87
13.42 12.87
13.42 12.87
13.42 12.87
9.77 13.05
9.77 13.05
9.77 13.05
9.95 13.05
9.95 13.05
9.95 13.05
10.32 13.05
10.32 13.05
10.32 13.05
10.86 13.05
10.86 13.05
10.86 13.05
11.05 13.05
11.05 13.05
11.05 13.05
11.23 13.05
11.23 13.05
11.23 13.05
11.41 13.05
11.41 13.05
11.41 13.05
12.69 13.05
12.69 13.05
12.69 13.05
13.42 13.05
13.42 13.05
13.42 13.05
10.32 13.24
10.32 13.24
10.32 13.24
10.50 13.24
10.50 13.24
10.50 13.24
10.68 13.24
10.68 13.24
10.68 13.24
10.86 13.24
10.86 13.24
10.86 13.24
11.05 13.24
11.05 13.24
11.05 13.24
11.23 13.24
11.23 13.24
11.23 13.24
11.41 13.24
11.41 13.24
11.41 13.24
12.69 13.24
12.69 13.24
12.69 13.24
12.87 13.24
12.87 13.24
12.87 13.24
13.24 13.24
13.24 13.24
13.24 13.24
13.42 13.42
13.42 13.42
13.42 13.42
13.60 13.42
13.60 13.42
13.60 13.42
14.15 13.42
14.15 13.42
14.15 13.42
14.33 13.42
14.33 13.42
14.33 13.42
12.51 13.60
12.51 13.60
12.51 13.60
12.69 13.60
12.69 13.60
12.69 13.60
13.78 13.60
13.78 13.60
13.78 13.60
14.15 13.60
14.15 13.60
14.15 13.60
11.05 13.78
11.05 13.78
11.05 13.78
11.23 13.78
11.23 13.78
11.23 13.78
11.41 13.78
11.41 13.78
11.41 13.78
11.59 13.78
11.59 13.78
11.59 13.78
11.78 13.78
11.78 13.78
11.78 13.78
11.96 13.78
11.96 13.78
11.96 13.78
13.97 13.78
13.97 13.78
13.97 13.78
14.33 13.78
14.33 13.78
14.33 13.78
11.05 13.97
11.05 13.97
11.05 13.97
11.41 13.97
11.41 13.97
11.41 13.97
11.59 13.97
11.59 13.97
11.59 13.97
11.78 13.97
11.78 13.97
11.78 13.97
11.96 13.97
11.96 13.97
11.96 13.97
12.14 13.97
12.14 13.97
12.14 13.97
12.32 13.97
12.32 13.97
12.32 13.97
13.78 13.97
13.78 13.97
13.78 13.97
14.15 13.97
14.15 13.97
14.15 13.97
14.33 13.97
14.33 13.97
14.33 13.97
14.70 13.97
14.70 13.97
14.70 13.97
14.88 13.97
14.88 13.97
14.88 13.97
11.05 14.15
11.05 14.15
11.05 14.15
13.24 14.15
13.24 14.15
13.24 14.15
13.42 14.15
13.42 14.15
13.42 14.15
13.60 14.15
13.60 14.15
13.60 14.15
13.97 14.15
13.97 14.15
13.97 14.15
11.05 14.33
11.05 14.33
11.05 14.33
11.96 14.33
11.96 14.33
11.96 14.33
12.14 14.33
12.14 14.33
12.14 14.33
12.32 14.33
12.32 14.33
12.32 14.33
13.05 14.33
13.05 14.33
13.05 14.33
13.78 14.33
13.78 14.33
13.78 14.33
15.06 14.33
15.06 14.33
15.06 14.33
15.25 14.33
15.25 14.33
15.25 14.33
15.43 14.33
15.43 14.33
15.43 14.33
15.61 14.33
15.61 14.33
15.61 14.33
11.23 14.51
11.23 14.51
11.23 14.51
12.69 14.51
12.69 14.51
12.69 14.51
13.05 14.51
13.05 14.51
13.05 14.51
13.24 14.51
13.24 14.51
13.24 14.51
13.42 14.51
13.42 14.51
13.42 14.51
14.88 14.51
14.88 14.51
14.88 14.51
15.06 14.51
15.06 14.51
15.06 14.51
15.61 14.51
15.61 14.51
15.61 14.51
11.23 14.70
11.23 14.70
11.23 14.70
11.59 14.70
11.59 14.70
11.59 14.70
11.78 14.70
11.78 14.70
11.78 14.70
12.14 14.70
12.14 14.70
12.14 14.70
12.32 14.70
12.32 14.70
12.32 14.70
12.87 14.70
12.87 14.70
12.87 14.70
13.05 14.70
13.05 14.70
13.05 14.70
13.24 14.70
13.24 14.70
13.24 14.70
13.42 14.70
13.42 14.70
13.42 14.70
14.70 14.70
14.70 14.70
14.70 14.70
14.88 14.70
14.88 14.70
14.88 14.70
15.25 14.70
15.25 14.70
15.25 14.70
15.43 14.70
15.43 14.70
15.43 14.70
11.78 14.88
11.78 14.88
11.78 14.88
11.96 14.88
11.96 14.88
11.96 14.88
12.32 14.88
12.32 14.88
12.32 14.88
12.87 14.88
12.87 14.88
12.87 14.88
13.24 14.88
13.24 14.88
13.24 14.88
13.60 14.88
13.60 14.88
13.60 14.88
13.78 14.88
13.78 14.88
13.78 14.88
14.33 14.88
14.33 14.88
14.33 14.88
14.51 14.88
14.51 14.88
14.51 14.88
14.70 14.88
14.70 14.88
14.70 14.88
15.61 14.88
15.61 14.88
15.61 14.88
13.24 15.06
13.24 15.06
13.24 15.06
13.97 15.06
13.97 15.06
13.97 15.06
14.33 15.06
14.33 15.06
14.33 15.06
14.88 15.06
14.88 15.06
14.88 15.06
15.06 15.06
15.06 15.06
15.06 15.06
15.25 15.06
15.25 15.06
15.25 15.06
15.43 15.06
15.43 15.06
15.43 15.06
15.61 15.06
15.61 15.06
15.61 15.06
16.16 15.06
16.16 15.06
16.16 15.06
12.87 15.25
12.87 15.25
12.87 15.25
13.05 15.25
13.05 15.25
13.05 15.25
13.78 15.25
13.78 15.25
13.78 15.25
13.97 15.25
13.97 15.25
13.97 15.25
14.33 15.25
14.33 15.25
14.33 15.25
14.51 15.25
14.51 15.25
14.51 15.25
15.06 15.25
15.06 15.25
15.06 15.25
15.79 15.25
15.79 15.25
15.79 15.25
12.32 15.43
12.32 15.43
12.32 15.43
12.51 15.43
12.51 15.43
12.51 15.43
12.87 15.43
12.87 15.43
12.87 15.43
13.05 15.43
13.05 15.43
13.05 15.43
13.24 15.43
13.24 15.43
13.24 15.43
13.78 15.43
13.78 15.43
13.78 15.43
13.97 15.43
13.97 15.43
13.97 15.43
14.15 15.43
14.15 15.43
14.15 15.43
14.70 15.43
14.70 15.43
14.70 15.43
14.88 15.43
14.88 15.43
14.88 15.43
15.06 15.43
15.06 15.43
15.06 15.43
15.25 15.43
15.25 15.43
15.25 15.43
12.32 15.61
12.32 15.61
12.32 15.61
12.87 15.61
12.87 15.61
12.87 15.61
13.05 15.61
13.05 15.61
13.05 15.61
13.60 15.61
13.60 15.61
13.60 15.61
14.70 15.61
14.70 15.61
14.70 15.61
14.88 15.61
14.88 15.61
14.88 15.61
15.06 15.61
15.06 15.61
15.06 15.61
15.25 15.61
15.25 15.61
15.25 15.61
15.43 15.61
15.43 15.61
15.43 15.61
15.61 15.61
15.61 15.61
15.61 15.61
16.89 15.61
16.89 15.61
16.89 15.61
12.51 15.79
12.51 15.79
12.51 15.79
12.69 15.79
12.69 15.79
12.69 15.79
12.87 15.79
12.87 15.79
12.87 15.79
13.05 15.79
13.05 15.79
13.05 15.79
14.51 15.79
14.51 15.79
14.51 15.79
14.70 15.79
14.70 15.79
14.70 15.79
14.88 15.79
14.88 15.79
14.88 15.79
15.06 15.79
15.06 15.79
15.06 15.79
15.25 15.79
15.25 15.79
15.25 15.79
15.43 15.79
15.43 15.79
15.43 15.79
15.61 15.79
15.61 15.79
15.61 15.79
16.34 15.79
16.34 15.79
16.34 15.79
16.52 15.79
16.52 15.79
16.52 15.79
16.71 15.79
16.71 15.79
16.71 15.79
16.89 15.79
16.89 15.79
16.89 15.79
12.32 15.98
12.32 15.98
12.32 15.98
12.87 15.98
12.87 15.98
12.87 15.98
13.05 15.98
13.05 15.98
13.05 15.98
14.33 15.98
14.33 15.98
14.33 15.98
14.51 15.98
14.51 15.98
14.51 15.98
14.70 15.98
14.70 15.98
14.70 15.98
14.88 15.98
14.88 15.98
14.88 15.98
15.06 15.98
15.06 15.98
15.06 15.98
15.79 15.98
15.79 15.98
15.79 15.98
15.98 15.98
15.98 15.98
15.98 15.98
16.16 15.98
16.16 15.98
16.16 15.98
16.34 15.98
16.34 15.98
16.34 15.98
13.24 16.16
13.24 16.16
13.24 16.16
13.42 16.16
13.42 16.16
13.42 16.16
13.78 16.16
13.78 16.16
13.78 16.16
13.97 16.16
13.97 16.16
13.97 16.16
14.15 16.16
14.15 16.16
14.15 16.16
14.33 16.16
14.33 16.16
14.33 16.16
14.51 16.16
14.51 16.16
14.51 16.16
15.79 16.16
15.79 16.16
15.79 16.16
15.98 16.16
15.98 16.16
15.98 16.16
16.16 16.16
16.16 16.16
16.16 16.16
16.34 16.16
16.34 16.16
16.34 16.16
13.05 16.34
13.05 16.34
13.05 16.34
13.24 16.34
13.24 16.34
13.24 16.34
13.78 16.34
13.78 16.34
13.78 16.34
13.97 16.34
13.97 16.34
13.97 16.34
14.15 16.34
14.15 16.34
14.15 16.34
14.33 16.34
14.33 16.34
14.33 16.34
16.89 16.34
16.89 16.34
16.89 16.34
13.42 16.52
13.42 16.52
13.42 16.52
14.15 16.52
14.15 16.52
14.15 16.52
14.33 16.52
14.33 16.52
14.33 16.52
14.51 16.52
14.51 16.52
14.51 16.52
15.43 16.52
15.43 16.52
15.43 16.52
15.61 16.52
15.61 16.52
15.61 16.52
15.79 16.52
15.79 16.52
15.79 16.52
15.98 16.52
15.98 16.52
15.98 16.52
16.16 16.52
16.16 16.52
16.16 16.52
16.34 16.52
16.34 16.52
16.34 16.52
13.05 16.71
13.05 16.71
13.05 16.71
14.33 16.71
14.33 16.71
14.33 16.71
14.51 16.71
14.51 16.71
14.51 16.71
14.70 16.71
14.70 16.71
14.70 16.71
14.88 16.71
14.88 16.71
14.88 16.71
15.06 16.71
15.06 16.71
15.06 16.71
15.25 16.71
15.25 16.71
15.25 16.71
15.43 16.71
15.43 16.71
15.43 16.71
15.61 16.71
15.61 16.71
15.61 16.71
16.16 16.71
16.16 16.71
16.16 16.71
16.34 16.71
16.34 16.71
16.34 16.71
13.24 16.89
13.24 16.89
13.24 16.89
13.78 16.89
13.78 16.89
13.78 16.89
15.06 16.89
15.06 16.89
15.06 16.89
15.25 16.89
15.25 16.89
15.25 16.89
15.43 16.89
15.43 16.89
15.43 16.89
15.61 16.89
15.61 16.89
15.61 16.89
15.79 16.89
15.79 16.89
15.79 16.89
15.98 16.89
15.98 16.89
15.98 16.89
13.05 17.07
13.05 17.07
13.05 17.07
13.42 17.07
13.42 17.07
13.42 17.07
15.43 17.07
15.43 17.07
15.43 17.07
15.61 17.07
15.61 17.07
15.61 17.07
15.79 17.07
15.79 17.07
15.79 17.07
15.98 17.07
15.98 17.07
15.98 17.07
16.52 17.07
16.52 17.07
16.52 17.07
16.71 17.07
16.71 17.07
16.71 17.07
16.89 17.07
16.89 17.07
16.89 17.07
13.05 17.25
13.05 17.25
13.05 17.25
13.60 17.25
13.60 17.25
13.60 17.25
13.78 17.25
13.78 17.25
13.78 17.25
13.97 17.25
13.97 17.25
13.97 17.25
14.15 17.25
14.15 17.25
14.15 17.25
14.33 17.25
14.33 17.25
14.33 17.25
14.51 17.25
14.51 17.25
14.51 17.25
14.70 17.25
14.70 17.25
14.70 17.25
14.88 17.25
14.88 17.25
14.88 17.25
15.06 17.25
15.06 17.25
15.06 17.25
15.25 17.25
15.25 17.25
15.25 17.25
15.43 17.25
15.43 17.25
15.43 17.25
15.61 17.25
15.61 17.25
15.61 17.25
15.79 17.25
15.79 17.25
15.79 17.25
15.98 17.25
15.98 17.25
15.98 17.25
16.16 17.25
16.16 17.25
16.16 17.25
16.34 17.25
16.34 17.25
16.34 17.25
16.52 17.25
16.52 17.25
16.52 17.25
16.71 17.25
16.71 17.25
16.71 17.25
13.05 17.44
13.05 17.44
13.05 17.44
13.24 17.44
13.24 17.44
13.24 17.44
13.60 17.44
13.60 17.44
13.60 17.44
13.97 17.44
13.97 17.44
13.97 17.44
14.15 17.44
14.15 17.44
14.15 17.44
14.33 17.44
14.33 17.44
14.33 17.44
14.51 17.44
14.51 17.44
14.51 17.44
14.70 17.44
14.70 17.44
14.70 17.44
14.88 17.44
14.88 17.44
14.88 17.44
15.06 17.44
15.06 17.44
15.06 17.44
15.25 17.44
15.25 17.44
15.25 17.44
15.43 17.44
15.43 17.44
15.43 17.44
15.61 17.44
15.61 17.44
15.61 17.44
15.79 17.44
15.79 17.44
15.79 17.44
15.98 17.44
15.98 17.44
15.98 17.44
16.16 17.44
16.16 17.44
16.16 17.44
16.34 17.44
16.34 17.44
16.34 17.44
17.25 17.44
17.25 17.44
17.25 17.44
13.78 17.62
13.78 17.62
13.78 17.62
13.97 17.62
13.97 17.62
13.97 17.62
14.15 17.62
14.15 17.62
14.15 17.62
14.33 17.62
14.33 17.62
14.33 17.62
14.51 17.62
14.51 17.62
14.51 17.62
14.70 17.62
14.70 17.62
14.70 17.62
15.98 17.62
15.98 17.62
15.98 17.62
16.16 17.62
16.16 17.62
16.16 17.62
17.44 17.62
17.44 17.62
17.44 17.62
13.97 17.80
13.97 17.80
13.97 17.80
14.15 17.80
14.15 17.80
14.15 17.80
14.33 17.80
14.33 17.80
14.33 17.80
14.51 17.80
14.51 17.80
14.51 17.80
14.70 17.80
14.70 17.80
14.70 17.80
14.88 17.80
14.88 17.80
14.88 17.80
15.98 17.80
15.98 17.80
15.98 17.80
16.16 17.80
16.16 17.80
16.16 17.80
16.34 17.80
16.34 17.80
16.34 17.80
17.07 17.80
17.07 17.80
17.07 17.80
17.44 17.80
17.44 17.80
17.44 17.80
13.78 17.98
13.78 17.98
13.78 17.98
13.97 17.98
13.97 17.98
13.97 17.98
14.15 17.98
14.15 17.98
14.15 17.98
14.33 17.98
14.33 17.98
14.33 17.98
14.51 17.98
14.51 17.98
14.51 17.98
14.70 17.98
14.70 17.98
14.70 17.98
14.88 17.98
14.88 17.98
14.88 17.98
15.06 17.98
15.06 17.98
15.06 17.98
15.25 17.98
15.25 17.98
15.25 17.98
15.61 17.98
15.61 17.98
15.61 17.98
15.79 17.98
15.79 17.98
15.79 17.98
15.98 17.98
15.98 17.98
15.98 17.98
16.16 17.98
16.16 17.98
16.16 17.98
16.34 17.98
16.34 17.98
16.34 17.98
16.52 17.98
16.52 17.98
16.52 17.98
16.71 17.98
16.71 17.98
16.71 17.98
16.89 17.98
16.89 17.98
16.89 17.98
17.62 17.98
17.62 17.98
17.62 17.98
18.17 17.98
18.17 17.98
18.17 17.98
13.78 18.17
13.78 18.17
13.78 18.17
13.97 18.17
13.97 18.17
13.97 18.17
14.15 18.17
14.15 18.17
14.15 18.17
14.33 18.17
14.33 18.17
14.33 18.17
14.51 18.17
14.51 18.17
14.51 18.17
14.70 18.17
14.70 18.17
14.70 18.17
14.88 18.17
14.88 18.17
14.88 18.17
15.06 18.17
15.06 18.17
15.06 18.17
15.43 18.17
15.43 18.17
15.43 18.17
15.61 18.17
15.61 18.17
15.61 18.17
16.71 18.17
16.71 18.17
16.71 18.17
17.25 18.17
17.25 18.17
17.25 18.17
17.44 18.17
17.44 18.17
17.44 18.17
17.62 18.17
17.62 18.17
17.62 18.17
17.98 18.17
17.98 18.17
17.98 18.17
13.78 18.35
13.78 18.35
13.78 18.35
13.97 18.35
13.97 18.35
13.97 18.35
14.15 18.35
14.15 18.35
14.15 18.35
14.33 18.35
14.33 18.35
14.33 18.35
14.51 18.35
14.51 18.35
14.51 18.35
14.70 18.35
14.70 18.35
14.70 18.35
15.06 18.35
15.06 18.35
15.06 18.35
15.43 18.35
15.43 18.35
15.43 18.35
15.98 18.35
15.98 18.35
15.98 18.35
16.34 18.35
16.34 18.35
16.34 18.35
16.89 18.35
16.89 18.35
16.89 18.35
17.07 18.35
17.07 18.35
17.07 18.35
17.25 18.35
17.25 18.35
17.25 18.35
17.44 18.35
17.44 18.35
17.44 18.35
17.62 18.35
17.62 18.35
17.62 18.35
13.78 18.53
13.78 18.53
13.78 18.53
14.70 18.53
14.70 18.53
14.70 18.53
15.06 18.53
15.06 18.53
15.06 18.53
15.25 18.53
15.25 18.53
15.25 18.53
15.43 18.53
15.43 18.53
15.43 18.53
15.61 18.53
15.61 18.53
15.61 18.53
15.79 18.53
15.79 18.53
15.79 18.53
15.98 18.53
15.98 18.53
15.98 18.53
16.52 18.53
16.52 18.53
16.52 18.53
16.71 18.53
16.71 18.53
16.71 18.53
16.89 18.53
16.89 18.53
16.89 18.53
17.07 18.53
17.07 18.53
17.07 18.53
17.25 18.53
17.25 18.53
17.25 18.53
14.33 18.71
14.33 18.71
14.33 18.71
14.51 18.71
14.51 18.71
14.51 18.71
14.88 18.71
14.88 18.71
14.88 18.71
15.25 18.71
15.25 18.71
15.25 18.71
15.61 18.71
15.61 18.71
15.61 18.71
15.98 18.71
15.98 18.71
15.98 18.71
16.16 18.71
16.16 18.71
16.16 18.71
16.52 18.71
16.52 18.71
16.52 18.71
16.71 18.71
16.71 18.71
16.71 18.71
18.17 18.71
18.17 18.71
18.17 18.71
15.06 18.90
15.06 18.90
15.06 18.90
15.43 18.90
15.43 18.90
15.43 18.90
16.16 18.90
16.16 18.90
16.16 18.90
16.52 18.90
16.52 18.90
16.52 18.90
17.80 18.90
17.80 18.90
17.80 18.90
17.98 18.90
17.98 18.90
17.98 18.90
18.17 18.90
18.17 18.90
18.17 18.90
15.43 19.08
15.43 19.08
15.43 19.08
15.98 19.08
15.98 19.08
15.98 19.08
16.16 19.08
16.16 19.08
16.16 19.08
16.34 19.08
16.34 19.08
16.34 19.08
17.44 19.08
17.44 19.08
17.44 19.08
17.62 19.08
17.62 19.08
17.62 19.08
17.80 19.08
17.80 19.08
17.80 19.08
17.98 19.08
17.98 19.08
17.98 19.08
18.17 19.08
18.17 19.08
18.17 19.08
15.06 19.26
15.06 19.26
15.06 19.26
15.79 19.26
15.79 19.26
15.79 19.26
15.98 19.26
15.98 19.26
15.98 19.26
16.34 19.26
16.34 19.26
16.34 19.26
16.52 19.26
16.52 19.26
16.52 19.26
17.44 19.26
17.44 19.26
17.44 19.26
17.62 19.26
17.62 19.26
17.62 19.26
17.80 19.26
17.80 19.26
17.80 19.26
17.98 19.26
17.98 19.26
17.98 19.26
15.61 19.44
15.61 19.44
15.61 19.44
16.34 19.44
16.34 19.44
16.34 19.44
16.52 19.44
16.52 19.44
16.52 19.44
16.71 19.44
16.71 19.44
16.71 19.44
16.89 19.44
16.89 19.44
16.89 19.44
15.61 19.63
15.61 19.63
15.61 19.63
15.98 19.63
15.98 19.63
15.98 19.63
16.16 19.63
16.16 19.63
16.16 19.63
16.89 19.63
16.89 19.63
16.89 19.63
17.98 19.63
17.98 19.63
17.98 19.63
18.17 19.63
18.17 19.63
18.17 19.63
15.79 19.81
15.79 19.81
15.79 19.81
15.98 19.81
15.98 19.81
15.98 19.81
16.52 19.81
16.52 19.81
16.52 19.81
17.80 19.81
17.80 19.81
17.80 19.81
17.98 19.81
17.98 19.81
17.98 19.81
18.17 19.81
18.17 19.81
18.17 19.81
18.35 19.81
18.35 19.81
18.35 19.81
18.53 19.81
18.53 19.81
18.53 19.81
18.71 19.81
18.71 19.81
18.71 19.81
15.79 19.99
15.79 19.99
15.79 19.99
15.98 19.99
15.98 19.99
15.98 19.99
16.34 19.99
16.34 19.99
16.34 19.99
16.52 19.99
16.52 19.99
16.52 19.99
16.71 19.99
16.71 19.99
16.71 19.99
17.62 19.99
17.62 19.99
17.62 19.99
17.80 19.99
17.80 19.99
17.80 19.99
17.98 19.99
17.98 19.99
17.98 19.99
18.17 19.99
18.17 19.99
18.17 19.99
18.35 19.99
18.35 19.99
18.35 19.99
18.71 19.99
18.71 19.99
18.71 19.99
18.90 19.99
18.90 19.99
18.90 19.99
15.98 20.17
15.98 20.17
15.98 20.17
16.16 20.17
16.16 20.17
16.16 20.17
16.34 20.17
16.34 20.17
16.34 20.17
17.62 20.17
17.62 20.17
17.62 20.17
17.80 20.17
17.80 20.17
17.80 20.17
19.08 20.17
19.08 20.17
19.08 20.17
19.26 20.17
19.26 20.17
19.26 20.17
19.44 20.17
19.44 20.17
19.44 20.17
15.61 20.36
15.61 20.36
15.61 20.36
15.79 20.36
15.79 20.36
15.79 20.36
15.98 20.36
15.98 20.36
15.98 20.36
16.16 20.36
16.16 20.36
16.16 20.36
16.71 20.36
16.71 20.36
16.71 20.36
17.44 20.36
17.44 20.36
17.44 20.36
17.62 20.36
17.62 20.36
17.62 20.36
18.53 20.36
18.53 20.36
18.53 20.36
18.71 20.36
18.71 20.36
18.71 20.36
15.61 20.54
15.61 20.54
15.61 20.54
16.16 20.54
16.16 20.54
16.16 20.54
16.52 20.54
16.52 20.54
16.52 20.54
16.89 20.54
16.89 20.54
16.89 20.54
17.07 20.54
17.07 20.54
17.07 20.54
18.35 20.54
18.35 20.54
18.35 20.54
18.53 20.54
18.53 20.54
18.53 20.54
18.71 20.54
18.71 20.54
18.71 20.54
18.90 20.54
18.90 20.54
18.90 20.54
19.08 20.54
19.08 20.54
19.08 20.54
15.61 20.72
15.61 20.72
15.61 20.72
15.79 20.72
15.79 20.72
15.79 20.72
15.98 20.72
15.98 20.72
15.98 20.72
16.16 20.72
16.16 20.72
16.16 20.72
16.34 20.72
16.34 20.72
16.34 20.72
16.52 20.72
16.52 20.72
16.52 20.72
16.89 20.72
16.89 20.72
16.89 20.72
18.17 20.72
18.17 20.72
18.17 20.72
18.35 20.72
18.35 20.72
18.35 20.72
18.90 20.72
18.90 20.72
18.90 20.72
15.79 20.91
15.79 20.91
15.79 20.91
15.98 20.91
15.98 20.91
15.98 20.91
16.34 20.91
16.34 20.91
16.34 20.91
16.71 20.91
16.71 20.91
16.71 20.91
17.98 20.91
17.98 20.91
17.98 20.91
18.17 20.91
18.17 20.91
18.17 20.91
18.35 20.91
18.35 20.91
18.35 20.91
18.53 20.91
18.53 20.91
18.53 20.91
18.71 20.91
18.71 20.91
18.71 20.91
16.34 21.09
16.34 21.09
16.34 21.09
17.44 21.09
17.44 21.09
17.44 21.09
17.62 21.09
17.62 21.09
17.62 21.09
17.80 21.09
17.80 21.09
17.80 21.09
17.98 21.09
17.98 21.09
17.98 21.09
19.26 21.09
19.26 21.09
19.26 21.09
19.44 21.09
19.44 21.09
19.44 21.09
16.34 21.27
16.34 21.27
16.34 21.27
16.71 21.27
16.71 21.27
16.71 21.27
17.07 21.27
17.07 21.27
17.07 21.27
17.62 21.27
17.62 21.27
17.62 21.27
17.98 21.27
17.98 21.27
17.98 21.27
18.71 21.27
18.71 21.27
18.71 21.27
19.26 21.27
19.26 21.27
19.26 21.27
19.44 21.27
19.44 21.27
19.44 21.27
16.34 21.45
16.34 21.45
16.34 21.45
16.71 21.45
16.71 21.45
16.71 21.45
16.89 21.45
16.89 21.45
16.89 21.45
17.07 21.45
17.07 21.45
17.07 21.45
17.62 21.45
17.62 21.45
17.62 21.45
17.80 21.45
17.80 21.45
17.80 21.45
17.98 21.45
17.98 21.45
17.98 21.45
18.17 21.45
18.17 21.45
18.17 21.45
18.35 21.45
18.35 21.45
18.35 21.45
18.71 21.45
18.71 21.45
18.71 21.45
19.08 21.45
19.08 21.45
19.08 21.45
19.26 21.45
19.26 21.45
19.26 21.45
16.71 21.64
16.71 21.64
16.71 21.64
17.07 21.64
17.07 21.64
17.07 21.64
17.44 21.64
17.44 21.64
17.44 21.64
17.62 21.64
17.62 21.64
17.62 21.64
17.98 21.64
17.98 21.64
17.98 21.64
18.17 21.64
18.17 21.64
18.17 21.64
18.35 21.64
18.35 21.64
18.35 21.64
18.53 21.64
18.53 21.64
18.53 21.64
19.08 21.64
19.08 21.64
19.08 21.64
19.26 21.64
19.26 21.64
19.26 21.64
17.07 21.82
17.07 21.82
17.07 21.82
17.62 21.82
17.62 21.82
17.62 21.82
17.98 21.82
17.98 21.82
17.98 21.82
18.35 21.82
18.35 21.82
18.35 21.82
18.53 21.82
18.53 21.82
18.53 21.82
18.71 21.82
18.71 21.82
18.71 21.82
18.90 21.82
18.90 21.82
18.90 21.82
19.08 21.82
19.08 21.82
19.08 21.82
19.44 21.82
19.44 21.82
19.44 21.82
17.44 22.00
17.44 22.00
17.44 22.00
17.62 22.00
17.62 22.00
17.62 22.00
17.98 22.00
17.98 22.00
17.98 22.00
18.17 22.00
18.17 22.00
18.17 22.00
18.53 22.00
18.53 22.00
18.53 22.00
18.71 22.00
18.71 22.00
18.71 22.00
18.90 22.00
18.90 22.00
18.90 22.00
19.08 22.00
19.08 22.00
19.08 22.00
19.44 22.00
19.44 22.00
19.44 22.00
19.81 22.00
19.81 22.00
19.81 22.00
17.25 22.18
17.25 22.18
17.25 22.18
17.44 22.18
17.44 22.18
17.44 22.18
17.62 22.18
17.62 22.18
17.62 22.18
17.98 22.18
17.98 22.18
17.98 22.18
18.53 22.18
18.53 22.18
18.53 22.18
19.08 22.18
19.08 22.18
19.08 22.18
19.44 22.18
19.44 22.18
19.44 22.18
19.63 22.18
19.63 22.18
19.63 22.18
19.99 22.18
19.99 22.18
19.99 22.18
20.17 22.18
20.17 22.18
20.17 22.18
17.25 22.37
17.25 22.37
17.25 22.37
17.44 22.37
17.44 22.37
17.44 22.37
17.62 22.37
17.62 22.37
17.62 22.37
19.26 22.37
19.26 22.37
19.26 22.37
19.44 22.37
19.44 22.37
19.44 22.37
19.81 22.37
19.81 22.37
19.81 22.37
20.17 22.37
20.17 22.37
20.17 22.37
17.07 22.55
17.07 22.55
17.07 22.55
17.25 22.55
17.25 22.55
17.25 22.55
17.44 22.55
17.44 22.55
17.44 22.55
17.62 22.55
17.62 22.55
17.62 22.55
19.44 22.55
19.44 22.55
19.44 22.55
19.63 22.55
19.63 22.55
19.63 22.55
19.81 22.55
19.81 22.55
19.81 22.55
20.17 22.55
20.17 22.55
20.17 22.55
17.25 22.73
17.25 22.73
17.25 22.73
17.44 22.73
17.44 22.73
17.44 22.73
17.80 22.73
17.80 22.73
17.80 22.73
17.98 22.73
17.98 22.73
17.98 22.73
18.17 22.73
18.17 22.73
18.17 22.73
19.26 22.73
19.26 22.73
19.26 22.73
19.44 22.73
19.44 22.73
19.44 22.73
19.63 22.73
19.63 22.73
19.63 22.73
19.81 22.73
19.81 22.73
19.81 22.73
20.17 22.73
20.17 22.73
20.17 22.73
17.25 22.91
17.25 22.91
17.25 22.91
19.08 22.91
19.08 22.91
19.08 22.91
19.26 22.91
19.26 22.91
19.26 22.91
19.44 22.91
19.44 22.91
19.44 22.91
19.63 22.91
19.63 22.91
19.63 22.91
19.81 22.91
19.81 22.91
19.81 22.91
20.17 22.91
20.17 22.91
20.17 22.91
17.07 23.10
17.07 23.10
17.07 23.10
17.25 23.10
17.25 23.10
17.25 23.10
17.44 23.10
17.44 23.10
17.44 23.10
17.62 23.10
17.62 23.10
17.62 23.10
17.80 23.10
17.80 23.10
17.80 23.10
19.08 23.10
19.08 23.10
19.08 23.10
19.26 23.10
19.26 23.10
19.26 23.10
19.44 23.10
19.44 23.10
19.44 23.10
19.63 23.10
19.63 23.10
19.63 23.10
20.17 23.10
20.17 23.10
20.17 23.10
20.72 23.10
20.72 23.10
20.72 23.10
16.89 23.28
16.89 23.28
16.89 23.28
17.07 23.28
17.07 23.28
17.07 23.28
17.25 23.28
17.25 23.28
17.25 23.28
17.44 23.28
17.44 23.28
17.44 23.28
17.62 23.28
17.62 23.28
17.62 23.28
17.80 23.28
17.80 23.28
17.80 23.28
17.98 23.28
17.98 23.28
17.98 23.28
18.17 23.28
18.17 23.28
18.17 23.28
18.35 23.28
18.35 23.28
18.35 23.28
18.53 23.28
18.53 23.28
18.53 23.28
18.71 23.28
18.71 23.28
18.71 23.28
19.81 23.28
19.81 23.28
19.81 23.28
19.99 23.28
19.99 23.28
19.99 23.28
20.36 23.28
20.36 23.28
20.36 23.28
20.54 23.28
20.54 23.28
20.54 23.28
16.89 23.46
16.89 23.46
16.89 23.46
18.17 23.46
18.17 23.46
18.17 23.46
18.35 23.46
18.35 23.46
18.35 23.46
18.53 23.46
18.53 23.46
18.53 23.46
18.71 23.46
18.71 23.46
18.71 23.46
18.90 23.46
18.90 23.46
18.90 23.46
19.99 23.46
19.99 23.46
19.99 23.46
20.17 23.46
20.17 23.46
20.17 23.46
20.36 23.46
20.36 23.46
20.36 23.46
20.54 23.46
20.54 23.46
20.54 23.46
18.17 23.64
18.17 23.64
18.17 23.64
18.35 23.64
18.35 23.64
18.35 23.64
18.53 23.64
18.53 23.64
18.53 23.64
18.71 23.64
18.71 23.64
18.71 23.64
18.90 23.64
18.90 23.64
18.90 23.64
19.81 23.64
19.81 23.64
19.81 23.64
19.99 23.64
19.99 23.64
19.99 23.64
20.54 23.64
20.54 23.64
20.54 23.64
20.72 23.64
20.72 23.64
20.72 23.64
16.89 23.83
16.89 23.83
16.89 23.83
17.07 23.83
17.07 23.83
17.07 23.83
17.98 23.83
17.98 23.83
17.98 23.83
18.17 23.83
18.17 23.83
18.17 23.83
18.35 23.83
18.35 23.83
18.35 23.83
18.53 23.83
18.53 23.83
18.53 23.83
18.71 23.83
18.71 23.83
18.71 23.83
18.90 23.83
18.90 23.83
18.90 23.83
19.08 23.83
19.08 23.83
19.08 23.83
20.17 23.83
20.17 23.83
20.17 23.83
20.36 23.83
20.36 23.83
20.36 23.83
20.54 23.83
20.54 23.83
20.54 23.83
16.89 24.01
16.89 24.01
16.89 24.01
17.07 24.01
17.07 24.01
17.07 24.01
17.62 24.01
17.62 24.01
17.62 24.01
17.80 24.01
17.80 24.01
17.80 24.01
17.98 24.01
17.98 24.01
17.98 24.01
18.35 24.01
18.35 24.01
18.35 24.01
18.53 24.01
18.53 24.01
18.53 24.01
18.71 24.01
18.71 24.01
18.71 24.01
18.90 24.01
18.90 24.01
18.90 24.01
19.08 24.01
19.08 24.01
19.08 24.01
19.26 24.01
19.26 24.01
19.26 24.01
19.44 24.01
19.44 24.01
19.44 24.01
19.81 24.01
19.81 24.01
19.81 24.01
19.99 24.01
19.99 24.01
19.99 24.01
20.17 24.01
20.17 24.01
20.17 24.01
20.72 24.01
20.72 24.01
20.72 24.01
17.62 24.19
17.62 24.19
17.62 24.19
18.90 24.19
18.90 24.19
18.90 24.19
19.08 24.19
19.08 24.19
19.08 24.19
19.26 24.19
19.26 24.19
19.26 24.19
19.44 24.19
19.44 24.19
19.44 24.19
19.63 24.19
19.63 24.19
19.63 24.19
19.99 24.19
19.99 24.19
19.99 24.19
20.54 24.19
20.54 24.19
20.54 24.19
17.80 24.37
17.80 24.37
17.80 24.37
19.81 24.37
19.81 24.37
19.81 24.37
19.99 24.37
19.99 24.37
19.99 24.37
20.17 24.37
20.17 24.37
20.17 24.37
20.72 24.37
20.72 24.37
20.72 24.37
20.91 24.37
20.91 24.37
20.91 24.37
17.80 24.56
17.80 24.56
17.80 24.56
18.90 24.56
18.90 24.56
18.90 24.56
19.08 24.56
19.08 24.56
19.08 24.56
19.26 24.56
19.26 24.56
19.26 24.56
19.44 24.56
19.44 24.56
19.44 24.56
19.63 24.56
19.63 24.56
19.63 24.56
20.17 24.56
20.17 24.56
20.17 24.56
20.36 24.56
20.36 24.56
20.36 24.56
20.91 24.56
20.91 24.56
20.91 24.56
21.09 24.56
21.09 24.56
21.09 24.56
21.45 24.56
21.45 24.56
21.45 24.56
17.62 24.74
17.62 24.74
17.62 24.74
17.80 24.74
17.80 24.74
17.80 24.74
17.98 24.74
17.98 24.74
17.98 24.74
18.17 24.74
18.17 24.74
18.17 24.74
18.35 24.74
18.35 24.74
18.35 24.74
18.53 24.74
18.53 24.74
18.53 24.74
18.71 24.74
18.71 24.74
18.71 24.74
18.90 24.74
18.90 24.74
18.90 24.74
19.08 24.74
19.08 24.74
19.08 24.74
19.26 24.74
19.26 24.74
19.26 24.74
19.44 24.74
19.44 24.74
19.44 24.74
19.63 24.74
19.63 24.74
19.63 24.74
19.81 24.74
19.81 24.74
19.81 24.74
20.36 24.74
20.36 24.74
20.36 24.74
20.54 24.74
20.54 24.74
20.54 24.74
17.62 24.92
17.62 24.92
17.62 24.92
18.17 24.92
18.17 24.92
18.17 24.92
20.17 24.92
20.17 24.92
20.17 24.92
20.36 24.92
20.36 24.92
20.36 24.92
20.72 24.92
20.72 24.92
20.72 24.92
20.91 24.92
20.91 24.92
20.91 24.92
21.09 24.92
21.09 24.92
21.09 24.92
21.27 24.92
21.27 24.92
21.27 24.92
21.45 24.92
21.45 24.92
21.45 24.92
21.64 24.92
21.64 24.92
21.64 24.92
21.82 24.92
21.82 24.92
21.82 24.92
17.62 25.10
17.62 25.10
17.62 25.10
17.80 25.10
17.80 25.10
17.80 25.10
18.17 25.10
18.17 25.10
18.17 25.10
19.26 25.10
19.26 25.10
19.26 25.10
19.44 25.10
19.44 25.10
19.44 25.10
19.63 25.10
19.63 25.10
19.63 25.10
19.99 25.10
19.99 25.10
19.99 25.10
20.17 25.10
20.17 25.10
20.17 25.10
20.36 25.10
20.36 25.10
20.36 25.10
20.72 25.10
20.72 25.10
20.72 25.10
18.35 25.29
18.35 25.29
18.35 25.29
18.53 25.29
18.53 25.29
18.53 25.29
18.71 25.29
18.71 25.29
18.71 25.29
18.90 25.29
18.90 25.29
18.90 25.29
19.08 25.29
19.08 25.29
19.08 25.29
19.26 25.29
19.26 25.29
19.26 25.29
19.44 25.29
19.44 25.29
19.44 25.29
19.63 25.29
19.63 25.29
19.63 25.29
19.81 25.29
19.81 25.29
19.81 25.29
19.99 25.29
19.99 25.29
19.99 25.29
20.72 25.29
20.72 25.29
20.72 25.29
20.91 25.29
20.91 25.29
20.91 25.29
21.09 25.29
21.09 25.29
21.09 25.29
21.45 25.29
21.45 25.29
21.45 25.29
21.82 25.29
21.82 25.29
21.82 25.29
22.00 25.29
22.00 25.29
22.00 25.29
19.26 25.47
19.26 25.47
19.26 25.47
19.44 25.47
19.44 25.47
19.44 25.47
19.63 25.47
19.63 25.47
19.63 25.47
20.36 25.47
20.36 25.47
20.36 25.47
20.54 25.47
20.54 25.47
20.54 25.47
21.45 25.47
21.45 25.47
21.45 25.47
22.00 25.47
22.00 25.47
22.00 25.47
18.90 25.65
18.90 25.65
18.90 25.65
19.08 25.65
19.08 25.65
19.08 25.65
19.26 25.65
19.26 25.65
19.26 25.65
19.63 25.65
19.63 25.65
19.63 25.65
19.81 25.65
19.81 25.65
19.81 25.65
19.99 25.65
19.99 25.65
19.99 25.65
21.27 25.65
21.27 25.65
21.27 25.65
21.45 25.65
21.45 25.65
21.45 25.65
21.64 25.65
21.64 25.65
21.64 25.65
21.82 25.65
21.82 25.65
21.82 25.65
22.00 25.65
22.00 25.65
22.00 25.65
18.35 25.83
18.35 25.83
18.35 25.83
18.53 25.83
18.53 25.83
18.53 25.83
18.71 25.83
18.71 25.83
18.71 25.83
18.90 25.83
18.90 25.83
18.90 25.83
19.63 25.83
19.63 25.83
19.63 25.83
19.81 25.83
19.81 25.83
19.81 25.83
19.99 25.83
19.99 25.83
19.99 25.83
20.72 25.83
20.72 25.83
20.72 25.83
20.91 25.83
20.91 25.83
20.91 25.83
21.27 25.83
21.27 25.83
21.27 25.83
21.45 25.83
21.45 25.83
21.45 25.83
21.64 25.83
21.64 25.83
21.64 25.83
21.82 25.83
21.82 25.83
21.82 25.83
22.00 25.83
22.00 25.83
22.00 25.83
19.08 26.02
19.08 26.02
19.08 26.02
19.26 26.02
19.26 26.02
19.26 26.02
19.44 26.02
19.44 26.02
19.44 26.02
19.81 26.02
19.81 26.02
19.81 26.02
19.99 26.02
19.99 26.02
19.99 26.02
20.54 26.02
20.54 26.02
20.54 26.02
20.72 26.02
20.72 26.02
20.72 26.02
20.91 26.02
20.91 26.02
20.91 26.02
21.09 26.02
21.09 26.02
21.09 26.02
21.27 26.02
21.27 26.02
21.27 26.02
21.45 26.02
21.45 26.02
21.45 26.02
21.64 26.02
21.64 26.02
21.64 26.02
21.82 26.02
21.82 26.02
21.82 26.02
22.00 26.02
22.00 26.02
22.00 26.02
18.71 26.20
18.71 26.20
18.71 26.20
19.44 26.20
19.44 26.20
19.44 26.20
19.81 26.20
19.81 26.20
19.81 26.20
19.99 26.20
19.99 26.20
19.99 26.20
20.17 26.20
20.17 26.20
20.17 26.20
20.36 26.20
20.36 26.20
20.36 26.20
20.54 26.20
20.54 26.20
20.54 26.20
20.72 26.20
20.72 26.20
20.72 26.20
20.91 26.20
20.91 26.20
20.91 26.20
21.09 26.20
21.09 26.20
21.09 26.20
21.27 26.20
21.27 26.20
21.27 26.20
21.45 26.20
21.45 26.20
21.45 26.20
21.64 26.20
21.64 26.20
21.64 26.20
21.82 26.20
21.82 26.20
21.82 26.20
22.00 26.20
22.00 26.20
22.00 26.20
18.35 26.38
18.35 26.38
18.35 26.38
18.90 26.38
18.90 26.38
18.90 26.38
19.08 26.38
19.08 26.38
19.08 26.38
19.81 26.38
19.81 26.38
19.81 26.38
19.99 26.38
19.99 26.38
19.99 26.38
20.17 26.38
20.17 26.38
20.17 26.38
20.36 26.38
20.36 26.38
20.36 26.38
20.54 26.38
20.54 26.38
20.54 26.38
20.72 26.38
20.72 26.38
20.72 26.38
20.91 26.38
20.91 26.38
20.91 26.38
21.09 26.38
21.09 26.38
21.09 26.38
21.27 26.38
21.27 26.38
21.27 26.38
21.45 26.38
21.45 26.38
21.45 26.38
21.64 26.38
21.64 26.38
21.64 26.38
21.82 26.38
21.82 26.38
21.82 26.38
22.00 26.38
22.00 26.38
22.00 26.38
19.63 26.56
19.63 26.56
19.63 26.56
19.81 26.56
19.81 26.56
19.81 26.56
19.99 26.56
19.99 26.56
19.99 26.56
20.17 26.56
20.17 26.56
20.17 26.56
20.36 26.56
20.36 26.56
20.36 26.56
20.54 26.56
20.54 26.56
20.54 26.56
20.72 26.56
20.72 26.56
20.72 26.56
20.91 26.56
20.91 26.56
20.91 26.56
21.09 26.56
21.09 26.56
21.09 26.56
21.27 26.56
21.27 26.56
21.27 26.56
21.45 26.56
21.45 26.56
21.45 26.56
21.64 26.56
21.64 26.56
21.64 26.56
21.82 26.56
21.82 26.56
21.82 26.56
22.00 26.56
22.00 26.56
22.00 26.56
18.90 26.75
18.90 26.75
18.90 26.75
19.63 26.75
19.63 26.75
19.63 26.75
20.17 26.75
20.17 26.75
20.17 26.75
20.36 26.75
20.36 26.75
20.36 26.75
20.54 26.75
20.54 26.75
20.54 26.75
20.72 26.75
20.72 26.75
20.72 26.75
20.91 26.75
20.91 26.75
20.91 26.75
21.09 26.75
21.09 26.75
21.09 26.75
21.27 26.75
21.27 26.75
21.27 26.75
21.45 26.75
21.45 26.75
21.45 26.75
21.64 26.75
21.64 26.75
21.64 26.75
21.82 26.75
21.82 26.75
21.82 26.75
22.00 26.75
22.00 26.75
22.00 26.75
18.90 26.93
18.90 26.93
18.90 26.93
20.17 26.93
20.17 26.93
20.17 26.93
20.36 26.93
20.36 26.93
20.36 26.93
20.54 26.93
20.54 26.93
20.54 26.93
20.72 26.93
20.72 26.93
20.72 26.93
20.91 26.93
20.91 26.93
20.91 26.93
21.09 26.93
21.09 26.93
21.09 26.93
21.27 26.93
21.27 26.93
21.27 26.93
21.45 26.93
21.45 26.93
21.45 26.93
21.64 26.93
21.64 26.93
21.64 26.93
21.82 26.93
21.82 26.93
21.82 26.93
22.00 26.93
22.00 26.93
22.00 26.93
19.81 27.11
19.81 27.11
19.81 27.11
19.99 27.11
19.99 27.11
19.99 27.11
20.17 27.11
20.17 27.11
20.17 27.11
20.36 27.11
20.36 27.11
20.36 27.11
20.54 27.11
20.54 27.11
20.54 27.11
20.72 27.11
20.72 27.11
20.72 27.11
20.91 27.11
20.91 27.11
20.91 27.11
21.09 27.11
21.09 27.11
21.09 27.11
21.27 27.11
21.27 27.11
21.27 27.11
21.45 27.11
21.45 27.11
21.45 27.11
21.64 27.11
21.64 27.11
21.64 27.11
21.82 27.11
21.82 27.11
21.82 27.11
22.00 27.11
22.00 27.11
22.00 27.11
19.44 27.30
19.44 27.30
19.44 27.30
20.72 27.30
20.72 27.30
20.72 27.30
20.91 27.30
20.91 27.30
20.91 27.30
21.09 27.30
21.09 27.30
21.09 27.30
21.27 27.30
21.27 27.30
21.27 27.30
21.45 27.30
21.45 27.30
21.45 27.30
21.64 27.30
21.64 27.30
21.64 27.30
21.82 27.30
21.82 27.30
21.82 27.30
22.00 27.30
22.00 27.30
22.00 27.30
19.44 27.48
19.44 27.48
19.44 27.48
20.72 27.48
20.72 27.48
20.72 27.48
20.91 27.48
20.91 27.48
20.91 27.48
21.09 27.48
21.09 27.48
21.09 27.48
21.27 27.48
21.27 27.48
21.27 27.48
21.45 27.48
21.45 27.48
21.45 27.48
21.64 27.48
21.64 27.48
21.64 27.48
21.82 27.48
21.82 27.48
21.82 27.48
22.00 27.48
22.00 27.48
22.00 27.48
19.44 27.66
19.44 27.66
19.44 27.66
20.72 27.66
20.72 27.66
20.72 27.66
20.91 27.66
20.91 27.66
20.91 27.66
21.09 27.66
21.09 27.66
21.09 27.66
21.27 27.66
21.27 27.66
21.27 27.66
21.45 27.66
21.45 27.66
21.45 27.66
21.64 27.66
21.64 27.66
21.64 27.66
21.82 27.66
21.82 27.66
21.82 27.66
22.00 27.66
22.00 27.66
22.00 27.66
19.08 27.84
19.08 27.84
19.08 27.84
19.44 27.84
19.44 27.84
19.44 27.84
19.81 27.84
19.81 27.84
19.81 27.84
19.99 27.84
19.99 27.84
19.99 27.84
20.17 27.84
20.17 27.84
20.17 27.84
20.36 27.84
20.36 27.84
20.36 27.84
20.54 27.84
20.54 27.84
20.54 27.84
20.72 27.84
20.72 27.84
20.72 27.84
20.91 27.84
20.91 27.84
20.91 27.84
21.09 27.84
21.09 27.84
21.09 27.84
21.27 27.84
21.27 27.84
21.27 27.84
21.45 27.84
21.45 27.84
21.45 27.84
21.64 27.84
21.64 27.84
21.64 27.84
21.82 27.84
21.82 27.84
21.82 27.84
22.00 27.84
22.00 27.84
22.00 27.84
18.90 28.03
18.90 28.03
18.90 28.03
19.08 28.03
19.08 28.03
19.08 28.03
19.26 28.03
19.26 28.03
19.26 28.03
19.44 28.03
19.44 28.03
19.44 28.03
19.63 28.03
19.63 28.03
19.63 28.03
19.81 28.03
19.81 28.03
19.81 28.03
19.99 28.03
19.99 28.03
19.99 28.03
20.17 28.03
20.17 28.03
20.17 28.03
20.36 28.03
20.36 28.03
20.36 28.03
20.54 28.03
20.54 28.03
20.54 28.03
20.72 28.03
20.72 28.03
20.72 28.03
20.91 28.03
20.91 28.03
20.91 28.03
21.09 28.03
21.09 28.03
21.09 28.03
21.27 28.03
21.27 28.03
21.27 28.03
21.45 28.03
21.45 28.03
21.45 28.03
21.64 28.03
21.64 28.03
21.64 28.03
22.00 28.03
22.00 28.03
22.00 28.03
18.90 28.21
18.90 28.21
18.90 28.21
19.08 28.21
19.08 28.21
19.08 28.21
19.26 28.21
19.26 28.21
19.26 28.21
19.44 28.21
19.44 28.21
19.44 28.21
19.63 28.21
19.63 28.21
19.63 28.21
19.81 28.21
19.81 28.21
19.81 28.21
19.99 28.21
19.99 28.21
19.99 28.21
20.17 28.21
20.17 28.21
20.17 28.21
20.36 28.21
20.36 28.21
20.36 28.21
20.54 28.21
20.54 28.21
20.54 28.21
20.72 28.21
20.72 28.21
20.72 28.21
20.91 28.21
20.91 28.21
20.91 28.21
21.09 28.21
21.09 28.21
21.09 28.21
21.27 28.21
21.27 28.21
21.27 28.21
21.45 28.21
21.45 28.21
21.45 28.21
21.64 28.21
21.64 28.21
21.64 28.21
19.08 28.39
19.08 28.39
19.08 28.39
19.26 28.39
19.26 28.39
19.26 28.39
19.44 28.39
19.44 28.39
19.44 28.39
19.63 28.39
19.63 28.39
19.63 28.39
19.81 28.39
19.81 28.39
19.81 28.39
19.99 28.39
19.99 28.39
19.99 28.39
20.72 28.39
20.72 28.39
20.72 28.39
20.91 28.39
20.91 28.39
20.91 28.39
21.09 28.39
21.09 28.39
21.09 28.39
21.27 28.39
21.27 28.39
21.27 28.39
19.26 28.57
19.26 28.57
19.26 28.57
19.44 28.57
19.44 28.57
19.44 28.57
19.63 28.57
19.63 28.57
19.63 28.57
19.99 28.57
19.99 28.57
19.99 28.57
20.36 28.57
20.36 28.57
20.36 28.57
20.54 28.57
20.54 28.57
20.54 28.57
20.91 28.57
20.91 28.57
20.91 28.57
21.45 28.57
21.45 28.57
21.45 28.57
22.00 28.57
22.00 28.57
22.00 28.57
18.90 28.76
18.90 28.76
18.90 28.76
19.08 28.76
19.08 28.76
19.08 28.76
19.44 28.76
19.44 28.76
19.44 28.76
19.99 28.76
19.99 28.76
19.99 28.76
20.17 28.76
20.17 28.76
20.17 28.76
20.54 28.76
20.54 28.76
20.54 28.76
20.72 28.76
20.72 28.76
20.72 28.76
18.53 28.94
18.53 28.94
18.53 28.94
19.44 28.94
19.44 28.94
19.44 28.94
19.63 28.94
19.63 28.94
19.63 28.94
19.81 28.94
19.81 28.94
19.81 28.94
19.99 28.94
19.99 28.94
19.99 28.94
21.09 28.94
21.09 28.94
21.09 28.94
18.17 29.12
18.17 29.12
18.17 29.12
18.53 29.12
18.53 29.12
18.53 29.12
19.26 29.12
19.26 29.12
19.26 29.12
20.91 29.12
20.91 29.12
20.91 29.12
18.17 29.30
18.17 29.30
18.17 29.30
18.71 29.30
18.71 29.30
18.71 29.30
19.26 29.30
19.26 29.30
19.26 29.30
18.17 29.49
18.17 29.49
18.17 29.49
18.35 29.49
18.35 29.49
18.35 29.49
18.53 29.49
18.53 29.49
18.53 29.49
18.71 29.49
18.71 29.49
18.71 29.49
19.08 29.49
19.08 29.49
19.08 29.49
19.26 29.49
19.26 29.49
19.26 29.49
18.53 29.67
18.53 29.67
18.53 29.67
19.08 29.67
19.08 29.67
19.08 29.67
18.90 29.85
18.90 29.85
18.90 29.85
19.26 29.85
19.26 29.85
19.26 29.85
18.90 30.03
18.90 30.03
18.90 30.03
14.33 49.39
14.33 49.39
14.33 49.39
14.51 49.39
14.51 49.39
14.51 49.39
14.70 49.57
14.70 49.57
14.70 49.57
15.06 49.57
15.06 49.57
15.06 49.57
15.25 49.57
15.25 49.57
15.25 49.57
14.70 49.75
14.70 49.75
14.70 49.75
14.88 49.75
14.88 49.75
14.88 49.75
14.15 49.93
14.15 49.93
14.15 49.93
14.33 49.93
14.33 49.93
14.33 49.93
14.51 49.93
14.51 49.93
14.51 49.93
15.06 49.93
15.06 49.93
15.06 49.93
15.25 49.93
15.25 49.93
15.25 49.93
17.44 49.93
17.44 49.93
17.44 49.93
14.88 50.12
14.88 50.12
14.88 50.12
15.61 50.12
15.61 50.12
15.61 50.12
15.79 50.12
15.79 50.12
15.79 50.12
15.98 50.12
15.98 50.12
15.98 50.12
16.71 50.12
16.71 50.12
16.71 50.12
16.89 50.12
16.89 50.12
16.89 50.12
17.07 50.12
17.07 50.12
17.07 50.12
17.80 50.12
17.80 50.12
17.80 50.12
15.43 50.30
15.43 50.30
15.43 50.30
15.61 50.30
15.61 50.30
15.61 50.30
15.79 50.30
15.79 50.30
15.79 50.30
16.52 50.30
16.52 50.30
16.52 50.30
17.44 50.30
17.44 50.30
17.44 50.30
17.62 50.30
17.62 50.30
17.62 50.30
17.80 50.30
17.80 50.30
17.80 50.30
16.34 50.48
16.34 50.48
16.34 50.48
17.07 50.48
17.07 50.48
17.07 50.48
17.25 50.48
17.25 50.48
17.25 50.48
17.62 50.48
17.62 50.48
17.62 50.48
17.80 50.48
17.80 50.48
17.80 50.48
17.98 50.48
17.98 50.48
17.98 50.48
16.16 50.66
16.16 50.66
16.16 50.66
16.52 50.66
16.52 50.66
16.52 50.66
16.89 50.66
16.89 50.66
16.89 50.66
17.80 50.66
17.80 50.66
17.80 50.66
17.44 50.85
17.44 50.85
17.44 50.85
17.98 50.85
17.98 50.85
17.98 50.85
17.80 51.03
17.80 51.03
17.80 51.03
15.98 51.21
15.98 51.21
15.98 51.21
15.43 51.40
15.43 51.40
15.43 51.40
15.61 51.40
15.61 51.40
15.61 51.40
15.98 51.58
15.98 51.58
15.98 51.58
14.70 51.76
14.70 51.76
14.70 51.76
15.06 51.76
15.06 51.76
15.06 51.76
15.25 51.76
15.25 51.76
15.25 51.76
15.61 51.76
15.61 51.76
15.61 51.76
15.98 51.76
15.98 51.76
15.98 51.76
14.70 51.94
14.70 51.94
14.70 51.94
14.88 51.94
14.88 51.94
14.88 51.94
15.25 51.94
15.25 51.94
15.25 51.94
15.43 51.94
15.43 51.94
15.43 51.94
15.79 51.94
15.79 51.94
15.79 51.94
15.98 51.94
15.98 51.94
15.98 51.94
15.43 52.13
15.43 52.13
15.43 52.13
