12.14 -51.40
12.14 -51.40
12.14 -51.40
11.59 -51.21
11.59 -51.21
11.59 -51.21
11.78 -51.21
11.78 -51.21
11.78 -51.21
12.51 -51.21
12.51 -51.21
12.51 -51.21
12.32 -51.03
12.32 -51.03
12.32 -51.03
11.96 -50.85
11.96 -50.85
11.96 -50.85
12.14 -50.85
12.14 -50.85
12.14 -50.85
11.59 -50.48
11.59 -50.48
11.59 -50.48
12.14 -50.48
12.14 -50.48
12.14 -50.48
11.59 -50.30
11.59 -50.30
11.59 -50.30
11.96 -50.30
11.96 -50.30
11.96 -50.30
12.14 -50.30
12.14 -50.30
12.14 -50.30
11.78 -50.12
11.78 -50.12
11.78 -50.12
11.78 -49.93
11.78 -49.93
11.78 -49.93
11.96 -49.93
11.96 -49.93
11.96 -49.93
12.32 -49.93
12.32 -49.93
12.32 -49.93
12.69 -49.93
12.69 -49.93
12.69 -49.93
12.14 -49.75
12.14 -49.75
12.14 -49.75
12.51 -49.57
12.51 -49.57
12.51 -49.57
12.14 -49.39
12.14 -49.39
12.14 -49.39
12.69 -49.39
12.69 -49.39
12.69 -49.39
12.32 -49.20
12.32 -49.20
12.32 -49.20
12.69 -49.20
12.69 -49.20
12.69 -49.20
13.42 -48.11
13.42 -48.11
13.42 -48.11
15.06 -48.11
15.06 -48.11
15.06 -48.11
15.43 -47.20
15.43 -47.20
15.43 -47.20
14.15 -47.01
14.15 -47.01
14.15 -47.01
14.33 -47.01
14.33 -47.01
14.33 -47.01
14.70 -47.01
14.70 -47.01
14.70 -47.01
14.88 -47.01
14.88 -47.01
14.88 -47.01
15.06 -47.01
15.06 -47.01
15.06 -47.01
15.25 -47.01
15.25 -47.01
15.25 -47.01
14.15 -46.83
14.15 -46.83
14.15 -46.83
14.33 -46.65
14.33 -46.65
14.33 -46.65
14.70 -46.65
14.70 -46.65
14.70 -46.65
14.33 -46.47
14.33 -46.47
14.33 -46.47
14.70 -46.47
14.70 -46.47
14.70 -46.47
14.70 -46.28
14.70 -46.28
14.70 -46.28
14.51 -46.10
14.51 -46.10
14.51 -46.10
14.70 -46.10
14.70 -46.10
14.70 -46.10
16.16 -46.10
16.16 -46.10
16.16 -46.10
16.34 -46.10
16.34 -46.10
16.34 -46.10
16.52 -46.10
16.52 -46.10
16.52 -46.10
14.33 -45.92
14.33 -45.92
14.33 -45.92
14.70 -45.92
14.70 -45.92
14.70 -45.92
16.34 -45.92
16.34 -45.92
16.34 -45.92
16.52 -45.92
16.52 -45.92
16.52 -45.92
14.15 -45.74
14.15 -45.74
14.15 -45.74
14.33 -45.74
14.33 -45.74
14.33 -45.74
16.16 -45.74
16.16 -45.74
16.16 -45.74
16.34 -45.74
16.34 -45.74
16.34 -45.74
14.15 -45.55
14.15 -45.55
14.15 -45.55
14.70 -45.55
14.70 -45.55
14.70 -45.55
16.52 -45.55
16.52 -45.55
16.52 -45.55
14.51 -45.37
14.51 -45.37
14.51 -45.37
14.70 -45.37
14.70 -45.37
14.70 -45.37
15.06 -45.37
15.06 -45.37
15.06 -45.37
15.25 -45.37
15.25 -45.37
15.25 -45.37
15.43 -45.37
15.43 -45.37
15.43 -45.37
15.61 -45.37
15.61 -45.37
15.61 -45.37
15.98 -45.37
15.98 -45.37
15.98 -45.37
16.16 -45.37
16.16 -45.37
16.16 -45.37
16.34 -45.37
16.34 -45.37
16.34 -45.37
16.52 -45.37
16.52 -45.37
16.52 -45.37
16.89 -45.37
16.89 -45.37
16.89 -45.37
17.07 -45.37
17.07 -45.37
17.07 -45.37
15.06 -45.19
15.06 -45.19
15.06 -45.19
15.25 -45.19
15.25 -45.19
15.25 -45.19
15.43 -45.19
15.43 -45.19
15.43 -45.19
15.61 -45.19
15.61 -45.19
15.61 -45.19
16.16 -45.19
16.16 -45.19
16.16 -45.19
16.71 -45.19
16.71 -45.19
16.71 -45.19
17.07 -45.19
17.07 -45.19
17.07 -45.19
17.25 -45.19
17.25 -45.19
17.25 -45.19
14.33 -45.01
14.33 -45.01
14.33 -45.01
14.70 -45.01
14.70 -45.01
14.70 -45.01
14.88 -45.01
14.88 -45.01
14.88 -45.01
15.06 -45.01
15.06 -45.01
15.06 -45.01
15.79 -45.01
15.79 -45.01
15.79 -45.01
15.98 -45.01
15.98 -45.01
15.98 -45.01
16.16 -45.01
16.16 -45.01
16.16 -45.01
16.34 -45.01
16.34 -45.01
16.34 -45.01
16.71 -45.01
16.71 -45.01
16.71 -45.01
16.89 -45.01
16.89 -45.01
16.89 -45.01
15.25 -44.82
15.25 -44.82
15.25 -44.82
16.34 -44.82
16.34 -44.82
16.34 -44.82
16.89 -44.82
16.89 -44.82
16.89 -44.82
17.07 -44.82
17.07 -44.82
17.07 -44.82
17.25 -44.82
17.25 -44.82
17.25 -44.82
14.70 -44.64
14.70 -44.64
14.70 -44.64
14.88 -44.64
14.88 -44.64
14.88 -44.64
15.61 -44.64
15.61 -44.64
15.61 -44.64
16.34 -44.64
16.34 -44.64
16.34 -44.64
16.52 -44.64
16.52 -44.64
16.52 -44.64
16.71 -44.64
16.71 -44.64
16.71 -44.64
14.70 -44.46
14.70 -44.46
14.70 -44.46
15.06 -44.46
15.06 -44.46
15.06 -44.46
16.16 -44.46
16.16 -44.46
16.16 -44.46
16.34 -44.46
16.34 -44.46
16.34 -44.46
16.89 -44.46
16.89 -44.46
16.89 -44.46
17.25 -44.46
17.25 -44.46
17.25 -44.46
14.88 -44.27
14.88 -44.27
14.88 -44.27
15.06 -44.27
15.06 -44.27
15.06 -44.27
16.16 -44.27
16.16 -44.27
16.16 -44.27
16.34 -44.27
16.34 -44.27
16.34 -44.27
16.52 -44.27
16.52 -44.27
16.52 -44.27
16.71 -44.27
16.71 -44.27
16.71 -44.27
17.25 -44.27
17.25 -44.27
17.25 -44.27
14.70 -44.09
14.70 -44.09
14.70 -44.09
14.88 -44.09
14.88 -44.09
14.88 -44.09
15.06 -44.09
15.06 -44.09
15.06 -44.09
15.25 -44.09
15.25 -44.09
15.25 -44.09
15.43 -44.09
15.43 -44.09
15.43 -44.09
15.61 -44.09
15.61 -44.09
15.61 -44.09
15.79 -44.09
15.79 -44.09
15.79 -44.09
14.70 -43.91
14.70 -43.91
14.70 -43.91
15.06 -43.91
15.06 -43.91
15.06 -43.91
15.25 -43.91
15.25 -43.91
15.25 -43.91
15.79 -43.91
15.79 -43.91
15.79 -43.91
15.98 -43.91
15.98 -43.91
15.98 -43.91
16.16 -43.91
16.16 -43.91
16.16 -43.91
16.89 -43.91
16.89 -43.91
16.89 -43.91
15.98 -43.73
15.98 -43.73
15.98 -43.73
16.16 -43.73
16.16 -43.73
16.16 -43.73
16.34 -43.73
16.34 -43.73
16.34 -43.73
16.52 -43.73
16.52 -43.73
16.52 -43.73
16.71 -43.73
16.71 -43.73
16.71 -43.73
17.07 -43.73
17.07 -43.73
17.07 -43.73
17.25 -43.73
17.25 -43.73
17.25 -43.73
15.43 -43.54
15.43 -43.54
15.43 -43.54
15.61 -43.54
15.61 -43.54
15.61 -43.54
16.52 -43.54
16.52 -43.54
16.52 -43.54
16.71 -43.54
16.71 -43.54
16.71 -43.54
16.89 -43.54
16.89 -43.54
16.89 -43.54
17.07 -43.54
17.07 -43.54
17.07 -43.54
15.43 -43.36
15.43 -43.36
15.43 -43.36
15.61 -43.36
15.61 -43.36
15.61 -43.36
15.79 -43.36
15.79 -43.36
15.79 -43.36
15.98 -43.36
15.98 -43.36
15.98 -43.36
16.16 -43.36
16.16 -43.36
16.16 -43.36
16.34 -43.36
16.34 -43.36
16.34 -43.36
17.07 -43.36
17.07 -43.36
17.07 -43.36
17.25 -43.36
17.25 -43.36
17.25 -43.36
17.44 -43.36
17.44 -43.36
17.44 -43.36
17.80 -43.36
17.80 -43.36
17.80 -43.36
15.61 -43.18
15.61 -43.18
15.61 -43.18
15.79 -43.18
15.79 -43.18
15.79 -43.18
15.98 -43.18
15.98 -43.18
15.98 -43.18
17.44 -43.18
17.44 -43.18
17.44 -43.18
15.43 -43.00
15.43 -43.00
15.43 -43.00
15.61 -43.00
15.61 -43.00
15.61 -43.00
15.79 -43.00
15.79 -43.00
15.79 -43.00
17.44 -43.00
17.44 -43.00
17.44 -43.00
17.62 -43.00
17.62 -43.00
17.62 -43.00
17.80 -43.00
17.80 -43.00
17.80 -43.00
15.79 -42.81
15.79 -42.81
15.79 -42.81
15.98 -42.81
15.98 -42.81
15.98 -42.81
17.44 -42.81
17.44 -42.81
17.44 -42.81
15.43 -42.63
15.43 -42.63
15.43 -42.63
15.61 -42.63
15.61 -42.63
15.61 -42.63
16.89 -42.63
16.89 -42.63
16.89 -42.63
17.62 -42.63
17.62 -42.63
17.62 -42.63
17.80 -42.63
17.80 -42.63
17.80 -42.63
15.43 -42.45
15.43 -42.45
15.43 -42.45
15.79 -42.45
15.79 -42.45
15.79 -42.45
16.34 -42.45
16.34 -42.45
16.34 -42.45
17.25 -42.45
17.25 -42.45
17.25 -42.45
15.43 -42.27
15.43 -42.27
15.43 -42.27
15.79 -42.27
15.79 -42.27
15.79 -42.27
15.98 -42.27
15.98 -42.27
15.98 -42.27
16.71 -42.27
16.71 -42.27
16.71 -42.27
16.89 -42.27
16.89 -42.27
16.89 -42.27
17.07 -42.27
17.07 -42.27
17.07 -42.27
17.25 -42.27
17.25 -42.27
17.25 -42.27
15.43 -42.08
15.43 -42.08
15.43 -42.08
15.61 -42.08
15.61 -42.08
15.61 -42.08
15.79 -42.08
15.79 -42.08
15.79 -42.08
16.34 -42.08
16.34 -42.08
16.34 -42.08
16.52 -42.08
16.52 -42.08
16.52 -42.08
17.44 -42.08
17.44 -42.08
17.44 -42.08
17.62 -42.08
17.62 -42.08
17.62 -42.08
17.80 -42.08
17.80 -42.08
17.80 -42.08
15.43 -41.90
15.43 -41.90
15.43 -41.90
15.61 -41.90
15.61 -41.90
15.61 -41.90
15.79 -41.90
15.79 -41.90
15.79 -41.90
15.98 -41.90
15.98 -41.90
15.98 -41.90
16.16 -41.90
16.16 -41.90
16.16 -41.90
16.71 -41.90
16.71 -41.90
16.71 -41.90
17.07 -41.90
17.07 -41.90
17.07 -41.90
17.25 -41.90
17.25 -41.90
17.25 -41.90
18.17 -41.90
18.17 -41.90
18.17 -41.90
15.43 -41.72
15.43 -41.72
15.43 -41.72
15.61 -41.72
15.61 -41.72
15.61 -41.72
15.98 -41.72
15.98 -41.72
15.98 -41.72
16.16 -41.72
16.16 -41.72
16.16 -41.72
16.34 -41.72
16.34 -41.72
16.34 -41.72
16.52 -41.72
16.52 -41.72
16.52 -41.72
16.71 -41.72
16.71 -41.72
16.71 -41.72
17.07 -41.72
17.07 -41.72
17.07 -41.72
18.35 -41.72
18.35 -41.72
18.35 -41.72
15.43 -41.54
15.43 -41.54
15.43 -41.54
15.61 -41.54
15.61 -41.54
15.61 -41.54
15.79 -41.54
15.79 -41.54
15.79 -41.54
15.98 -41.54
15.98 -41.54
15.98 -41.54
16.16 -41.54
16.16 -41.54
16.16 -41.54
16.34 -41.54
16.34 -41.54
16.34 -41.54
16.52 -41.54
16.52 -41.54
16.52 -41.54
16.71 -41.54
16.71 -41.54
16.71 -41.54
16.89 -41.54
16.89 -41.54
16.89 -41.54
17.07 -41.54
17.07 -41.54
17.07 -41.54
17.44 -41.54
17.44 -41.54
17.44 -41.54
17.62 -41.54
17.62 -41.54
17.62 -41.54
17.80 -41.54
17.80 -41.54
17.80 -41.54
17.98 -41.54
17.98 -41.54
17.98 -41.54
15.43 -41.35
15.43 -41.35
15.43 -41.35
15.61 -41.35
15.61 -41.35
15.61 -41.35
15.79 -41.35
15.79 -41.35
15.79 -41.35
15.98 -41.35
15.98 -41.35
15.98 -41.35
16.16 -41.35
16.16 -41.35
16.16 -41.35
16.34 -41.35
16.34 -41.35
16.34 -41.35
16.52 -41.35
16.52 -41.35
16.52 -41.35
16.71 -41.35
16.71 -41.35
16.71 -41.35
16.89 -41.35
16.89 -41.35
16.89 -41.35
17.07 -41.35
17.07 -41.35
17.07 -41.35
17.25 -41.35
17.25 -41.35
17.25 -41.35
17.44 -41.35
17.44 -41.35
17.44 -41.35
17.62 -41.35
17.62 -41.35
17.62 -41.35
17.80 -41.35
17.80 -41.35
17.80 -41.35
17.98 -41.35
17.98 -41.35
17.98 -41.35
15.61 -41.17
15.61 -41.17
15.61 -41.17
15.79 -41.17
15.79 -41.17
15.79 -41.17
15.98 -41.17
15.98 -41.17
15.98 -41.17
16.16 -41.17
16.16 -41.17
16.16 -41.17
16.34 -41.17
16.34 -41.17
16.34 -41.17
16.52 -41.17
16.52 -41.17
16.52 -41.17
16.89 -41.17
16.89 -41.17
16.89 -41.17
17.07 -41.17
17.07 -41.17
17.07 -41.17
17.25 -41.17
17.25 -41.17
17.25 -41.17
17.44 -41.17
17.44 -41.17
17.44 -41.17
17.62 -41.17
17.62 -41.17
17.62 -41.17
17.80 -41.17
17.80 -41.17
17.80 -41.17
17.98 -41.17
17.98 -41.17
17.98 -41.17
18.17 -41.17
18.17 -41.17
18.17 -41.17
18.35 -41.17
18.35 -41.17
18.35 -41.17
15.43 -40.99
15.43 -40.99
15.43 -40.99
15.61 -40.99
15.61 -40.99
15.61 -40.99
15.79 -40.99
15.79 -40.99
15.79 -40.99
15.98 -40.99
15.98 -40.99
15.98 -40.99
16.16 -40.99
16.16 -40.99
16.16 -40.99
16.34 -40.99
16.34 -40.99
16.34 -40.99
16.52 -40.99
16.52 -40.99
16.52 -40.99
16.71 -40.99
16.71 -40.99
16.71 -40.99
17.62 -40.99
17.62 -40.99
17.62 -40.99
17.80 -40.99
17.80 -40.99
17.80 -40.99
17.98 -40.99
17.98 -40.99
17.98 -40.99
18.17 -40.99
18.17 -40.99
18.17 -40.99
18.35 -40.99
18.35 -40.99
18.35 -40.99
15.43 -40.81
15.43 -40.81
15.43 -40.81
15.61 -40.81
15.61 -40.81
15.61 -40.81
15.79 -40.81
15.79 -40.81
15.79 -40.81
15.98 -40.81
15.98 -40.81
15.98 -40.81
16.16 -40.81
16.16 -40.81
16.16 -40.81
16.34 -40.81
16.34 -40.81
16.34 -40.81
16.52 -40.81
16.52 -40.81
16.52 -40.81
16.71 -40.81
16.71 -40.81
16.71 -40.81
17.80 -40.81
17.80 -40.81
17.80 -40.81
17.98 -40.81
17.98 -40.81
17.98 -40.81
18.17 -40.81
18.17 -40.81
18.17 -40.81
18.35 -40.81
18.35 -40.81
18.35 -40.81
15.43 -40.62
15.43 -40.62
15.43 -40.62
16.52 -40.62
16.52 -40.62
16.52 -40.62
16.71 -40.62
16.71 -40.62
16.71 -40.62
17.80 -40.62
17.80 -40.62
17.80 -40.62
17.98 -40.62
17.98 -40.62
17.98 -40.62
18.17 -40.62
18.17 -40.62
18.17 -40.62
18.35 -40.62
18.35 -40.62
18.35 -40.62
16.52 -40.44
16.52 -40.44
16.52 -40.44
16.71 -40.44
16.71 -40.44
16.71 -40.44
16.89 -40.44
16.89 -40.44
16.89 -40.44
18.35 -40.44
18.35 -40.44
18.35 -40.44
16.16 -40.26
16.16 -40.26
16.16 -40.26
16.34 -40.26
16.34 -40.26
16.34 -40.26
16.52 -40.26
16.52 -40.26
16.52 -40.26
16.71 -40.26
16.71 -40.26
16.71 -40.26
16.89 -40.26
16.89 -40.26
16.89 -40.26
17.07 -40.26
17.07 -40.26
17.07 -40.26
17.25 -40.26
17.25 -40.26
17.25 -40.26
15.43 -40.08
15.43 -40.08
15.43 -40.08
15.61 -40.08
15.61 -40.08
15.61 -40.08
15.79 -40.08
15.79 -40.08
15.79 -40.08
15.98 -40.08
15.98 -40.08
15.98 -40.08
16.16 -40.08
16.16 -40.08
16.16 -40.08
16.34 -40.08
16.34 -40.08
16.34 -40.08
16.52 -40.08
16.52 -40.08
16.52 -40.08
16.89 -40.08
16.89 -40.08
16.89 -40.08
17.07 -40.08
17.07 -40.08
17.07 -40.08
17.44 -40.08
17.44 -40.08
17.44 -40.08
17.62 -40.08
17.62 -40.08
17.62 -40.08
17.80 -40.08
17.80 -40.08
17.80 -40.08
18.17 -40.08
18.17 -40.08
18.17 -40.08
15.43 -39.89
15.43 -39.89
15.43 -39.89
15.61 -39.89
15.61 -39.89
15.61 -39.89
15.79 -39.89
15.79 -39.89
15.79 -39.89
17.07 -39.89
17.07 -39.89
17.07 -39.89
17.25 -39.89
17.25 -39.89
17.25 -39.89
17.44 -39.89
17.44 -39.89
17.44 -39.89
17.80 -39.71
17.80 -39.71
17.80 -39.71
16.16 -39.53
16.16 -39.53
16.16 -39.53
16.34 -39.53
16.34 -39.53
16.34 -39.53
16.52 -39.53
16.52 -39.53
16.52 -39.53
16.71 -39.53
16.71 -39.53
16.71 -39.53
16.89 -39.53
16.89 -39.53
16.89 -39.53
17.07 -39.53
17.07 -39.53
17.07 -39.53
17.25 -39.53
17.25 -39.53
17.25 -39.53
17.44 -39.53
17.44 -39.53
17.44 -39.53
17.62 -39.53
17.62 -39.53
17.62 -39.53
16.16 -39.35
16.16 -39.35
16.16 -39.35
16.34 -39.35
16.34 -39.35
16.34 -39.35
16.52 -39.35
16.52 -39.35
16.52 -39.35
16.71 -39.35
16.71 -39.35
16.71 -39.35
16.89 -39.35
16.89 -39.35
16.89 -39.35
17.80 -39.35
17.80 -39.35
17.80 -39.35
17.44 -39.16
17.44 -39.16
17.44 -39.16
16.89 -38.98
16.89 -38.98
16.89 -38.98
17.80 -38.98
17.80 -38.98
17.80 -38.98
14.70 -38.80
14.70 -38.80
14.70 -38.80
14.88 -38.80
14.88 -38.80
14.88 -38.80
15.06 -38.80
15.06 -38.80
15.06 -38.80
15.79 -38.80
15.79 -38.80
15.79 -38.80
15.98 -38.80
15.98 -38.80
15.98 -38.80
16.16 -38.80
16.16 -38.80
16.16 -38.80
16.34 -38.80
16.34 -38.80
16.34 -38.80
16.52 -38.80
16.52 -38.80
16.52 -38.80
16.71 -38.80
16.71 -38.80
16.71 -38.80
17.07 -38.80
17.07 -38.80
17.07 -38.80
17.25 -38.80
17.25 -38.80
17.25 -38.80
17.44 -38.80
17.44 -38.80
17.44 -38.80
17.62 -38.80
17.62 -38.80
17.62 -38.80
17.80 -38.80
17.80 -38.80
17.80 -38.80
14.70 -38.61
14.70 -38.61
14.70 -38.61
14.88 -38.61
14.88 -38.61
14.88 -38.61
15.25 -38.61
15.25 -38.61
15.25 -38.61
15.43 -38.61
15.43 -38.61
15.43 -38.61
15.61 -38.61
15.61 -38.61
15.61 -38.61
15.79 -38.61
15.79 -38.61
15.79 -38.61
17.07 -38.61
17.07 -38.61
17.07 -38.61
17.44 -38.61
17.44 -38.61
17.44 -38.61
17.80 -38.61
17.80 -38.61
17.80 -38.61
15.25 -38.43
15.25 -38.43
15.25 -38.43
15.43 -38.43
15.43 -38.43
15.43 -38.43
15.61 -38.43
15.61 -38.43
15.61 -38.43
15.79 -38.43
15.79 -38.43
15.79 -38.43
15.98 -38.43
15.98 -38.43
15.98 -38.43
16.16 -38.43
16.16 -38.43
16.16 -38.43
16.34 -38.43
16.34 -38.43
16.34 -38.43
16.52 -38.43
16.52 -38.43
16.52 -38.43
16.71 -38.43
16.71 -38.43
16.71 -38.43
16.89 -38.43
16.89 -38.43
16.89 -38.43
17.07 -38.43
17.07 -38.43
17.07 -38.43
17.62 -38.43
17.62 -38.43
17.62 -38.43
17.80 -38.43
17.80 -38.43
17.80 -38.43
14.70 -38.25
14.70 -38.25
14.70 -38.25
15.98 -38.25
15.98 -38.25
15.98 -38.25
16.16 -38.25
16.16 -38.25
16.16 -38.25
16.34 -38.25
16.34 -38.25
16.34 -38.25
16.52 -38.25
16.52 -38.25
16.52 -38.25
16.71 -38.25
16.71 -38.25
16.71 -38.25
14.88 -38.07
14.88 -38.07
14.88 -38.07
15.06 -38.07
15.06 -38.07
15.06 -38.07
15.25 -38.07
15.25 -38.07
15.25 -38.07
15.98 -38.07
15.98 -38.07
15.98 -38.07
16.16 -38.07
16.16 -38.07
16.16 -38.07
16.34 -38.07
16.34 -38.07
16.34 -38.07
16.52 -38.07
16.52 -38.07
16.52 -38.07
16.71 -38.07
16.71 -38.07
16.71 -38.07
16.89 -38.07
16.89 -38.07
16.89 -38.07
17.07 -38.07
17.07 -38.07
17.07 -38.07
14.88 -37.88
14.88 -37.88
14.88 -37.88
15.43 -37.88
15.43 -37.88
15.43 -37.88
15.61 -37.88
15.61 -37.88
15.61 -37.88
15.79 -37.88
15.79 -37.88
15.79 -37.88
15.98 -37.88
15.98 -37.88
15.98 -37.88
16.16 -37.88
16.16 -37.88
16.16 -37.88
16.34 -37.88
16.34 -37.88
16.34 -37.88
16.52 -37.88
16.52 -37.88
16.52 -37.88
16.71 -37.88
16.71 -37.88
16.71 -37.88
16.89 -37.88
16.89 -37.88
16.89 -37.88
14.70 -37.70
14.70 -37.70
14.70 -37.70
15.06 -37.70
15.06 -37.70
15.06 -37.70
15.25 -37.70
15.25 -37.70
15.25 -37.70
15.43 -37.70
15.43 -37.70
15.43 -37.70
15.61 -37.70
15.61 -37.70
15.61 -37.70
15.79 -37.70
15.79 -37.70
15.79 -37.70
15.98 -37.70
15.98 -37.70
15.98 -37.70
16.16 -37.70
16.16 -37.70
16.16 -37.70
16.89 -37.70
16.89 -37.70
16.89 -37.70
17.07 -37.70
17.07 -37.70
17.07 -37.70
14.15 -37.52
14.15 -37.52
14.15 -37.52
14.33 -37.52
14.33 -37.52
14.33 -37.52
14.15 -37.34
14.15 -37.34
14.15 -37.34
14.33 -37.34
14.33 -37.34
14.33 -37.34
14.70 -37.34
14.70 -37.34
14.70 -37.34
14.88 -37.34
14.88 -37.34
14.88 -37.34
15.06 -37.34
15.06 -37.34
15.06 -37.34
16.89 -37.34
16.89 -37.34
16.89 -37.34
14.70 -37.15
14.70 -37.15
14.70 -37.15
15.25 -37.15
15.25 -37.15
15.25 -37.15
15.43 -37.15
15.43 -37.15
15.43 -37.15
16.52 -37.15
16.52 -37.15
16.52 -37.15
14.15 -36.97
14.15 -36.97
14.15 -36.97
14.33 -36.97
14.33 -36.97
14.33 -36.97
14.70 -36.97
14.70 -36.97
14.70 -36.97
15.61 -36.97
15.61 -36.97
15.61 -36.97
15.79 -36.97
15.79 -36.97
15.79 -36.97
16.34 -36.97
16.34 -36.97
16.34 -36.97
14.15 -36.79
14.15 -36.79
14.15 -36.79
14.33 -36.79
14.33 -36.79
14.33 -36.79
14.70 -36.79
14.70 -36.79
14.70 -36.79
16.16 -36.79
16.16 -36.79
16.16 -36.79
16.34 -36.79
16.34 -36.79
16.34 -36.79
15.06 -36.61
15.06 -36.61
15.06 -36.61
15.25 -36.61
15.25 -36.61
15.25 -36.61
15.43 -36.61
15.43 -36.61
15.43 -36.61
15.61 -36.61
15.61 -36.61
15.61 -36.61
15.79 -36.61
15.79 -36.61
15.79 -36.61
15.98 -36.61
15.98 -36.61
15.98 -36.61
16.16 -36.61
16.16 -36.61
16.16 -36.61
16.52 -36.61
16.52 -36.61
16.52 -36.61
15.06 -36.42
15.06 -36.42
15.06 -36.42
15.43 -36.42
15.43 -36.42
15.43 -36.42
15.61 -36.42
15.61 -36.42
15.61 -36.42
15.98 -36.42
15.98 -36.42
15.98 -36.42
16.34 -36.42
16.34 -36.42
16.34 -36.42
14.15 -36.24
14.15 -36.24
14.15 -36.24
14.51 -36.24
14.51 -36.24
14.51 -36.24
15.06 -36.24
15.06 -36.24
15.06 -36.24
15.43 -36.24
15.43 -36.24
15.43 -36.24
15.61 -36.24
15.61 -36.24
15.61 -36.24
13.42 -36.06
13.42 -36.06
13.42 -36.06
14.51 -36.06
14.51 -36.06
14.51 -36.06
15.06 -36.06
15.06 -36.06
15.06 -36.06
15.25 -36.06
15.25 -36.06
15.25 -36.06
15.61 -36.06
15.61 -36.06
15.61 -36.06
15.79 -36.06
15.79 -36.06
15.79 -36.06
13.42 -35.88
13.42 -35.88
13.42 -35.88
13.60 -35.88
13.60 -35.88
13.60 -35.88
14.51 -35.88
14.51 -35.88
14.51 -35.88
15.06 -35.88
15.06 -35.88
15.06 -35.88
15.61 -35.88
15.61 -35.88
15.61 -35.88
13.60 -35.69
13.60 -35.69
13.60 -35.69
13.97 -35.69
13.97 -35.69
13.97 -35.69
14.33 -35.69
14.33 -35.69
14.33 -35.69
14.51 -35.69
14.51 -35.69
14.51 -35.69
14.70 -35.69
14.70 -35.69
14.70 -35.69
13.42 -35.51
13.42 -35.51
13.42 -35.51
13.60 -35.51
13.60 -35.51
13.60 -35.51
13.97 -35.51
13.97 -35.51
13.97 -35.51
14.15 -35.51
14.15 -35.51
14.15 -35.51
15.25 -35.51
15.25 -35.51
15.25 -35.51
15.79 -35.51
15.79 -35.51
15.79 -35.51
12.87 -35.33
12.87 -35.33
12.87 -35.33
13.05 -35.33
13.05 -35.33
13.05 -35.33
13.78 -35.33
13.78 -35.33
13.78 -35.33
13.97 -35.33
13.97 -35.33
13.97 -35.33
14.15 -35.33
14.15 -35.33
14.15 -35.33
14.33 -35.33
14.33 -35.33
14.33 -35.33
14.51 -35.33
14.51 -35.33
14.51 -35.33
14.70 -35.33
14.70 -35.33
14.70 -35.33
12.69 -35.15
12.69 -35.15
12.69 -35.15
13.24 -35.15
13.24 -35.15
13.24 -35.15
13.42 -35.15
13.42 -35.15
13.42 -35.15
13.60 -35.15
13.60 -35.15
13.60 -35.15
13.78 -35.15
13.78 -35.15
13.78 -35.15
15.25 -35.15
15.25 -35.15
15.25 -35.15
12.69 -34.96
12.69 -34.96
12.69 -34.96
13.24 -34.96
13.24 -34.96
13.24 -34.96
13.78 -34.96
13.78 -34.96
13.78 -34.96
13.97 -34.96
13.97 -34.96
13.97 -34.96
12.87 -34.78
12.87 -34.78
12.87 -34.78
13.24 -34.78
13.24 -34.78
13.24 -34.78
13.42 -34.78
13.42 -34.78
13.42 -34.78
13.60 -34.78
13.60 -34.78
13.60 -34.78
13.97 -34.78
13.97 -34.78
13.97 -34.78
14.15 -34.78
14.15 -34.78
14.15 -34.78
14.51 -34.78
14.51 -34.78
14.51 -34.78
14.70 -34.78
14.70 -34.78
14.70 -34.78
14.88 -34.78
14.88 -34.78
14.88 -34.78
15.06 -34.78
15.06 -34.78
15.06 -34.78
15.25 -34.78
15.25 -34.78
15.25 -34.78
12.69 -34.60
12.69 -34.60
12.69 -34.60
12.87 -34.60
12.87 -34.60
12.87 -34.60
13.60 -34.60
13.60 -34.60
13.60 -34.60
14.51 -34.60
14.51 -34.60
14.51 -34.60
14.70 -34.60
14.70 -34.60
14.70 -34.60
12.69 -34.42
12.69 -34.42
12.69 -34.42
13.05 -34.42
13.05 -34.42
13.05 -34.42
13.24 -34.42
13.24 -34.42
13.24 -34.42
14.88 -34.42
14.88 -34.42
14.88 -34.42
12.69 -34.23
12.69 -34.23
12.69 -34.23
14.70 -34.23
14.70 -34.23
14.70 -34.23
13.05 -34.05
13.05 -34.05
13.05 -34.05
13.05 -33.87
13.05 -33.87
13.05 -33.87
13.24 -33.87
13.24 -33.87
13.24 -33.87
13.42 -33.87
13.42 -33.87
13.42 -33.87
14.15 -33.87
14.15 -33.87
14.15 -33.87
14.33 -33.87
14.33 -33.87
14.33 -33.87
12.69 -33.69
12.69 -33.69
12.69 -33.69
12.87 -33.69
12.87 -33.69
12.87 -33.69
13.78 -33.69
13.78 -33.69
13.78 -33.69
13.97 -33.69
13.97 -33.69
13.97 -33.69
14.15 -33.69
14.15 -33.69
14.15 -33.69
13.05 -33.50
13.05 -33.50
13.05 -33.50
13.24 -33.50
13.24 -33.50
13.24 -33.50
13.42 -33.50
13.42 -33.50
13.42 -33.50
13.60 -33.50
13.60 -33.50
13.60 -33.50
13.78 -33.50
13.78 -33.50
13.78 -33.50
14.33 -33.50
14.33 -33.50
14.33 -33.50
14.51 -33.50
14.51 -33.50
14.51 -33.50
13.05 -33.32
13.05 -33.32
13.05 -33.32
13.24 -33.32
13.24 -33.32
13.24 -33.32
13.97 -33.32
13.97 -33.32
13.97 -33.32
14.15 -33.32
14.15 -33.32
14.15 -33.32
14.33 -33.32
14.33 -33.32
14.33 -33.32
13.05 -33.14
13.05 -33.14
13.05 -33.14
13.24 -33.14
13.24 -33.14
13.24 -33.14
13.78 -33.14
13.78 -33.14
13.78 -33.14
13.97 -33.14
13.97 -33.14
13.97 -33.14
14.51 -33.14
14.51 -33.14
14.51 -33.14
12.69 -32.96
12.69 -32.96
12.69 -32.96
12.87 -32.96
12.87 -32.96
12.87 -32.96
14.15 -32.96
14.15 -32.96
14.15 -32.96
14.51 -32.96
14.51 -32.96
14.51 -32.96
12.87 -32.77
12.87 -32.77
12.87 -32.77
13.05 -32.77
13.05 -32.77
13.05 -32.77
13.60 -32.77
13.60 -32.77
13.60 -32.77
13.78 -32.77
13.78 -32.77
13.78 -32.77
13.97 -32.77
13.97 -32.77
13.97 -32.77
14.15 -32.77
14.15 -32.77
14.15 -32.77
12.69 -32.59
12.69 -32.59
12.69 -32.59
12.87 -32.59
12.87 -32.59
12.87 -32.59
13.05 -32.59
13.05 -32.59
13.05 -32.59
13.24 -32.59
13.24 -32.59
13.24 -32.59
13.97 -32.59
13.97 -32.59
13.97 -32.59
14.15 -32.59
14.15 -32.59
14.15 -32.59
13.60 -32.41
13.60 -32.41
13.60 -32.41
13.78 -32.41
13.78 -32.41
13.78 -32.41
14.15 -32.41
14.15 -32.41
14.15 -32.41
14.51 -32.41
14.51 -32.41
14.51 -32.41
12.69 -32.22
12.69 -32.22
12.69 -32.22
12.87 -32.22
12.87 -32.22
12.87 -32.22
13.05 -32.22
13.05 -32.22
13.05 -32.22
13.60 -32.22
13.60 -32.22
13.60 -32.22
14.51 -32.22
14.51 -32.22
14.51 -32.22
12.14 -32.04
12.14 -32.04
12.14 -32.04
12.32 -32.04
12.32 -32.04
12.32 -32.04
12.51 -32.04
12.51 -32.04
12.51 -32.04
13.60 -32.04
13.60 -32.04
13.60 -32.04
14.15 -32.04
14.15 -32.04
14.15 -32.04
14.51 -32.04
14.51 -32.04
14.51 -32.04
12.14 -31.86
12.14 -31.86
12.14 -31.86
13.97 -31.86
13.97 -31.86
13.97 -31.86
14.15 -31.86
14.15 -31.86
14.15 -31.86
14.51 -31.86
14.51 -31.86
14.51 -31.86
12.14 -31.68
12.14 -31.68
12.14 -31.68
12.32 -31.68
12.32 -31.68
12.32 -31.68
12.51 -31.68
12.51 -31.68
12.51 -31.68
13.97 -31.68
13.97 -31.68
13.97 -31.68
14.15 -31.68
14.15 -31.68
14.15 -31.68
14.51 -31.68
14.51 -31.68
14.51 -31.68
12.32 -31.49
12.32 -31.49
12.32 -31.49
14.51 -31.49
14.51 -31.49
14.51 -31.49
12.32 -31.31
12.32 -31.31
12.32 -31.31
12.51 -31.31
12.51 -31.31
12.51 -31.31
12.32 -31.13
12.32 -31.13
12.32 -31.13
12.51 -31.13
12.51 -31.13
12.51 -31.13
12.69 -31.13
12.69 -31.13
12.69 -31.13
12.87 -31.13
12.87 -31.13
12.87 -31.13
12.69 -30.95
12.69 -30.95
12.69 -30.95
12.87 -30.95
12.87 -30.95
12.87 -30.95
13.05 -30.95
13.05 -30.95
13.05 -30.95
13.24 -30.95
13.24 -30.95
13.24 -30.95
13.42 -30.95
13.42 -30.95
13.42 -30.95
13.97 -30.95
13.97 -30.95
13.97 -30.95
14.15 -30.95
14.15 -30.95
14.15 -30.95
12.51 -30.76
12.51 -30.76
12.51 -30.76
12.69 -30.76
12.69 -30.76
12.69 -30.76
13.78 -30.76
13.78 -30.76
13.78 -30.76
13.97 -30.76
13.97 -30.76
13.97 -30.76
14.15 -30.76
14.15 -30.76
14.15 -30.76
13.97 -30.58
13.97 -30.58
13.97 -30.58
14.15 -30.58
14.15 -30.58
14.15 -30.58
14.51 -30.58
14.51 -30.58
14.51 -30.58
14.15 -30.40
14.15 -30.40
14.15 -30.40
14.51 -30.40
14.51 -30.40
14.51 -30.40
12.32 -30.22
12.32 -30.22
12.32 -30.22
13.60 -30.22
13.60 -30.22
13.60 -30.22
13.78 -30.22
13.78 -30.22
13.78 -30.22
14.15 -30.22
14.15 -30.22
14.15 -30.22
14.51 -30.22
14.51 -30.22
14.51 -30.22
12.32 -30.03
12.32 -30.03
12.32 -30.03
12.51 -30.03
12.51 -30.03
12.51 -30.03
12.69 -30.03
12.69 -30.03
12.69 -30.03
12.87 -30.03
12.87 -30.03
12.87 -30.03
13.05 -30.03
13.05 -30.03
13.05 -30.03
13.24 -30.03
13.24 -30.03
13.24 -30.03
12.32 -29.85
12.32 -29.85
12.32 -29.85
12.69 -29.85
12.69 -29.85
12.69 -29.85
12.87 -29.85
12.87 -29.85
12.87 -29.85
13.05 -29.85
13.05 -29.85
13.05 -29.85
13.24 -29.85
13.24 -29.85
13.24 -29.85
13.60 -29.85
13.60 -29.85
13.60 -29.85
13.78 -29.85
13.78 -29.85
13.78 -29.85
13.42 -29.67
13.42 -29.67
13.42 -29.67
13.60 -29.49
13.60 -29.49
13.60 -29.49
13.42 -29.30
13.42 -29.30
13.42 -29.30
11.59 -29.12
11.59 -29.12
11.59 -29.12
11.96 -29.12
11.96 -29.12
11.96 -29.12
11.41 -28.94
11.41 -28.94
11.41 -28.94
13.78 -28.94
13.78 -28.94
13.78 -28.94
11.59 -28.76
11.59 -28.76
11.59 -28.76
13.42 -28.76
13.42 -28.76
13.42 -28.76
11.41 -28.57
11.41 -28.57
11.41 -28.57
11.78 -28.57
11.78 -28.57
11.78 -28.57
13.42 -28.57
13.42 -28.57
13.42 -28.57
13.78 -28.57
13.78 -28.57
13.78 -28.57
11.41 -28.39
11.41 -28.39
11.41 -28.39
11.78 -28.39
11.78 -28.39
11.78 -28.39
13.42 -28.39
13.42 -28.39
13.42 -28.39
11.59 -28.21
11.59 -28.21
11.59 -28.21
11.78 -28.21
11.78 -28.21
11.78 -28.21
11.96 -28.21
11.96 -28.21
11.96 -28.21
11.96 -28.03
11.96 -28.03
11.96 -28.03
12.14 -28.03
12.14 -28.03
12.14 -28.03
12.32 -28.03
12.32 -28.03
12.32 -28.03
12.51 -28.03
12.51 -28.03
12.51 -28.03
12.69 -28.03
12.69 -28.03
12.69 -28.03
12.87 -28.03
12.87 -28.03
12.87 -28.03
12.69 -27.84
12.69 -27.84
12.69 -27.84
13.05 -27.84
13.05 -27.84
13.05 -27.84
13.24 -27.84
13.24 -27.84
13.24 -27.84
12.14 -27.66
12.14 -27.66
12.14 -27.66
12.32 -27.66
12.32 -27.66
12.32 -27.66
12.51 -27.66
12.51 -27.66
12.51 -27.66
12.69 -27.66
12.69 -27.66
12.69 -27.66
13.05 -27.66
13.05 -27.66
13.05 -27.66
13.24 -27.66
13.24 -27.66
13.24 -27.66
12.14 -27.48
12.14 -27.48
12.14 -27.48
12.69 -27.48
12.69 -27.48
12.69 -27.48
12.14 -27.30
12.14 -27.30
12.14 -27.30
12.32 -27.30
12.32 -27.30
12.32 -27.30
12.51 -27.30
12.51 -27.30
12.51 -27.30
12.32 -27.11
12.32 -27.11
12.32 -27.11
12.51 -27.11
12.51 -27.11
12.51 -27.11
12.14 -26.93
12.14 -26.93
12.14 -26.93
12.32 -26.93
12.32 -26.93
12.32 -26.93
12.51 -26.93
12.51 -26.93
12.51 -26.93
1.73 -2.28
1.73 -2.28
1.73 -2.28
1.92 -2.28
1.92 -2.28
1.92 -2.28
1.92 -2.10
1.92 -2.10
1.92 -2.10
1.19 -1.92
1.19 -1.92
1.19 -1.92
1.37 -1.92
1.37 -1.92
1.37 -1.92
1.55 -1.92
1.55 -1.92
1.55 -1.92
1.73 -1.92
1.73 -1.92
1.73 -1.92
1.92 -1.92
1.92 -1.92
1.92 -1.92
2.28 -1.73
2.28 -1.73
2.28 -1.73
2.46 -1.73
2.46 -1.73
2.46 -1.73
2.65 -1.73
2.65 -1.73
2.65 -1.73
2.46 -1.37
2.46 -1.37
2.46 -1.37
3.01 -1.37
3.01 -1.37
3.01 -1.37
0.82 -1.19
0.82 -1.19
0.82 -1.19
2.46 -1.19
2.46 -1.19
2.46 -1.19
2.83 -1.19
2.83 -1.19
2.83 -1.19
0.27 -1.00
0.27 -1.00
0.27 -1.00
0.64 -1.00
0.64 -1.00
0.64 -1.00
2.46 -1.00
2.46 -1.00
2.46 -1.00
2.83 -1.00
2.83 -1.00
2.83 -1.00
3.01 -1.00
3.01 -1.00
3.01 -1.00
0.27 -0.82
0.27 -0.82
0.27 -0.82
0.46 -0.82
0.46 -0.82
0.46 -0.82
0.64 -0.82
0.64 -0.82
0.64 -0.82
0.64 -0.64
0.64 -0.64
0.64 -0.64
0.82 -0.64
0.82 -0.64
0.82 -0.64
1.92 -0.46
1.92 -0.46
1.92 -0.46
2.10 -0.46
2.10 -0.46
2.10 -0.46
2.46 -0.46
2.46 -0.46
2.46 -0.46
3.01 -0.46
3.01 -0.46
3.01 -0.46
0.27 -0.27
0.27 -0.27
0.27 -0.27
0.46 -0.27
0.46 -0.27
0.46 -0.27
0.64 -0.27
0.64 -0.27
0.64 -0.27
0.82 -0.27
0.82 -0.27
0.82 -0.27
1.00 -0.27
1.00 -0.27
1.00 -0.27
1.55 -0.27
1.55 -0.27
1.55 -0.27
1.92 -0.27
1.92 -0.27
1.92 -0.27
2.28 -0.27
2.28 -0.27
2.28 -0.27
2.46 -0.27
2.46 -0.27
2.46 -0.27
3.56 -0.27
3.56 -0.27
3.56 -0.27
1.00 -0.09
1.00 -0.09
1.00 -0.09
1.55 -0.09
1.55 -0.09
1.55 -0.09
2.10 -0.09
2.10 -0.09
2.10 -0.09
2.83 -0.09
2.83 -0.09
2.83 -0.09
3.20 -0.09
3.20 -0.09
3.20 -0.09
3.38 -0.09
3.38 -0.09
3.38 -0.09
3.56 -0.09
3.56 -0.09
3.56 -0.09
1.00 0.09
1.00 0.09
1.00 0.09
1.37 0.09
1.37 0.09
1.37 0.09
1.73 0.09
1.73 0.09
1.73 0.09
2.65 0.09
2.65 0.09
2.65 0.09
2.83 0.09
2.83 0.09
2.83 0.09
3.20 0.09
3.20 0.09
3.20 0.09
3.38 0.09
3.38 0.09
3.38 0.09
1.19 0.27
1.19 0.27
1.19 0.27
1.37 0.27
1.37 0.27
1.37 0.27
2.10 0.27
2.10 0.27
2.10 0.27
2.28 0.27
2.28 0.27
2.28 0.27
2.65 0.27
2.65 0.27
2.65 0.27
3.38 0.27
3.38 0.27
3.38 0.27
1.00 0.46
1.00 0.46
1.00 0.46
2.28 0.46
2.28 0.46
2.28 0.46
2.65 0.46
2.65 0.46
2.65 0.46
2.83 0.46
2.83 0.46
2.83 0.46
3.01 0.46
3.01 0.46
3.01 0.46
3.20 0.46
3.20 0.46
3.20 0.46
3.38 0.46
3.38 0.46
3.38 0.46
1.73 0.64
1.73 0.64
1.73 0.64
2.46 0.64
2.46 0.64
2.46 0.64
2.83 0.64
2.83 0.64
2.83 0.64
3.56 0.64
3.56 0.64
3.56 0.64
2.10 0.82
2.10 0.82
2.10 0.82
2.28 0.82
2.28 0.82
2.28 0.82
3.93 0.82
3.93 0.82
3.93 0.82
4.29 0.82
4.29 0.82
4.29 0.82
1.00 1.00
1.00 1.00
1.00 1.00
1.37 1.00
1.37 1.00
1.37 1.00
1.55 1.00
1.55 1.00
1.55 1.00
1.73 1.00
1.73 1.00
1.73 1.00
1.92 1.00
1.92 1.00
1.92 1.00
2.28 1.00
2.28 1.00
2.28 1.00
4.29 1.00
4.29 1.00
4.29 1.00
1.00 1.19
1.00 1.19
1.00 1.19
1.92 1.19
1.92 1.19
1.92 1.19
2.28 1.19
2.28 1.19
2.28 1.19
2.46 1.19
2.46 1.19
2.46 1.19
2.65 1.19
2.65 1.19
2.65 1.19
2.83 1.19
2.83 1.19
2.83 1.19
3.01 1.19
3.01 1.19
3.01 1.19
4.29 1.19
4.29 1.19
4.29 1.19
1.19 1.37
1.19 1.37
1.19 1.37
2.10 1.37
2.10 1.37
2.10 1.37
2.65 1.37
2.65 1.37
2.65 1.37
2.83 1.37
2.83 1.37
2.83 1.37
3.01 1.37
3.01 1.37
3.01 1.37
3.20 1.37
3.20 1.37
3.20 1.37
4.11 1.37
4.11 1.37
4.11 1.37
1.73 1.55
1.73 1.55
1.73 1.55
2.83 1.55
2.83 1.55
2.83 1.55
3.01 1.55
3.01 1.55
3.01 1.55
3.74 1.55
3.74 1.55
3.74 1.55
1.73 1.73
1.73 1.73
1.73 1.73
2.65 1.73
2.65 1.73
2.65 1.73
2.83 1.73
2.83 1.73
2.83 1.73
3.01 1.73
3.01 1.73
3.01 1.73
3.74 1.73
3.74 1.73
3.74 1.73
4.29 1.73
4.29 1.73
4.29 1.73
4.47 1.73
4.47 1.73
4.47 1.73
4.66 1.73
4.66 1.73
4.66 1.73
5.02 1.73
5.02 1.73
5.02 1.73
1.73 1.92
1.73 1.92
1.73 1.92
1.92 1.92
1.92 1.92
1.92 1.92
2.10 1.92
2.10 1.92
2.10 1.92
2.28 1.92
2.28 1.92
2.28 1.92
2.46 1.92
2.46 1.92
2.46 1.92
2.65 1.92
2.65 1.92
2.65 1.92
2.83 1.92
2.83 1.92
2.83 1.92
3.01 1.92
3.01 1.92
3.01 1.92
3.20 1.92
3.20 1.92
3.20 1.92
3.38 1.92
3.38 1.92
3.38 1.92
3.56 1.92
3.56 1.92
3.56 1.92
4.11 1.92
4.11 1.92
4.11 1.92
5.02 1.92
5.02 1.92
5.02 1.92
1.92 2.10
1.92 2.10
1.92 2.10
3.74 2.10
3.74 2.10
3.74 2.10
3.93 2.10
3.93 2.10
3.93 2.10
4.47 2.10
4.47 2.10
4.47 2.10
4.84 2.10
4.84 2.10
4.84 2.10
1.73 2.28
1.73 2.28
1.73 2.28
1.92 2.28
1.92 2.28
1.92 2.28
3.56 2.28
3.56 2.28
3.56 2.28
3.74 2.28
3.74 2.28
3.74 2.28
3.93 2.28
3.93 2.28
3.93 2.28
4.66 2.28
4.66 2.28
4.66 2.28
4.84 2.28
4.84 2.28
4.84 2.28
5.02 2.28
5.02 2.28
5.02 2.28
1.73 2.46
1.73 2.46
1.73 2.46
1.92 2.46
1.92 2.46
1.92 2.46
2.10 2.46
2.10 2.46
2.10 2.46
3.74 2.46
3.74 2.46
3.74 2.46
3.93 2.46
3.93 2.46
3.93 2.46
4.11 2.46
4.11 2.46
4.11 2.46
4.29 2.46
4.29 2.46
4.29 2.46
4.47 2.46
4.47 2.46
4.47 2.46
4.66 2.46
4.66 2.46
4.66 2.46
4.84 2.46
4.84 2.46
4.84 2.46
5.02 2.46
5.02 2.46
5.02 2.46
5.57 2.46
5.57 2.46
5.57 2.46
1.92 2.65
1.92 2.65
1.92 2.65
2.28 2.65
2.28 2.65
2.28 2.65
2.46 2.65
2.46 2.65
2.46 2.65
5.57 2.65
5.57 2.65
5.57 2.65
1.73 2.83
1.73 2.83
1.73 2.83
2.28 2.83
2.28 2.83
2.28 2.83
2.46 2.83
2.46 2.83
2.46 2.83
2.65 2.83
2.65 2.83
2.65 2.83
2.83 2.83
2.83 2.83
2.83 2.83
3.01 2.83
3.01 2.83
3.01 2.83
5.20 2.83
5.20 2.83
5.20 2.83
6.30 2.83
6.30 2.83
6.30 2.83
2.28 3.01
2.28 3.01
2.28 3.01
2.46 3.01
2.46 3.01
2.46 3.01
2.65 3.01
2.65 3.01
2.65 3.01
2.83 3.01
2.83 3.01
2.83 3.01
3.93 3.01
3.93 3.01
3.93 3.01
4.11 3.01
4.11 3.01
4.11 3.01
4.29 3.01
4.29 3.01
4.29 3.01
4.47 3.01
4.47 3.01
4.47 3.01
5.75 3.01
5.75 3.01
5.75 3.01
6.30 3.01
6.30 3.01
6.30 3.01
2.28 3.20
2.28 3.20
2.28 3.20
3.74 3.20
3.74 3.20
3.74 3.20
3.93 3.20
3.93 3.20
3.93 3.20
4.11 3.20
4.11 3.20
4.11 3.20
4.29 3.20
4.29 3.20
4.29 3.20
4.47 3.20
4.47 3.20
4.47 3.20
4.66 3.20
4.66 3.20
4.66 3.20
4.84 3.20
4.84 3.20
4.84 3.20
5.02 3.20
5.02 3.20
5.02 3.20
5.39 3.20
5.39 3.20
5.39 3.20
6.12 3.20
6.12 3.20
6.12 3.20
6.30 3.20
6.30 3.20
6.30 3.20
2.28 3.38
2.28 3.38
2.28 3.38
3.74 3.38
3.74 3.38
3.74 3.38
3.93 3.38
3.93 3.38
3.93 3.38
4.84 3.38
4.84 3.38
4.84 3.38
5.02 3.38
5.02 3.38
5.02 3.38
5.39 3.38
5.39 3.38
5.39 3.38
5.57 3.38
5.57 3.38
5.57 3.38
5.75 3.38
5.75 3.38
5.75 3.38
5.93 3.38
5.93 3.38
5.93 3.38
6.12 3.38
6.12 3.38
6.12 3.38
2.28 3.56
2.28 3.56
2.28 3.56
3.38 3.56
3.38 3.56
3.38 3.56
3.56 3.56
3.56 3.56
3.56 3.56
3.74 3.56
3.74 3.56
3.74 3.56
3.93 3.56
3.93 3.56
3.93 3.56
4.84 3.56
4.84 3.56
4.84 3.56
5.02 3.56
5.02 3.56
5.02 3.56
5.20 3.56
5.20 3.56
5.20 3.56
5.57 3.56
5.57 3.56
5.57 3.56
5.93 3.56
5.93 3.56
5.93 3.56
6.30 3.56
6.30 3.56
6.30 3.56
6.48 3.56
6.48 3.56
6.48 3.56
6.66 3.56
6.66 3.56
6.66 3.56
7.03 3.56
7.03 3.56
7.03 3.56
3.56 3.74
3.56 3.74
3.56 3.74
4.29 3.74
4.29 3.74
4.29 3.74
4.47 3.74
4.47 3.74
4.47 3.74
5.20 3.74
5.20 3.74
5.20 3.74
5.57 3.74
5.57 3.74
5.57 3.74
5.75 3.74
5.75 3.74
5.75 3.74
6.12 3.74
6.12 3.74
6.12 3.74
6.48 3.74
6.48 3.74
6.48 3.74
6.66 3.74
6.66 3.74
6.66 3.74
3.01 3.93
3.01 3.93
3.01 3.93
3.20 3.93
3.20 3.93
3.20 3.93
5.39 3.93
5.39 3.93
5.39 3.93
5.57 3.93
5.57 3.93
5.57 3.93
5.93 3.93
5.93 3.93
5.93 3.93
6.12 3.93
6.12 3.93
6.12 3.93
6.30 3.93
6.30 3.93
6.30 3.93
6.48 3.93
6.48 3.93
6.48 3.93
6.66 3.93
6.66 3.93
6.66 3.93
6.85 3.93
6.85 3.93
6.85 3.93
7.03 3.93
7.03 3.93
7.03 3.93
3.01 4.11
3.01 4.11
3.01 4.11
3.56 4.11
3.56 4.11
3.56 4.11
5.93 4.11
5.93 4.11
5.93 4.11
6.30 4.11
6.30 4.11
6.30 4.11
6.48 4.11
6.48 4.11
6.48 4.11
6.85 4.11
6.85 4.11
6.85 4.11
3.01 4.29
3.01 4.29
3.01 4.29
3.20 4.29
3.20 4.29
3.20 4.29
3.74 4.29
3.74 4.29
3.74 4.29
3.93 4.29
3.93 4.29
3.93 4.29
4.84 4.29
4.84 4.29
4.84 4.29
5.02 4.29
5.02 4.29
5.02 4.29
5.93 4.29
5.93 4.29
5.93 4.29
6.30 4.29
6.30 4.29
6.30 4.29
3.38 4.47
3.38 4.47
3.38 4.47
3.56 4.47
3.56 4.47
3.56 4.47
3.74 4.47
3.74 4.47
3.74 4.47
3.93 4.47
3.93 4.47
3.93 4.47
4.66 4.47
4.66 4.47
4.66 4.47
4.84 4.47
4.84 4.47
4.84 4.47
5.02 4.47
5.02 4.47
5.02 4.47
5.20 4.47
5.20 4.47
5.20 4.47
5.57 4.47
5.57 4.47
5.57 4.47
6.12 4.47
6.12 4.47
6.12 4.47
3.38 4.66
3.38 4.66
3.38 4.66
4.66 4.66
4.66 4.66
4.66 4.66
4.84 4.66
4.84 4.66
4.84 4.66
5.02 4.66
5.02 4.66
5.02 4.66
5.20 4.66
5.20 4.66
5.20 4.66
5.57 4.66
5.57 4.66
5.57 4.66
5.75 4.66
5.75 4.66
5.75 4.66
6.30 4.66
6.30 4.66
6.30 4.66
4.47 4.84
4.47 4.84
4.47 4.84
4.66 4.84
4.66 4.84
4.66 4.84
4.84 4.84
4.84 4.84
4.84 4.84
5.02 4.84
5.02 4.84
5.02 4.84
5.20 4.84
5.20 4.84
5.20 4.84
5.75 4.84
5.75 4.84
5.75 4.84
5.93 4.84
5.93 4.84
5.93 4.84
6.30 4.84
6.30 4.84
6.30 4.84
6.48 4.84
6.48 4.84
6.48 4.84
6.66 4.84
6.66 4.84
6.66 4.84
4.29 5.02
4.29 5.02
4.29 5.02
4.47 5.02
4.47 5.02
4.47 5.02
4.66 5.02
4.66 5.02
4.66 5.02
4.84 5.02
4.84 5.02
4.84 5.02
5.02 5.02
5.02 5.02
5.02 5.02
5.39 5.02
5.39 5.02
5.39 5.02
5.93 5.02
5.93 5.02
5.93 5.02
6.12 5.02
6.12 5.02
6.12 5.02
6.85 5.02
6.85 5.02
6.85 5.02
7.03 5.02
7.03 5.02
7.03 5.02
4.47 5.20
4.47 5.20
4.47 5.20
4.84 5.20
4.84 5.20
4.84 5.20
5.02 5.20
5.02 5.20
5.02 5.20
6.48 5.20
6.48 5.20
6.48 5.20
6.66 5.20
6.66 5.20
6.66 5.20
6.85 5.20
6.85 5.20
6.85 5.20
4.47 5.39
4.47 5.39
4.47 5.39
4.84 5.39
4.84 5.39
4.84 5.39
5.20 5.39
5.20 5.39
5.20 5.39
5.39 5.39
5.39 5.39
5.39 5.39
5.57 5.39
5.57 5.39
5.57 5.39
5.75 5.39
5.75 5.39
5.75 5.39
5.93 5.39
5.93 5.39
5.93 5.39
6.12 5.39
6.12 5.39
6.12 5.39
6.30 5.39
6.30 5.39
6.30 5.39
4.66 5.57
4.66 5.57
4.66 5.57
4.84 5.57
4.84 5.57
4.84 5.57
5.02 5.57
5.02 5.57
5.02 5.57
5.39 5.57
5.39 5.57
5.39 5.57
5.57 5.57
5.57 5.57
5.57 5.57
5.75 5.57
5.75 5.57
5.75 5.57
5.93 5.57
5.93 5.57
5.93 5.57
7.21 5.57
7.21 5.57
7.21 5.57
7.39 5.57
7.39 5.57
7.39 5.57
4.66 5.75
4.66 5.75
4.66 5.75
5.57 5.75
5.57 5.75
5.57 5.75
5.75 5.75
5.75 5.75
5.75 5.75
6.85 5.75
6.85 5.75
6.85 5.75
7.03 5.75
7.03 5.75
7.03 5.75
5.02 5.93
5.02 5.93
5.02 5.93
5.57 5.93
5.57 5.93
5.57 5.93
6.66 5.93
6.66 5.93
6.66 5.93
7.03 5.93
7.03 5.93
7.03 5.93
7.21 5.93
7.21 5.93
7.21 5.93
7.58 5.93
7.58 5.93
7.58 5.93
4.47 6.12
4.47 6.12
4.47 6.12
4.66 6.12
4.66 6.12
4.66 6.12
4.84 6.12
4.84 6.12
4.84 6.12
6.30 6.12
6.30 6.12
6.30 6.12
6.48 6.12
6.48 6.12
6.48 6.12
6.66 6.12
6.66 6.12
6.66 6.12
7.03 6.12
7.03 6.12
7.03 6.12
7.21 6.12
7.21 6.12
7.21 6.12
4.66 6.30
4.66 6.30
4.66 6.30
5.02 6.30
5.02 6.30
5.02 6.30
6.48 6.30
6.48 6.30
6.48 6.30
6.85 6.30
6.85 6.30
6.85 6.30
7.21 6.30
7.21 6.30
7.21 6.30
7.58 6.30
7.58 6.30
7.58 6.30
4.66 6.48
4.66 6.48
4.66 6.48
5.02 6.48
5.02 6.48
5.02 6.48
6.66 6.48
6.66 6.48
6.66 6.48
6.85 6.48
6.85 6.48
6.85 6.48
7.21 6.48
7.21 6.48
7.21 6.48
7.39 6.48
7.39 6.48
7.39 6.48
7.76 6.48
7.76 6.48
7.76 6.48
7.94 6.48
7.94 6.48
7.94 6.48
8.12 6.48
8.12 6.48
8.12 6.48
5.02 6.66
5.02 6.66
5.02 6.66
5.20 6.66
5.20 6.66
5.20 6.66
5.39 6.66
5.39 6.66
5.39 6.66
5.57 6.66
5.57 6.66
5.57 6.66
6.12 6.66
6.12 6.66
6.12 6.66
6.30 6.66
6.30 6.66
6.30 6.66
6.66 6.66
6.66 6.66
6.66 6.66
6.85 6.66
6.85 6.66
6.85 6.66
7.03 6.66
7.03 6.66
7.03 6.66
7.21 6.66
7.21 6.66
7.21 6.66
7.39 6.66
7.39 6.66
7.39 6.66
7.58 6.66
7.58 6.66
7.58 6.66
7.76 6.66
7.76 6.66
7.76 6.66
5.02 6.85
5.02 6.85
5.02 6.85
5.57 6.85
5.57 6.85
5.57 6.85
5.75 6.85
5.75 6.85
5.75 6.85
5.93 6.85
5.93 6.85
5.93 6.85
6.48 6.85
6.48 6.85
6.48 6.85
6.66 6.85
6.66 6.85
6.66 6.85
6.85 6.85
6.85 6.85
6.85 6.85
7.03 6.85
7.03 6.85
7.03 6.85
7.21 6.85
7.21 6.85
7.21 6.85
7.39 6.85
7.39 6.85
7.39 6.85
7.58 6.85
7.58 6.85
7.58 6.85
7.76 6.85
7.76 6.85
7.76 6.85
7.94 6.85
7.94 6.85
7.94 6.85
5.02 7.03
5.02 7.03
5.02 7.03
5.20 7.03
5.20 7.03
5.20 7.03
5.39 7.03
5.39 7.03
5.39 7.03
5.57 7.03
5.57 7.03
5.57 7.03
5.75 7.03
5.75 7.03
5.75 7.03
5.93 7.03
5.93 7.03
5.93 7.03
6.12 7.03
6.12 7.03
6.12 7.03
6.30 7.03
6.30 7.03
6.30 7.03
6.48 7.03
6.48 7.03
6.48 7.03
6.66 7.03
6.66 7.03
6.66 7.03
7.58 7.03
7.58 7.03
7.58 7.03
7.76 7.03
7.76 7.03
7.76 7.03
7.94 7.03
7.94 7.03
7.94 7.03
8.12 7.03
8.12 7.03
8.12 7.03
8.31 7.03
8.31 7.03
8.31 7.03
8.49 7.03
8.49 7.03
8.49 7.03
8.85 7.03
8.85 7.03
8.85 7.03
6.12 7.21
6.12 7.21
6.12 7.21
6.30 7.21
6.30 7.21
6.30 7.21
6.48 7.21
6.48 7.21
6.48 7.21
7.58 7.21
7.58 7.21
7.58 7.21
7.76 7.21
7.76 7.21
7.76 7.21
7.94 7.21
7.94 7.21
7.94 7.21
8.12 7.21
8.12 7.21
8.12 7.21
8.49 7.21
8.49 7.21
8.49 7.21
8.67 7.21
8.67 7.21
8.67 7.21
5.02 7.39
5.02 7.39
5.02 7.39
5.20 7.39
5.20 7.39
5.20 7.39
5.39 7.39
5.39 7.39
5.39 7.39
5.57 7.39
5.57 7.39
5.57 7.39
5.75 7.39
5.75 7.39
5.75 7.39
6.30 7.39
6.30 7.39
6.30 7.39
6.48 7.39
6.48 7.39
6.48 7.39
7.39 7.39
7.39 7.39
7.39 7.39
7.58 7.39
7.58 7.39
7.58 7.39
7.76 7.39
7.76 7.39
7.76 7.39
8.12 7.39
8.12 7.39
8.12 7.39
9.04 7.39
9.04 7.39
9.04 7.39
5.75 7.58
5.75 7.58
5.75 7.58
5.93 7.58
5.93 7.58
5.93 7.58
6.12 7.58
6.12 7.58
6.12 7.58
6.48 7.58
6.48 7.58
6.48 7.58
7.39 7.58
7.39 7.58
7.39 7.58
8.67 7.58
8.67 7.58
8.67 7.58
8.85 7.58
8.85 7.58
8.85 7.58
9.04 7.58
9.04 7.58
9.04 7.58
5.93 7.76
5.93 7.76
5.93 7.76
9.04 7.76
9.04 7.76
9.04 7.76
6.30 7.94
6.30 7.94
6.30 7.94
7.58 7.94
7.58 7.94
7.58 7.94
7.76 7.94
7.76 7.94
7.76 7.94
7.94 7.94
7.94 7.94
7.94 7.94
8.31 7.94
8.31 7.94
8.31 7.94
8.49 7.94
8.49 7.94
8.49 7.94
8.67 7.94
8.67 7.94
8.67 7.94
8.85 7.94
8.85 7.94
8.85 7.94
9.04 7.94
9.04 7.94
9.04 7.94
9.40 7.94
9.40 7.94
9.40 7.94
9.59 7.94
9.59 7.94
9.59 7.94
5.93 8.12
5.93 8.12
5.93 8.12
6.30 8.12
6.30 8.12
6.30 8.12
6.48 8.12
6.48 8.12
6.48 8.12
7.39 8.12
7.39 8.12
7.39 8.12
7.58 8.12
7.58 8.12
7.58 8.12
7.76 8.12
7.76 8.12
7.76 8.12
7.94 8.12
7.94 8.12
7.94 8.12
8.12 8.12
8.12 8.12
8.12 8.12
8.31 8.12
8.31 8.12
8.31 8.12
8.49 8.12
8.49 8.12
8.49 8.12
8.67 8.12
8.67 8.12
8.67 8.12
5.75 8.31
5.75 8.31
5.75 8.31
5.93 8.31
5.93 8.31
5.93 8.31
6.48 8.31
6.48 8.31
6.48 8.31
6.85 8.31
6.85 8.31
6.85 8.31
7.03 8.31
7.03 8.31
7.03 8.31
7.76 8.31
7.76 8.31
7.76 8.31
7.94 8.31
7.94 8.31
7.94 8.31
8.12 8.31
8.12 8.31
8.12 8.31
8.67 8.31
8.67 8.31
8.67 8.31
8.85 8.31
8.85 8.31
8.85 8.31
9.04 8.31
9.04 8.31
9.04 8.31
7.03 8.49
7.03 8.49
7.03 8.49
7.21 8.49
7.21 8.49
7.21 8.49
7.39 8.49
7.39 8.49
7.39 8.49
7.58 8.49
7.58 8.49
7.58 8.49
8.85 8.49
8.85 8.49
8.85 8.49
9.04 8.49
9.04 8.49
9.04 8.49
9.22 8.49
9.22 8.49
9.22 8.49
6.48 8.67
6.48 8.67
6.48 8.67
6.66 8.67
6.66 8.67
6.66 8.67
6.85 8.67
6.85 8.67
6.85 8.67
7.03 8.67
7.03 8.67
7.03 8.67
7.21 8.67
7.21 8.67
7.21 8.67
8.12 8.67
8.12 8.67
8.12 8.67
8.31 8.67
8.31 8.67
8.31 8.67
8.49 8.67
8.49 8.67
8.49 8.67
8.67 8.67
8.67 8.67
8.67 8.67
9.59 8.67
9.59 8.67
9.59 8.67
7.21 8.85
7.21 8.85
7.21 8.85
7.39 8.85
7.39 8.85
7.39 8.85
7.76 8.85
7.76 8.85
7.76 8.85
7.94 8.85
7.94 8.85
7.94 8.85
8.12 8.85
8.12 8.85
8.12 8.85
8.31 8.85
8.31 8.85
8.31 8.85
8.49 8.85
8.49 8.85
8.49 8.85
6.48 9.04
6.48 9.04
6.48 9.04
6.66 9.04
6.66 9.04
6.66 9.04
6.85 9.04
6.85 9.04
6.85 9.04
7.21 9.04
7.21 9.04
7.21 9.04
7.39 9.04
7.39 9.04
7.39 9.04
7.58 9.04
7.58 9.04
7.58 9.04
7.76 9.04
7.76 9.04
7.76 9.04
8.12 9.04
8.12 9.04
8.12 9.04
8.31 9.04
8.31 9.04
8.31 9.04
8.49 9.04
8.49 9.04
8.49 9.04
6.48 9.22
6.48 9.22
6.48 9.22
6.85 9.22
6.85 9.22
6.85 9.22
7.03 9.22
7.03 9.22
7.03 9.22
7.21 9.22
7.21 9.22
7.21 9.22
7.58 9.22
7.58 9.22
7.58 9.22
7.76 9.22
7.76 9.22
7.76 9.22
7.21 9.40
7.21 9.40
7.21 9.40
8.85 9.40
8.85 9.40
8.85 9.40
9.04 9.40
9.04 9.40
9.04 9.40
7.21 9.59
7.21 9.59
7.21 9.59
7.39 9.59
7.39 9.59
7.39 9.59
7.76 9.59
7.76 9.59
7.76 9.59
9.59 9.59
9.59 9.59
9.59 9.59
9.95 9.59
9.95 9.59
9.95 9.59
10.32 9.59
10.32 9.59
10.32 9.59
7.76 9.77
7.76 9.77
7.76 9.77
7.94 9.77
7.94 9.77
7.94 9.77
8.12 9.77
8.12 9.77
8.12 9.77
8.31 9.77
8.31 9.77
8.31 9.77
8.49 9.77
8.49 9.77
8.49 9.77
9.40 9.77
9.40 9.77
9.40 9.77
7.39 9.95
7.39 9.95
7.39 9.95
7.58 9.95
7.58 9.95
7.58 9.95
7.76 9.95
7.76 9.95
7.76 9.95
8.12 9.95
8.12 9.95
8.12 9.95
8.85 9.95
8.85 9.95
8.85 9.95
9.04 9.95
9.04 9.95
9.04 9.95
9.22 9.95
9.22 9.95
9.22 9.95
9.40 9.95
9.40 9.95
9.40 9.95
9.59 9.95
9.59 9.95
9.59 9.95
9.77 9.95
9.77 9.95
9.77 9.95
10.32 9.95
10.32 9.95
10.32 9.95
7.03 10.13
7.03 10.13
7.03 10.13
7.58 10.13
7.58 10.13
7.58 10.13
7.94 10.13
7.94 10.13
7.94 10.13
8.85 10.13
8.85 10.13
8.85 10.13
9.04 10.13
9.04 10.13
9.04 10.13
9.22 10.13
9.22 10.13
9.22 10.13
9.40 10.13
9.40 10.13
9.40 10.13
9.77 10.13
9.77 10.13
9.77 10.13
9.95 10.13
9.95 10.13
9.95 10.13
10.13 10.13
10.13 10.13
10.13 10.13
10.32 10.13
10.32 10.13
10.32 10.13
10.86 10.13
10.86 10.13
10.86 10.13
7.03 10.32
7.03 10.32
7.03 10.32
7.39 10.32
7.39 10.32
7.39 10.32
7.58 10.32
7.58 10.32
7.58 10.32
8.85 10.32
8.85 10.32
8.85 10.32
9.04 10.32
9.04 10.32
9.04 10.32
9.22 10.32
9.22 10.32
9.22 10.32
9.40 10.32
9.40 10.32
9.40 10.32
9.77 10.32
9.77 10.32
9.77 10.32
10.50 10.32
10.50 10.32
10.50 10.32
10.68 10.32
10.68 10.32
10.68 10.32
7.03 10.50
7.03 10.50
7.03 10.50
7.94 10.50
7.94 10.50
7.94 10.50
8.67 10.50
8.67 10.50
8.67 10.50
8.85 10.50
8.85 10.50
8.85 10.50
9.04 10.50
9.04 10.50
9.04 10.50
9.22 10.50
9.22 10.50
9.22 10.50
9.40 10.50
9.40 10.50
9.40 10.50
9.59 10.50
9.59 10.50
9.59 10.50
9.77 10.50
9.77 10.50
9.77 10.50
10.13 10.50
10.13 10.50
10.13 10.50
10.32 10.50
10.32 10.50
10.32 10.50
10.50 10.50
10.50 10.50
10.50 10.50
7.03 10.68
7.03 10.68
7.03 10.68
7.21 10.68
7.21 10.68
7.21 10.68
7.39 10.68
7.39 10.68
7.39 10.68
8.31 10.68
8.31 10.68
8.31 10.68
8.49 10.68
8.49 10.68
8.49 10.68
8.67 10.68
8.67 10.68
8.67 10.68
9.59 10.68
9.59 10.68
9.59 10.68
10.68 10.68
10.68 10.68
10.68 10.68
10.86 10.68
10.86 10.68
10.86 10.68
11.59 10.68
11.59 10.68
11.59 10.68
7.76 10.86
7.76 10.86
7.76 10.86
9.77 10.86
9.77 10.86
9.77 10.86
9.95 10.86
9.95 10.86
9.95 10.86
10.13 10.86
10.13 10.86
10.13 10.86
10.32 10.86
10.32 10.86
10.32 10.86
10.68 10.86
10.68 10.86
10.68 10.86
11.05 10.86
11.05 10.86
11.05 10.86
11.41 10.86
11.41 10.86
11.41 10.86
11.59 10.86
11.59 10.86
11.59 10.86
8.49 11.05
8.49 11.05
8.49 11.05
8.67 11.05
8.67 11.05
8.67 11.05
9.04 11.05
9.04 11.05
9.04 11.05
9.40 11.05
9.40 11.05
9.40 11.05
9.59 11.05
9.59 11.05
9.59 11.05
9.77 11.05
9.77 11.05
9.77 11.05
9.95 11.05
9.95 11.05
9.95 11.05
10.13 11.05
10.13 11.05
10.13 11.05
10.32 11.05
10.32 11.05
10.32 11.05
10.50 11.05
10.50 11.05
10.50 11.05
10.68 11.05
10.68 11.05
10.68 11.05
11.05 11.05
11.05 11.05
11.05 11.05
11.59 11.05
11.59 11.05
11.59 11.05
8.49 11.23
8.49 11.23
8.49 11.23
8.85 11.23
8.85 11.23
8.85 11.23
9.04 11.23
9.04 11.23
9.04 11.23
9.22 11.23
9.22 11.23
9.22 11.23
9.59 11.23
9.59 11.23
9.59 11.23
9.77 11.23
9.77 11.23
9.77 11.23
9.95 11.23
9.95 11.23
9.95 11.23
10.13 11.23
10.13 11.23
10.13 11.23
10.32 11.23
10.32 11.23
10.32 11.23
10.50 11.23
10.50 11.23
10.50 11.23
11.23 11.23
11.23 11.23
11.23 11.23
9.40 11.41
9.40 11.41
9.40 11.41
11.23 11.41
11.23 11.41
11.23 11.41
11.41 11.41
11.41 11.41
11.41 11.41
11.59 11.41
11.59 11.41
11.59 11.41
8.67 11.59
8.67 11.59
8.67 11.59
9.04 11.59
9.04 11.59
9.04 11.59
11.05 11.59
11.05 11.59
11.05 11.59
11.23 11.59
11.23 11.59
11.23 11.59
11.59 11.59
11.59 11.59
11.59 11.59
8.49 11.78
8.49 11.78
8.49 11.78
8.67 11.78
8.67 11.78
8.67 11.78
9.40 11.78
9.40 11.78
9.40 11.78
10.13 11.78
10.13 11.78
10.13 11.78
10.32 11.78
10.32 11.78
10.32 11.78
10.50 11.78
10.50 11.78
10.50 11.78
10.68 11.78
10.68 11.78
10.68 11.78
10.86 11.78
10.86 11.78
10.86 11.78
11.05 11.78
11.05 11.78
11.05 11.78
11.23 11.78
11.23 11.78
11.23 11.78
11.41 11.78
11.41 11.78
11.41 11.78
9.40 11.96
9.40 11.96
9.40 11.96
9.59 11.96
9.59 11.96
9.59 11.96
9.77 11.96
9.77 11.96
9.77 11.96
9.95 11.96
9.95 11.96
9.95 11.96
10.13 11.96
10.13 11.96
10.13 11.96
10.32 11.96
10.32 11.96
10.32 11.96
10.50 11.96
10.50 11.96
10.50 11.96
10.68 11.96
10.68 11.96
10.68 11.96
10.86 11.96
10.86 11.96
10.86 11.96
11.59 11.96
11.59 11.96
11.59 11.96
11.96 11.96
11.96 11.96
11.96 11.96
12.14 11.96
12.14 11.96
12.14 11.96
9.04 12.14
9.04 12.14
9.04 12.14
9.22 12.14
9.22 12.14
9.22 12.14
9.59 12.14
9.59 12.14
9.59 12.14
9.77 12.14
9.77 12.14
9.77 12.14
9.95 12.14
9.95 12.14
9.95 12.14
10.13 12.14
10.13 12.14
10.13 12.14
10.32 12.14
10.32 12.14
10.32 12.14
11.23 12.14
11.23 12.14
11.23 12.14
11.41 12.14
11.41 12.14
11.41 12.14
11.59 12.14
11.59 12.14
11.59 12.14
11.96 12.14
11.96 12.14
11.96 12.14
9.40 12.32
9.40 12.32
9.40 12.32
9.59 12.32
9.59 12.32
9.59 12.32
9.77 12.32
9.77 12.32
9.77 12.32
9.95 12.32
9.95 12.32
9.95 12.32
10.13 12.32
10.13 12.32
10.13 12.32
10.32 12.32
10.32 12.32
10.32 12.32
10.50 12.32
10.50 12.32
10.50 12.32
10.68 12.32
10.68 12.32
10.68 12.32
10.86 12.32
10.86 12.32
10.86 12.32
11.05 12.32
11.05 12.32
11.05 12.32
11.23 12.32
11.23 12.32
11.23 12.32
11.59 12.32
11.59 12.32
11.59 12.32
11.78 12.32
11.78 12.32
11.78 12.32
11.96 12.32
11.96 12.32
11.96 12.32
12.32 12.32
12.32 12.32
12.32 12.32
9.22 12.51
9.22 12.51
9.22 12.51
9.40 12.51
9.40 12.51
9.40 12.51
9.77 12.51
9.77 12.51
9.77 12.51
10.13 12.51
10.13 12.51
10.13 12.51
10.50 12.51
10.50 12.51
10.50 12.51
10.68 12.51
10.68 12.51
10.68 12.51
11.41 12.51
11.41 12.51
11.41 12.51
11.59 12.51
11.59 12.51
11.59 12.51
11.78 12.51
11.78 12.51
11.78 12.51
11.96 12.51
11.96 12.51
11.96 12.51
12.14 12.51
12.14 12.51
12.14 12.51
12.32 12.51
12.32 12.51
12.32 12.51
12.69 12.51
12.69 12.51
12.69 12.51
12.87 12.51
12.87 12.51
12.87 12.51
9.77 12.69
9.77 12.69
9.77 12.69
10.13 12.69
10.13 12.69
10.13 12.69
10.50 12.69
10.50 12.69
10.50 12.69
11.41 12.69
11.41 12.69
11.41 12.69
11.59 12.69
11.59 12.69
11.59 12.69
11.78 12.69
11.78 12.69
11.78 12.69
11.96 12.69
11.96 12.69
11.96 12.69
12.14 12.69
12.14 12.69
12.14 12.69
12.32 12.69
12.32 12.69
12.32 12.69
12.51 12.69
12.51 12.69
12.51 12.69
9.77 12.87
9.77 12.87
9.77 12.87
9.95 12.87
9.95 12.87
9.95 12.87
10.50 12.87
10.50 12.87
10.50 12.87
10.86 12.87
10.86 12.87
10.86 12.87
11.41 12.87
11.41 12.87
11.41 12.87
11.59 12.87
11.59 12.87
11.59 12.87
11.78 12.87
11.78 12.87
11.78 12.87
11.96 12.87
11.96 12.87
11.96 12.87
12.14 12.87
12.14 12.87
12.14 12.87
12.32 12.87
12.32 12.87
12.32 12.87
12.51 12.87
12.51 12.87
12.51 12.87
12.69 12.87
12.69 12.87
12.69 12.87
12.87 12.87
12.87 12.87
12.87 12.87
9.77 13.05
9.77 13.05
9.77 13.05
9.95 13.05
9.95 13.05
9.95 13.05
10.13 13.05
10.13 13.05
10.13 13.05
10.32 13.05
10.32 13.05
10.32 13.05
10.50 13.05
10.50 13.05
10.50 13.05
11.23 13.05
11.23 13.05
11.23 13.05
11.41 13.05
11.41 13.05
11.41 13.05
11.59 13.05
11.59 13.05
11.59 13.05
11.78 13.05
11.78 13.05
11.78 13.05
11.96 13.05
11.96 13.05
11.96 13.05
12.14 13.05
12.14 13.05
12.14 13.05
12.32 13.05
12.32 13.05
12.32 13.05
12.87 13.05
12.87 13.05
12.87 13.05
9.95 13.24
9.95 13.24
9.95 13.24
10.50 13.24
10.50 13.24
10.50 13.24
10.68 13.24
10.68 13.24
10.68 13.24
10.86 13.24
10.86 13.24
10.86 13.24
11.41 13.24
11.41 13.24
11.41 13.24
11.59 13.24
11.59 13.24
11.59 13.24
11.78 13.24
11.78 13.24
11.78 13.24
11.96 13.24
11.96 13.24
11.96 13.24
12.14 13.24
12.14 13.24
12.14 13.24
12.32 13.24
12.32 13.24
12.32 13.24
12.51 13.24
12.51 13.24
12.51 13.24
12.69 13.24
12.69 13.24
12.69 13.24
13.60 13.24
13.60 13.24
13.60 13.24
9.95 13.42
9.95 13.42
9.95 13.42
10.32 13.42
10.32 13.42
10.32 13.42
10.68 13.42
10.68 13.42
10.68 13.42
11.59 13.42
11.59 13.42
11.59 13.42
11.78 13.42
11.78 13.42
11.78 13.42
11.96 13.42
11.96 13.42
11.96 13.42
12.14 13.42
12.14 13.42
12.14 13.42
12.32 13.42
12.32 13.42
12.32 13.42
12.87 13.42
12.87 13.42
12.87 13.42
13.24 13.42
13.24 13.42
13.24 13.42
10.32 13.60
10.32 13.60
10.32 13.60
10.86 13.60
10.86 13.60
10.86 13.60
12.14 13.60
12.14 13.60
12.14 13.60
12.32 13.60
12.32 13.60
12.32 13.60
12.51 13.60
12.51 13.60
12.51 13.60
12.69 13.60
12.69 13.60
12.69 13.60
12.87 13.60
12.87 13.60
12.87 13.60
13.24 13.60
13.24 13.60
13.24 13.60
13.42 13.60
13.42 13.60
13.42 13.60
13.78 13.60
13.78 13.60
13.78 13.60
13.97 13.60
13.97 13.60
13.97 13.60
10.50 13.78
10.50 13.78
10.50 13.78
12.32 13.78
12.32 13.78
12.32 13.78
12.69 13.78
12.69 13.78
12.69 13.78
13.05 13.78
13.05 13.78
13.05 13.78
13.24 13.78
13.24 13.78
13.24 13.78
13.60 13.78
13.60 13.78
13.60 13.78
13.78 13.78
13.78 13.78
13.78 13.78
14.15 13.78
14.15 13.78
14.15 13.78
11.23 13.97
11.23 13.97
11.23 13.97
11.41 13.97
11.41 13.97
11.41 13.97
11.59 13.97
11.59 13.97
11.59 13.97
12.32 13.97
12.32 13.97
12.32 13.97
13.42 13.97
13.42 13.97
13.42 13.97
13.60 13.97
13.60 13.97
13.60 13.97
14.15 13.97
14.15 13.97
14.15 13.97
11.05 14.15
11.05 14.15
11.05 14.15
11.23 14.15
11.23 14.15
11.23 14.15
11.78 14.15
11.78 14.15
11.78 14.15
11.96 14.15
11.96 14.15
11.96 14.15
13.24 14.15
13.24 14.15
13.24 14.15
13.42 14.15
13.42 14.15
13.42 14.15
13.60 14.15
13.60 14.15
13.60 14.15
11.41 14.33
11.41 14.33
11.41 14.33
11.59 14.33
11.59 14.33
11.59 14.33
11.96 14.33
11.96 14.33
11.96 14.33
12.14 14.33
12.14 14.33
12.14 14.33
12.32 14.33
12.32 14.33
12.32 14.33
12.51 14.33
12.51 14.33
12.51 14.33
14.15 14.33
14.15 14.33
14.15 14.33
14.70 14.33
14.70 14.33
14.70 14.33
14.88 14.33
14.88 14.33
14.88 14.33
12.14 14.51
12.14 14.51
12.14 14.51
12.51 14.51
12.51 14.51
12.51 14.51
12.69 14.51
12.69 14.51
12.69 14.51
14.15 14.51
14.15 14.51
14.15 14.51
14.33 14.51
14.33 14.51
14.33 14.51
14.70 14.51
14.70 14.51
14.70 14.51
11.59 14.70
11.59 14.70
11.59 14.70
11.78 14.70
11.78 14.70
11.78 14.70
12.32 14.70
12.32 14.70
12.32 14.70
12.51 14.70
12.51 14.70
12.51 14.70
12.69 14.70
12.69 14.70
12.69 14.70
12.87 14.70
12.87 14.70
12.87 14.70
13.05 14.70
13.05 14.70
13.05 14.70
13.24 14.70
13.24 14.70
13.24 14.70
13.42 14.70
13.42 14.70
13.42 14.70
13.60 14.70
13.60 14.70
13.60 14.70
13.97 14.70
13.97 14.70
13.97 14.70
14.51 14.70
14.51 14.70
14.51 14.70
14.70 14.70
14.70 14.70
14.70 14.70
11.96 14.88
11.96 14.88
11.96 14.88
12.32 14.88
12.32 14.88
12.32 14.88
12.51 14.88
12.51 14.88
12.51 14.88
12.69 14.88
12.69 14.88
12.69 14.88
13.24 14.88
13.24 14.88
13.24 14.88
13.42 14.88
13.42 14.88
13.42 14.88
13.60 14.88
13.60 14.88
13.60 14.88
13.78 14.88
13.78 14.88
13.78 14.88
13.97 14.88
13.97 14.88
13.97 14.88
14.51 14.88
14.51 14.88
14.51 14.88
14.88 14.88
14.88 14.88
14.88 14.88
15.06 14.88
15.06 14.88
15.06 14.88
15.25 14.88
15.25 14.88
15.25 14.88
15.61 14.88
15.61 14.88
15.61 14.88
13.60 15.06
13.60 15.06
13.60 15.06
13.78 15.06
13.78 15.06
13.78 15.06
14.15 15.06
14.15 15.06
14.15 15.06
14.51 15.06
14.51 15.06
14.51 15.06
14.70 15.06
14.70 15.06
14.70 15.06
14.88 15.06
14.88 15.06
14.88 15.06
15.06 15.06
15.06 15.06
15.06 15.06
15.43 15.06
15.43 15.06
15.43 15.06
15.61 15.06
15.61 15.06
15.61 15.06
13.42 15.25
13.42 15.25
13.42 15.25
13.60 15.25
13.60 15.25
13.60 15.25
13.78 15.25
13.78 15.25
13.78 15.25
14.15 15.25
14.15 15.25
14.15 15.25
14.70 15.25
14.70 15.25
14.70 15.25
15.06 15.25
15.06 15.25
15.06 15.25
15.25 15.25
15.25 15.25
15.25 15.25
15.43 15.25
15.43 15.25
15.43 15.25
15.61 15.25
15.61 15.25
15.61 15.25
12.87 15.43
12.87 15.43
12.87 15.43
13.05 15.43
13.05 15.43
13.05 15.43
13.42 15.43
13.42 15.43
13.42 15.43
13.60 15.43
13.60 15.43
13.60 15.43
14.70 15.43
14.70 15.43
14.70 15.43
14.88 15.43
14.88 15.43
14.88 15.43
15.06 15.43
15.06 15.43
15.06 15.43
15.25 15.43
15.25 15.43
15.25 15.43
15.43 15.43
15.43 15.43
15.43 15.43
13.05 15.61
13.05 15.61
13.05 15.61
13.60 15.61
13.60 15.61
13.60 15.61
15.43 15.61
15.43 15.61
15.43 15.61
15.61 15.61
15.61 15.61
15.61 15.61
12.32 15.79
12.32 15.79
12.32 15.79
13.24 15.79
13.24 15.79
13.24 15.79
13.78 15.79
13.78 15.79
13.78 15.79
15.43 15.79
15.43 15.79
15.43 15.79
16.16 15.79
16.16 15.79
16.16 15.79
13.24 15.98
13.24 15.98
13.24 15.98
15.79 15.98
15.79 15.98
15.79 15.98
16.16 15.98
16.16 15.98
16.16 15.98
14.33 16.16
14.33 16.16
14.33 16.16
14.51 16.16
14.51 16.16
14.51 16.16
14.70 16.16
14.70 16.16
14.70 16.16
14.88 16.16
14.88 16.16
14.88 16.16
15.06 16.16
15.06 16.16
15.06 16.16
15.25 16.16
15.25 16.16
15.25 16.16
15.79 16.16
15.79 16.16
15.79 16.16
16.16 16.16
16.16 16.16
16.16 16.16
16.52 16.16
16.52 16.16
16.52 16.16
16.71 16.16
16.71 16.16
16.71 16.16
14.33 16.34
14.33 16.34
14.33 16.34
14.51 16.34
14.51 16.34
14.51 16.34
14.70 16.34
14.70 16.34
14.70 16.34
14.88 16.34
14.88 16.34
14.88 16.34
15.06 16.34
15.06 16.34
15.06 16.34
15.25 16.34
15.25 16.34
15.25 16.34
15.43 16.34
15.43 16.34
15.43 16.34
15.61 16.34
15.61 16.34
15.61 16.34
15.98 16.34
15.98 16.34
15.98 16.34
13.05 16.52
13.05 16.52
13.05 16.52
13.24 16.52
13.24 16.52
13.24 16.52
13.78 16.52
13.78 16.52
13.78 16.52
13.97 16.52
13.97 16.52
13.97 16.52
14.15 16.52
14.15 16.52
14.15 16.52
14.33 16.52
14.33 16.52
14.33 16.52
14.51 16.52
14.51 16.52
14.51 16.52
14.70 16.52
14.70 16.52
14.70 16.52
14.88 16.52
14.88 16.52
14.88 16.52
15.06 16.52
15.06 16.52
15.06 16.52
15.25 16.52
15.25 16.52
15.25 16.52
15.43 16.52
15.43 16.52
15.43 16.52
15.61 16.52
15.61 16.52
15.61 16.52
15.98 16.52
15.98 16.52
15.98 16.52
16.71 16.52
16.71 16.52
16.71 16.52
13.78 16.71
13.78 16.71
13.78 16.71
13.97 16.71
13.97 16.71
13.97 16.71
14.15 16.71
14.15 16.71
14.15 16.71
14.33 16.71
14.33 16.71
14.33 16.71
14.51 16.71
14.51 16.71
14.51 16.71
14.70 16.71
14.70 16.71
14.70 16.71
14.88 16.71
14.88 16.71
14.88 16.71
15.43 16.71
15.43 16.71
15.43 16.71
15.79 16.71
15.79 16.71
15.79 16.71
16.71 16.71
16.71 16.71
16.71 16.71
16.89 16.71
16.89 16.71
16.89 16.71
14.15 16.89
14.15 16.89
14.15 16.89
15.43 16.89
15.43 16.89
15.43 16.89
15.61 16.89
15.61 16.89
15.61 16.89
15.79 16.89
15.79 16.89
15.79 16.89
15.98 16.89
15.98 16.89
15.98 16.89
14.15 17.07
14.15 17.07
14.15 17.07
14.33 17.07
14.33 17.07
14.33 17.07
15.43 17.07
15.43 17.07
15.43 17.07
15.61 17.07
15.61 17.07
15.61 17.07
15.79 17.07
15.79 17.07
15.79 17.07
15.98 17.07
15.98 17.07
15.98 17.07
16.16 17.07
16.16 17.07
16.16 17.07
16.34 17.07
16.34 17.07
16.34 17.07
16.89 17.07
16.89 17.07
16.89 17.07
17.44 17.07
17.44 17.07
17.44 17.07
13.78 17.25
13.78 17.25
13.78 17.25
14.15 17.25
14.15 17.25
14.15 17.25
14.33 17.25
14.33 17.25
14.33 17.25
14.51 17.25
14.51 17.25
14.51 17.25
14.70 17.25
14.70 17.25
14.70 17.25
15.43 17.25
15.43 17.25
15.43 17.25
16.16 17.25
16.16 17.25
16.16 17.25
16.34 17.25
16.34 17.25
16.34 17.25
16.52 17.25
16.52 17.25
16.52 17.25
17.07 17.25
17.07 17.25
17.07 17.25
17.25 17.25
17.25 17.25
17.25 17.25
17.44 17.25
17.44 17.25
17.44 17.25
14.33 17.44
14.33 17.44
14.33 17.44
14.51 17.44
14.51 17.44
14.51 17.44
14.70 17.44
14.70 17.44
14.70 17.44
14.88 17.44
14.88 17.44
14.88 17.44
15.06 17.44
15.06 17.44
15.06 17.44
16.16 17.44
16.16 17.44
16.16 17.44
16.34 17.44
16.34 17.44
16.34 17.44
13.97 17.62
13.97 17.62
13.97 17.62
14.15 17.62
14.15 17.62
14.15 17.62
14.33 17.62
14.33 17.62
14.33 17.62
14.51 17.62
14.51 17.62
14.51 17.62
14.70 17.62
14.70 17.62
14.70 17.62
14.88 17.62
14.88 17.62
14.88 17.62
15.06 17.62
15.06 17.62
15.06 17.62
16.16 17.62
16.16 17.62
16.16 17.62
16.34 17.62
16.34 17.62
16.34 17.62
16.52 17.62
16.52 17.62
16.52 17.62
17.07 17.62
17.07 17.62
17.07 17.62
17.25 17.62
17.25 17.62
17.25 17.62
17.44 17.62
17.44 17.62
17.44 17.62
13.97 17.80
13.97 17.80
13.97 17.80
14.15 17.80
14.15 17.80
14.15 17.80
14.33 17.80
14.33 17.80
14.33 17.80
14.51 17.80
14.51 17.80
14.51 17.80
14.70 17.80
14.70 17.80
14.70 17.80
14.88 17.80
14.88 17.80
14.88 17.80
15.06 17.80
15.06 17.80
15.06 17.80
15.43 17.80
15.43 17.80
15.43 17.80
15.98 17.80
15.98 17.80
15.98 17.80
16.16 17.80
16.16 17.80
16.16 17.80
16.34 17.80
16.34 17.80
16.34 17.80
16.52 17.80
16.52 17.80
16.52 17.80
17.44 17.80
17.44 17.80
17.44 17.80
13.78 17.98
13.78 17.98
13.78 17.98
13.97 17.98
13.97 17.98
13.97 17.98
14.15 17.98
14.15 17.98
14.15 17.98
14.88 17.98
14.88 17.98
14.88 17.98
15.43 17.98
15.43 17.98
15.43 17.98
15.61 17.98
15.61 17.98
15.61 17.98
15.79 17.98
15.79 17.98
15.79 17.98
15.98 17.98
15.98 17.98
15.98 17.98
16.16 17.98
16.16 17.98
16.16 17.98
16.34 17.98
16.34 17.98
16.34 17.98
16.52 17.98
16.52 17.98
16.52 17.98
16.71 17.98
16.71 17.98
16.71 17.98
16.89 17.98
16.89 17.98
16.89 17.98
17.44 17.98
17.44 17.98
17.44 17.98
13.78 18.17
13.78 18.17
13.78 18.17
15.43 18.17
15.43 18.17
15.43 18.17
15.61 18.17
15.61 18.17
15.61 18.17
15.79 18.17
15.79 18.17
15.79 18.17
15.98 18.17
15.98 18.17
15.98 18.17
16.16 18.17
16.16 18.17
16.16 18.17
16.89 18.17
16.89 18.17
16.89 18.17
17.07 18.17
17.07 18.17
17.07 18.17
14.70 18.35
14.70 18.35
14.70 18.35
15.06 18.35
15.06 18.35
15.06 18.35
15.25 18.35
15.25 18.35
15.25 18.35
16.16 18.35
16.16 18.35
16.16 18.35
16.34 18.35
16.34 18.35
16.34 18.35
16.52 18.35
16.52 18.35
16.52 18.35
16.71 18.35
16.71 18.35
16.71 18.35
16.89 18.35
16.89 18.35
16.89 18.35
17.25 18.35
17.25 18.35
17.25 18.35
17.44 18.35
17.44 18.35
17.44 18.35
13.97 18.53
13.97 18.53
13.97 18.53
14.51 18.53
14.51 18.53
14.51 18.53
14.70 18.53
14.70 18.53
14.70 18.53
15.06 18.53
15.06 18.53
15.06 18.53
15.25 18.53
15.25 18.53
15.25 18.53
15.43 18.53
15.43 18.53
15.43 18.53
15.61 18.53
15.61 18.53
15.61 18.53
15.79 18.53
15.79 18.53
15.79 18.53
15.98 18.53
15.98 18.53
15.98 18.53
16.16 18.53
16.16 18.53
16.16 18.53
16.34 18.53
16.34 18.53
16.34 18.53
16.52 18.53
16.52 18.53
16.52 18.53
16.71 18.53
16.71 18.53
16.71 18.53
16.89 18.53
16.89 18.53
16.89 18.53
17.07 18.53
17.07 18.53
17.07 18.53
17.25 18.53
17.25 18.53
17.25 18.53
17.44 18.53
17.44 18.53
17.44 18.53
13.78 18.71
13.78 18.71
13.78 18.71
13.97 18.71
13.97 18.71
13.97 18.71
15.06 18.71
15.06 18.71
15.06 18.71
15.43 18.71
15.43 18.71
15.43 18.71
15.61 18.71
15.61 18.71
15.61 18.71
15.79 18.71
15.79 18.71
15.79 18.71
15.98 18.71
15.98 18.71
15.98 18.71
16.16 18.71
16.16 18.71
16.16 18.71
17.44 18.71
17.44 18.71
17.44 18.71
17.98 18.71
17.98 18.71
17.98 18.71
18.17 18.71
18.17 18.71
18.17 18.71
14.33 18.90
14.33 18.90
14.33 18.90
14.70 18.90
14.70 18.90
14.70 18.90
15.06 18.90
15.06 18.90
15.06 18.90
15.25 18.90
15.25 18.90
15.25 18.90
16.89 18.90
16.89 18.90
16.89 18.90
17.07 18.90
17.07 18.90
17.07 18.90
17.25 18.90
17.25 18.90
17.25 18.90
17.62 18.90
17.62 18.90
17.62 18.90
17.80 18.90
17.80 18.90
17.80 18.90
17.98 18.90
17.98 18.90
17.98 18.90
14.70 19.08
14.70 19.08
14.70 19.08
14.88 19.08
14.88 19.08
14.88 19.08
15.06 19.08
15.06 19.08
15.06 19.08
15.98 19.08
15.98 19.08
15.98 19.08
16.16 19.08
16.16 19.08
16.16 19.08
16.34 19.08
16.34 19.08
16.34 19.08
16.52 19.08
16.52 19.08
16.52 19.08
16.71 19.08
16.71 19.08
16.71 19.08
17.07 19.08
17.07 19.08
17.07 19.08
17.25 19.08
17.25 19.08
17.25 19.08
17.44 19.08
17.44 19.08
17.44 19.08
17.62 19.08
17.62 19.08
17.62 19.08
17.80 19.08
17.80 19.08
17.80 19.08
17.98 19.08
17.98 19.08
17.98 19.08
18.17 19.08
18.17 19.08
18.17 19.08
15.06 19.26
15.06 19.26
15.06 19.26
15.25 19.26
15.25 19.26
15.25 19.26
15.43 19.26
15.43 19.26
15.43 19.26
15.61 19.26
15.61 19.26
15.61 19.26
15.79 19.26
15.79 19.26
15.79 19.26
15.98 19.26
15.98 19.26
15.98 19.26
16.16 19.26
16.16 19.26
16.16 19.26
16.34 19.26
16.34 19.26
16.34 19.26
16.52 19.26
16.52 19.26
16.52 19.26
16.71 19.26
16.71 19.26
16.71 19.26
17.44 19.26
17.44 19.26
17.44 19.26
17.62 19.26
17.62 19.26
17.62 19.26
17.98 19.26
17.98 19.26
17.98 19.26
15.79 19.44
15.79 19.44
15.79 19.44
15.98 19.44
15.98 19.44
15.98 19.44
16.16 19.44
16.16 19.44
16.16 19.44
16.34 19.44
16.34 19.44
16.34 19.44
16.89 19.44
16.89 19.44
16.89 19.44
17.07 19.44
17.07 19.44
17.07 19.44
17.98 19.44
17.98 19.44
17.98 19.44
18.17 19.44
18.17 19.44
18.17 19.44
15.06 19.63
15.06 19.63
15.06 19.63
16.16 19.63
16.16 19.63
16.16 19.63
16.34 19.63
16.34 19.63
16.34 19.63
16.52 19.63
16.52 19.63
16.52 19.63
17.07 19.63
17.07 19.63
17.07 19.63
17.98 19.63
17.98 19.63
17.98 19.63
18.17 19.63
18.17 19.63
18.17 19.63
15.25 19.81
15.25 19.81
15.25 19.81
15.43 19.81
15.43 19.81
15.43 19.81
15.79 19.81
15.79 19.81
15.79 19.81
16.34 19.81
16.34 19.81
16.34 19.81
16.71 19.81
16.71 19.81
16.71 19.81
16.89 19.81
16.89 19.81
16.89 19.81
18.17 19.81
18.17 19.81
18.17 19.81
18.71 19.81
18.71 19.81
18.71 19.81
15.06 19.99
15.06 19.99
15.06 19.99
15.43 19.99
15.43 19.99
15.43 19.99
15.61 19.99
15.61 19.99
15.61 19.99
15.79 19.99
15.79 19.99
15.79 19.99
15.98 19.99
15.98 19.99
15.98 19.99
16.34 19.99
16.34 19.99
16.34 19.99
16.52 19.99
16.52 19.99
16.52 19.99
16.71 19.99
16.71 19.99
16.71 19.99
16.89 19.99
16.89 19.99
16.89 19.99
17.07 19.99
17.07 19.99
17.07 19.99
17.98 19.99
17.98 19.99
17.98 19.99
18.17 19.99
18.17 19.99
18.17 19.99
18.35 19.99
18.35 19.99
18.35 19.99
18.71 19.99
18.71 19.99
18.71 19.99
15.06 20.17
15.06 20.17
15.06 20.17
15.25 20.17
15.25 20.17
15.25 20.17
15.61 20.17
15.61 20.17
15.61 20.17
16.52 20.17
16.52 20.17
16.52 20.17
16.89 20.17
16.89 20.17
16.89 20.17
17.07 20.17
17.07 20.17
17.07 20.17
17.98 20.17
17.98 20.17
17.98 20.17
18.17 20.17
18.17 20.17
18.17 20.17
18.71 20.17
18.71 20.17
18.71 20.17
19.26 20.17
19.26 20.17
19.26 20.17
15.79 20.36
15.79 20.36
15.79 20.36
15.98 20.36
15.98 20.36
15.98 20.36
16.16 20.36
16.16 20.36
16.16 20.36
16.52 20.36
16.52 20.36
16.52 20.36
16.71 20.36
16.71 20.36
16.71 20.36
16.89 20.36
16.89 20.36
16.89 20.36
17.07 20.36
17.07 20.36
17.07 20.36
17.98 20.36
17.98 20.36
17.98 20.36
18.17 20.36
18.17 20.36
18.17 20.36
16.52 20.54
16.52 20.54
16.52 20.54
16.71 20.54
16.71 20.54
16.71 20.54
16.89 20.54
16.89 20.54
16.89 20.54
17.98 20.54
17.98 20.54
17.98 20.54
18.17 20.54
18.17 20.54
18.17 20.54
18.35 20.54
18.35 20.54
18.35 20.54
18.90 20.54
18.90 20.54
18.90 20.54
19.08 20.54
19.08 20.54
19.08 20.54
19.26 20.54
19.26 20.54
19.26 20.54
15.61 20.72
15.61 20.72
15.61 20.72
15.79 20.72
15.79 20.72
15.79 20.72
16.34 20.72
16.34 20.72
16.34 20.72
17.80 20.72
17.80 20.72
17.80 20.72
17.98 20.72
17.98 20.72
17.98 20.72
18.17 20.72
18.17 20.72
18.17 20.72
18.53 20.72
18.53 20.72
18.53 20.72
18.71 20.72
18.71 20.72
18.71 20.72
18.90 20.72
18.90 20.72
18.90 20.72
19.26 20.72
19.26 20.72
19.26 20.72
19.44 20.72
19.44 20.72
19.44 20.72
15.79 20.91
15.79 20.91
15.79 20.91
16.16 20.91
16.16 20.91
16.16 20.91
17.62 20.91
17.62 20.91
17.62 20.91
17.80 20.91
17.80 20.91
17.80 20.91
17.98 20.91
17.98 20.91
17.98 20.91
18.35 20.91
18.35 20.91
18.35 20.91
18.53 20.91
18.53 20.91
18.53 20.91
18.90 20.91
18.90 20.91
18.90 20.91
19.08 20.91
19.08 20.91
19.08 20.91
19.26 20.91
19.26 20.91
19.26 20.91
16.52 21.09
16.52 21.09
16.52 21.09
17.44 21.09
17.44 21.09
17.44 21.09
17.62 21.09
17.62 21.09
17.62 21.09
17.80 21.09
17.80 21.09
17.80 21.09
18.53 21.09
18.53 21.09
18.53 21.09
18.71 21.09
18.71 21.09
18.71 21.09
18.90 21.09
18.90 21.09
18.90 21.09
19.44 21.09
19.44 21.09
19.44 21.09
16.34 21.27
16.34 21.27
16.34 21.27
17.44 21.27
17.44 21.27
17.44 21.27
17.62 21.27
17.62 21.27
17.62 21.27
17.80 21.27
17.80 21.27
17.80 21.27
17.98 21.27
17.98 21.27
17.98 21.27
18.17 21.27
18.17 21.27
18.17 21.27
18.35 21.27
18.35 21.27
18.35 21.27
18.53 21.27
18.53 21.27
18.53 21.27
18.71 21.27
18.71 21.27
18.71 21.27
18.90 21.27
18.90 21.27
18.90 21.27
19.44 21.27
19.44 21.27
19.44 21.27
16.34 21.45
16.34 21.45
16.34 21.45
16.52 21.45
16.52 21.45
16.52 21.45
16.71 21.45
16.71 21.45
16.71 21.45
17.07 21.45
17.07 21.45
17.07 21.45
17.25 21.45
17.25 21.45
17.25 21.45
17.44 21.45
17.44 21.45
17.44 21.45
17.62 21.45
17.62 21.45
17.62 21.45
17.80 21.45
17.80 21.45
17.80 21.45
17.98 21.45
17.98 21.45
17.98 21.45
18.17 21.45
18.17 21.45
18.17 21.45
19.26 21.45
19.26 21.45
19.26 21.45
16.71 21.64
16.71 21.64
16.71 21.64
16.89 21.64
16.89 21.64
16.89 21.64
17.07 21.64
17.07 21.64
17.07 21.64
17.25 21.64
17.25 21.64
17.25 21.64
17.44 21.64
17.44 21.64
17.44 21.64
17.62 21.64
17.62 21.64
17.62 21.64
17.80 21.64
17.80 21.64
17.80 21.64
17.98 21.64
17.98 21.64
17.98 21.64
18.35 21.64
18.35 21.64
18.35 21.64
18.53 21.64
18.53 21.64
18.53 21.64
16.52 21.82
16.52 21.82
16.52 21.82
16.71 21.82
16.71 21.82
16.71 21.82
18.53 21.82
18.53 21.82
18.53 21.82
18.71 21.82
18.71 21.82
18.71 21.82
16.34 22.00
16.34 22.00
16.34 22.00
16.52 22.00
16.52 22.00
16.52 22.00
17.98 22.00
17.98 22.00
17.98 22.00
18.17 22.00
18.17 22.00
18.17 22.00
18.53 22.00
18.53 22.00
18.53 22.00
18.90 22.00
18.90 22.00
18.90 22.00
19.08 22.00
19.08 22.00
19.08 22.00
19.44 22.00
19.44 22.00
19.44 22.00
16.34 22.18
16.34 22.18
16.34 22.18
16.52 22.18
16.52 22.18
16.52 22.18
16.71 22.18
16.71 22.18
16.71 22.18
17.80 22.18
17.80 22.18
17.80 22.18
17.98 22.18
17.98 22.18
17.98 22.18
18.17 22.18
18.17 22.18
18.17 22.18
18.35 22.18
18.35 22.18
18.35 22.18
18.53 22.18
18.53 22.18
18.53 22.18
18.90 22.18
18.90 22.18
18.90 22.18
19.08 22.18
19.08 22.18
19.08 22.18
19.44 22.18
19.44 22.18
19.44 22.18
19.81 22.18
19.81 22.18
19.81 22.18
16.34 22.37
16.34 22.37
16.34 22.37
17.25 22.37
17.25 22.37
17.25 22.37
17.44 22.37
17.44 22.37
17.44 22.37
17.62 22.37
17.62 22.37
17.62 22.37
17.80 22.37
17.80 22.37
17.80 22.37
17.98 22.37
17.98 22.37
17.98 22.37
18.17 22.37
18.17 22.37
18.17 22.37
18.35 22.37
18.35 22.37
18.35 22.37
18.90 22.37
18.90 22.37
18.90 22.37
19.08 22.37
19.08 22.37
19.08 22.37
19.26 22.37
19.26 22.37
19.26 22.37
19.44 22.37
19.44 22.37
19.44 22.37
19.63 22.37
19.63 22.37
19.63 22.37
19.99 22.37
19.99 22.37
19.99 22.37
16.71 22.55
16.71 22.55
16.71 22.55
17.25 22.55
17.25 22.55
17.25 22.55
17.44 22.55
17.44 22.55
17.44 22.55
17.62 22.55
17.62 22.55
17.62 22.55
17.80 22.55
17.80 22.55
17.80 22.55
18.53 22.55
18.53 22.55
18.53 22.55
18.71 22.55
18.71 22.55
18.71 22.55
18.90 22.55
18.90 22.55
18.90 22.55
19.26 22.55
19.26 22.55
19.26 22.55
19.44 22.55
19.44 22.55
19.44 22.55
19.63 22.55
19.63 22.55
19.63 22.55
19.81 22.55
19.81 22.55
19.81 22.55
16.89 22.73
16.89 22.73
16.89 22.73
17.62 22.73
17.62 22.73
17.62 22.73
17.80 22.73
17.80 22.73
17.80 22.73
17.98 22.73
17.98 22.73
17.98 22.73
18.17 22.73
18.17 22.73
18.17 22.73
18.35 22.73
18.35 22.73
18.35 22.73
18.53 22.73
18.53 22.73
18.53 22.73
18.71 22.73
18.71 22.73
18.71 22.73
18.90 22.73
18.90 22.73
18.90 22.73
20.54 22.73
20.54 22.73
20.54 22.73
20.72 22.73
20.72 22.73
20.72 22.73
17.25 22.91
17.25 22.91
17.25 22.91
17.44 22.91
17.44 22.91
17.44 22.91
17.62 22.91
17.62 22.91
17.62 22.91
17.80 22.91
17.80 22.91
17.80 22.91
19.81 22.91
19.81 22.91
19.81 22.91
19.99 22.91
19.99 22.91
19.99 22.91
20.17 22.91
20.17 22.91
20.17 22.91
20.54 22.91
20.54 22.91
20.54 22.91
17.80 23.10
17.80 23.10
17.80 23.10
17.98 23.10
17.98 23.10
17.98 23.10
18.17 23.10
18.17 23.10
18.17 23.10
19.81 23.10
19.81 23.10
19.81 23.10
19.99 23.10
19.99 23.10
19.99 23.10
20.17 23.10
20.17 23.10
20.17 23.10
20.54 23.10
20.54 23.10
20.54 23.10
16.89 23.28
16.89 23.28
16.89 23.28
17.07 23.28
17.07 23.28
17.07 23.28
17.25 23.28
17.25 23.28
17.25 23.28
17.44 23.28
17.44 23.28
17.44 23.28
17.62 23.28
17.62 23.28
17.62 23.28
17.80 23.28
17.80 23.28
17.80 23.28
18.17 23.28
18.17 23.28
18.17 23.28
18.71 23.28
18.71 23.28
18.71 23.28
18.90 23.28
18.90 23.28
18.90 23.28
19.08 23.28
19.08 23.28
19.08 23.28
19.26 23.28
19.26 23.28
19.26 23.28
19.44 23.28
19.44 23.28
19.44 23.28
19.63 23.28
19.63 23.28
19.63 23.28
19.81 23.28
19.81 23.28
19.81 23.28
19.99 23.28
19.99 23.28
19.99 23.28
20.17 23.28
20.17 23.28
20.17 23.28
20.54 23.28
20.54 23.28
20.54 23.28
19.99 23.46
19.99 23.46
19.99 23.46
20.17 23.46
20.17 23.46
20.17 23.46
20.54 23.46
20.54 23.46
20.54 23.46
17.07 23.64
17.07 23.64
17.07 23.64
17.25 23.64
17.25 23.64
17.25 23.64
17.80 23.64
17.80 23.64
17.80 23.64
17.98 23.64
17.98 23.64
17.98 23.64
20.17 23.64
20.17 23.64
20.17 23.64
20.54 23.64
20.54 23.64
20.54 23.64
20.72 23.64
20.72 23.64
20.72 23.64
16.89 23.83
16.89 23.83
16.89 23.83
18.17 23.83
18.17 23.83
18.17 23.83
18.71 23.83
18.71 23.83
18.71 23.83
18.90 23.83
18.90 23.83
18.90 23.83
19.08 23.83
19.08 23.83
19.08 23.83
19.26 23.83
19.26 23.83
19.26 23.83
20.17 23.83
20.17 23.83
20.17 23.83
20.54 23.83
20.54 23.83
20.54 23.83
20.72 23.83
20.72 23.83
20.72 23.83
17.62 24.01
17.62 24.01
17.62 24.01
17.80 24.01
17.80 24.01
17.80 24.01
18.53 24.01
18.53 24.01
18.53 24.01
18.71 24.01
18.71 24.01
18.71 24.01
18.90 24.01
18.90 24.01
18.90 24.01
19.08 24.01
19.08 24.01
19.08 24.01
19.26 24.01
19.26 24.01
19.26 24.01
19.44 24.01
19.44 24.01
19.44 24.01
20.17 24.01
20.17 24.01
20.17 24.01
20.54 24.01
20.54 24.01
20.54 24.01
20.72 24.01
20.72 24.01
20.72 24.01
17.62 24.19
17.62 24.19
17.62 24.19
18.17 24.19
18.17 24.19
18.17 24.19
18.35 24.19
18.35 24.19
18.35 24.19
18.53 24.19
18.53 24.19
18.53 24.19
18.71 24.19
18.71 24.19
18.71 24.19
18.90 24.19
18.90 24.19
18.90 24.19
19.08 24.19
19.08 24.19
19.08 24.19
19.26 24.19
19.26 24.19
19.26 24.19
19.44 24.19
19.44 24.19
19.44 24.19
19.63 24.19
19.63 24.19
19.63 24.19
19.81 24.19
19.81 24.19
19.81 24.19
20.36 24.19
20.36 24.19
20.36 24.19
20.72 24.19
20.72 24.19
20.72 24.19
17.80 24.37
17.80 24.37
17.80 24.37
18.35 24.37
18.35 24.37
18.35 24.37
19.08 24.37
19.08 24.37
19.08 24.37
19.26 24.37
19.26 24.37
19.26 24.37
19.44 24.37
19.44 24.37
19.44 24.37
20.36 24.37
20.36 24.37
20.36 24.37
17.80 24.56
17.80 24.56
17.80 24.56
18.17 24.56
18.17 24.56
18.17 24.56
18.35 24.56
18.35 24.56
18.35 24.56
18.53 24.56
18.53 24.56
18.53 24.56
18.71 24.56
18.71 24.56
18.71 24.56
18.90 24.56
18.90 24.56
18.90 24.56
19.08 24.56
19.08 24.56
19.08 24.56
19.26 24.56
19.26 24.56
19.26 24.56
19.81 24.56
19.81 24.56
19.81 24.56
19.99 24.56
19.99 24.56
19.99 24.56
20.72 24.56
20.72 24.56
20.72 24.56
17.62 24.74
17.62 24.74
17.62 24.74
18.17 24.74
18.17 24.74
18.17 24.74
18.35 24.74
18.35 24.74
18.35 24.74
18.53 24.74
18.53 24.74
18.53 24.74
18.71 24.74
18.71 24.74
18.71 24.74
19.08 24.74
19.08 24.74
19.08 24.74
19.26 24.74
19.26 24.74
19.26 24.74
19.99 24.74
19.99 24.74
19.99 24.74
20.17 24.74
20.17 24.74
20.17 24.74
20.36 24.74
20.36 24.74
20.36 24.74
20.54 24.74
20.54 24.74
20.54 24.74
17.62 24.92
17.62 24.92
17.62 24.92
17.80 24.92
17.80 24.92
17.80 24.92
17.98 24.92
17.98 24.92
17.98 24.92
18.35 24.92
18.35 24.92
18.35 24.92
19.81 24.92
19.81 24.92
19.81 24.92
20.36 24.92
20.36 24.92
20.36 24.92
20.72 24.92
20.72 24.92
20.72 24.92
17.62 25.10
17.62 25.10
17.62 25.10
17.98 25.10
17.98 25.10
17.98 25.10
18.17 25.10
18.17 25.10
18.17 25.10
19.44 25.10
19.44 25.10
19.44 25.10
19.63 25.10
19.63 25.10
19.63 25.10
19.81 25.10
19.81 25.10
19.81 25.10
20.17 25.10
20.17 25.10
20.17 25.10
20.36 25.10
20.36 25.10
20.36 25.10
21.09 25.10
21.09 25.10
21.09 25.10
19.08 25.29
19.08 25.29
19.08 25.29
19.26 25.29
19.26 25.29
19.26 25.29
19.44 25.29
19.44 25.29
19.44 25.29
19.63 25.29
19.63 25.29
19.63 25.29
20.17 25.29
20.17 25.29
20.17 25.29
20.72 25.29
20.72 25.29
20.72 25.29
21.09 25.29
21.09 25.29
21.09 25.29
21.27 25.29
21.27 25.29
21.27 25.29
18.35 25.47
18.35 25.47
18.35 25.47
18.53 25.47
18.53 25.47
18.53 25.47
18.71 25.47
18.71 25.47
18.71 25.47
18.90 25.47
18.90 25.47
18.90 25.47
19.08 25.47
19.08 25.47
19.08 25.47
19.26 25.47
19.26 25.47
19.26 25.47
19.44 25.47
19.44 25.47
19.44 25.47
19.81 25.47
19.81 25.47
19.81 25.47
20.54 25.47
20.54 25.47
20.54 25.47
21.09 25.47
21.09 25.47
21.09 25.47
18.35 25.65
18.35 25.65
18.35 25.65
19.08 25.65
19.08 25.65
19.08 25.65
19.26 25.65
19.26 25.65
19.26 25.65
19.44 25.65
19.44 25.65
19.44 25.65
19.63 25.65
19.63 25.65
19.63 25.65
20.36 25.65
20.36 25.65
20.36 25.65
20.54 25.65
20.54 25.65
20.54 25.65
20.72 25.65
20.72 25.65
20.72 25.65
20.91 25.65
20.91 25.65
20.91 25.65
21.09 25.65
21.09 25.65
21.09 25.65
19.44 25.83
19.44 25.83
19.44 25.83
19.63 25.83
19.63 25.83
19.63 25.83
19.81 25.83
19.81 25.83
19.81 25.83
19.99 25.83
19.99 25.83
19.99 25.83
20.17 25.83
20.17 25.83
20.17 25.83
20.36 25.83
20.36 25.83
20.36 25.83
20.54 25.83
20.54 25.83
20.54 25.83
20.72 25.83
20.72 25.83
20.72 25.83
18.17 26.02
18.17 26.02
18.17 26.02
19.81 26.02
19.81 26.02
19.81 26.02
19.99 26.02
19.99 26.02
19.99 26.02
20.17 26.02
20.17 26.02
20.17 26.02
20.36 26.02
20.36 26.02
20.36 26.02
20.54 26.02
20.54 26.02
20.54 26.02
20.72 26.02
20.72 26.02
20.72 26.02
21.27 26.02
21.27 26.02
21.27 26.02
18.17 26.20
18.17 26.20
18.17 26.20
19.63 26.20
19.63 26.20
19.63 26.20
20.36 26.20
20.36 26.20
20.36 26.20
20.54 26.20
20.54 26.20
20.54 26.20
20.72 26.20
20.72 26.20
20.72 26.20
20.91 26.20
20.91 26.20
20.91 26.20
21.09 26.20
21.09 26.20
21.09 26.20
18.17 26.38
18.17 26.38
18.17 26.38
18.35 26.38
18.35 26.38
18.35 26.38
18.53 26.38
18.53 26.38
18.53 26.38
18.71 26.38
18.71 26.38
18.71 26.38
18.90 26.38
18.90 26.38
18.90 26.38
19.08 26.38
19.08 26.38
19.08 26.38
19.26 26.38
19.26 26.38
19.26 26.38
20.54 26.38
20.54 26.38
20.54 26.38
20.72 26.38
20.72 26.38
20.72 26.38
20.91 26.38
20.91 26.38
20.91 26.38
21.09 26.38
21.09 26.38
21.09 26.38
21.27 26.38
21.27 26.38
21.27 26.38
21.82 26.38
21.82 26.38
21.82 26.38
22.00 26.38
22.00 26.38
22.00 26.38
18.17 26.56
18.17 26.56
18.17 26.56
18.53 26.56
18.53 26.56
18.53 26.56
18.71 26.56
18.71 26.56
18.71 26.56
18.90 26.56
18.90 26.56
18.90 26.56
19.08 26.56
19.08 26.56
19.08 26.56
20.36 26.56
20.36 26.56
20.36 26.56
20.54 26.56
20.54 26.56
20.54 26.56
20.72 26.56
20.72 26.56
20.72 26.56
20.91 26.56
20.91 26.56
20.91 26.56
21.09 26.56
21.09 26.56
21.09 26.56
21.27 26.56
21.27 26.56
21.27 26.56
21.45 26.56
21.45 26.56
21.45 26.56
22.00 26.56
22.00 26.56
22.00 26.56
18.17 26.75
18.17 26.75
18.17 26.75
18.53 26.75
18.53 26.75
18.53 26.75
18.71 26.75
18.71 26.75
18.71 26.75
18.90 26.75
18.90 26.75
18.90 26.75
19.81 26.75
19.81 26.75
19.81 26.75
19.99 26.75
19.99 26.75
19.99 26.75
20.17 26.75
20.17 26.75
20.17 26.75
20.36 26.75
20.36 26.75
20.36 26.75
20.54 26.75
20.54 26.75
20.54 26.75
20.72 26.75
20.72 26.75
20.72 26.75
20.91 26.75
20.91 26.75
20.91 26.75
21.27 26.75
21.27 26.75
21.27 26.75
21.45 26.75
21.45 26.75
21.45 26.75
21.64 26.75
21.64 26.75
21.64 26.75
21.82 26.75
21.82 26.75
21.82 26.75
22.00 26.75
22.00 26.75
22.00 26.75
18.17 26.93
18.17 26.93
18.17 26.93
18.35 26.93
18.35 26.93
18.35 26.93
18.53 26.93
18.53 26.93
18.53 26.93
18.71 26.93
18.71 26.93
18.71 26.93
18.90 26.93
18.90 26.93
18.90 26.93
19.81 26.93
19.81 26.93
19.81 26.93
19.99 26.93
19.99 26.93
19.99 26.93
20.17 26.93
20.17 26.93
20.17 26.93
20.36 26.93
20.36 26.93
20.36 26.93
20.54 26.93
20.54 26.93
20.54 26.93
20.72 26.93
20.72 26.93
20.72 26.93
20.91 26.93
20.91 26.93
20.91 26.93
21.09 26.93
21.09 26.93
21.09 26.93
21.82 26.93
21.82 26.93
21.82 26.93
18.53 27.11
18.53 27.11
18.53 27.11
18.71 27.11
18.71 27.11
18.71 27.11
19.08 27.11
19.08 27.11
19.08 27.11
19.63 27.11
19.63 27.11
19.63 27.11
19.81 27.11
19.81 27.11
19.81 27.11
19.99 27.11
19.99 27.11
19.99 27.11
20.36 27.11
20.36 27.11
20.36 27.11
20.72 27.11
20.72 27.11
20.72 27.11
18.17 27.30
18.17 27.30
18.17 27.30
18.35 27.30
18.35 27.30
18.35 27.30
18.53 27.30
18.53 27.30
18.53 27.30
19.08 27.30
19.08 27.30
19.08 27.30
20.17 27.30
20.17 27.30
20.17 27.30
20.36 27.30
20.36 27.30
20.36 27.30
20.54 27.30
20.54 27.30
20.54 27.30
20.72 27.30
20.72 27.30
20.72 27.30
21.27 27.30
21.27 27.30
21.27 27.30
18.53 27.48
18.53 27.48
18.53 27.48
18.71 27.48
18.71 27.48
18.71 27.48
18.90 27.48
18.90 27.48
18.90 27.48
19.81 27.48
19.81 27.48
19.81 27.48
20.17 27.48
20.17 27.48
20.17 27.48
18.90 27.66
18.90 27.66
18.90 27.66
19.44 27.66
19.44 27.66
19.44 27.66
20.17 27.66
20.17 27.66
20.17 27.66
20.36 27.66
20.36 27.66
20.36 27.66
20.72 27.66
20.72 27.66
20.72 27.66
18.35 27.84
18.35 27.84
18.35 27.84
18.90 27.84
18.90 27.84
18.90 27.84
19.08 27.84
19.08 27.84
19.08 27.84
19.63 27.84
19.63 27.84
19.63 27.84
19.99 27.84
19.99 27.84
19.99 27.84
20.17 27.84
20.17 27.84
20.17 27.84
19.44 28.03
19.44 28.03
19.44 28.03
19.63 28.03
19.63 28.03
19.63 28.03
19.81 28.03
19.81 28.03
19.81 28.03
19.99 28.03
19.99 28.03
19.99 28.03
18.90 28.21
18.90 28.21
18.90 28.21
19.08 28.21
19.08 28.21
19.08 28.21
19.26 28.21
19.26 28.21
19.26 28.21
19.44 28.21
19.44 28.21
19.44 28.21
