6.66 -52.86
6.66 -52.86
6.66 -52.86
6.85 -52.86
6.85 -52.86
6.85 -52.86
7.03 -52.86
7.03 -52.86
7.03 -52.86
6.48 -52.67
6.48 -52.67
6.48 -52.67
7.03 -52.67
7.03 -52.67
7.03 -52.67
9.77 -52.49
9.77 -52.49
9.77 -52.49
9.77 -52.31
9.77 -52.31
9.77 -52.31
7.21 -52.13
7.21 -52.13
7.21 -52.13
7.76 -52.13
7.76 -52.13
7.76 -52.13
9.22 -52.13
9.22 -52.13
9.22 -52.13
9.59 -52.13
9.59 -52.13
9.59 -52.13
9.95 -52.13
9.95 -52.13
9.95 -52.13
10.13 -52.13
10.13 -52.13
10.13 -52.13
10.32 -52.13
10.32 -52.13
10.32 -52.13
7.21 -51.94
7.21 -51.94
7.21 -51.94
7.39 -51.94
7.39 -51.94
7.39 -51.94
7.94 -51.94
7.94 -51.94
7.94 -51.94
8.31 -51.94
8.31 -51.94
8.31 -51.94
8.85 -51.94
8.85 -51.94
8.85 -51.94
10.13 -51.94
10.13 -51.94
10.13 -51.94
7.21 -51.76
7.21 -51.76
7.21 -51.76
8.49 -51.76
8.49 -51.76
8.49 -51.76
9.77 -51.76
9.77 -51.76
9.77 -51.76
9.95 -51.76
9.95 -51.76
9.95 -51.76
10.32 -51.76
10.32 -51.76
10.32 -51.76
8.12 -51.58
8.12 -51.58
8.12 -51.58
8.31 -51.58
8.31 -51.58
8.31 -51.58
8.49 -51.58
8.49 -51.58
8.49 -51.58
11.05 -49.75
11.05 -49.75
11.05 -49.75
11.05 -49.39
11.05 -49.39
11.05 -49.39
14.15 -47.38
14.15 -47.38
14.15 -47.38
15.25 -45.74
15.25 -45.74
15.25 -45.74
15.43 -45.74
15.43 -45.74
15.43 -45.74
13.78 -45.37
13.78 -45.37
13.78 -45.37
13.97 -45.37
13.97 -45.37
13.97 -45.37
13.78 -45.19
13.78 -45.19
13.78 -45.19
13.97 -45.19
13.97 -45.19
13.97 -45.19
15.61 -45.01
15.61 -45.01
15.61 -45.01
15.98 -45.01
15.98 -45.01
15.98 -45.01
13.78 -44.82
13.78 -44.82
13.78 -44.82
15.98 -44.82
15.98 -44.82
15.98 -44.82
16.16 -44.64
16.16 -44.64
16.16 -44.64
14.33 -44.46
14.33 -44.46
14.33 -44.46
16.16 -44.46
16.16 -44.46
16.16 -44.46
14.51 -44.27
14.51 -44.27
14.51 -44.27
14.88 -44.27
14.88 -44.27
14.88 -44.27
15.06 -44.27
15.06 -44.27
15.06 -44.27
15.25 -44.27
15.25 -44.27
15.25 -44.27
15.79 -44.27
15.79 -44.27
15.79 -44.27
15.98 -44.27
15.98 -44.27
15.98 -44.27
14.51 -44.09
14.51 -44.09
14.51 -44.09
14.70 -44.09
14.70 -44.09
14.70 -44.09
14.88 -44.09
14.88 -44.09
14.88 -44.09
14.33 -43.91
14.33 -43.91
14.33 -43.91
14.51 -43.73
14.51 -43.73
14.51 -43.73
14.88 -43.54
14.88 -43.54
14.88 -43.54
14.88 -43.36
14.88 -43.36
14.88 -43.36
15.25 -43.00
15.25 -43.00
15.25 -43.00
15.43 -43.00
15.43 -43.00
15.43 -43.00
15.79 -43.00
15.79 -43.00
15.79 -43.00
15.98 -43.00
15.98 -43.00
15.98 -43.00
15.43 -42.81
15.43 -42.81
15.43 -42.81
15.61 -42.81
15.61 -42.81
15.61 -42.81
15.98 -42.81
15.98 -42.81
15.98 -42.81
16.16 -42.81
16.16 -42.81
16.16 -42.81
16.52 -42.81
16.52 -42.81
16.52 -42.81
15.25 -42.63
15.25 -42.63
15.25 -42.63
15.61 -42.63
15.61 -42.63
15.61 -42.63
15.98 -42.63
15.98 -42.63
15.98 -42.63
15.06 -42.45
15.06 -42.45
15.06 -42.45
15.25 -42.45
15.25 -42.45
15.25 -42.45
15.43 -42.45
15.43 -42.45
15.43 -42.45
15.61 -42.45
15.61 -42.45
15.61 -42.45
15.79 -42.45
15.79 -42.45
15.79 -42.45
16.52 -42.45
16.52 -42.45
16.52 -42.45
16.71 -42.45
16.71 -42.45
16.71 -42.45
15.79 -42.27
15.79 -42.27
15.79 -42.27
16.16 -42.27
16.16 -42.27
16.16 -42.27
16.34 -42.27
16.34 -42.27
16.34 -42.27
16.52 -42.27
16.52 -42.27
16.52 -42.27
15.25 -41.90
15.25 -41.90
15.25 -41.90
15.43 -41.90
15.43 -41.90
15.43 -41.90
15.06 -41.54
15.06 -41.54
15.06 -41.54
15.06 -41.35
15.06 -41.35
15.06 -41.35
15.06 -41.17
15.06 -41.17
15.06 -41.17
15.06 -40.99
15.06 -40.99
15.06 -40.99
15.43 -40.99
15.43 -40.99
15.43 -40.99
15.06 -40.81
15.06 -40.81
15.06 -40.81
15.25 -40.81
15.25 -40.81
15.25 -40.81
15.25 -40.62
15.25 -40.62
15.25 -40.62
15.43 -40.62
15.43 -40.62
15.43 -40.62
15.43 -40.44
15.43 -40.44
15.43 -40.44
15.25 -40.26
15.25 -40.26
15.25 -40.26
15.43 -40.08
15.43 -40.08
15.43 -40.08
16.71 -40.08
16.71 -40.08
16.71 -40.08
15.06 -39.89
15.06 -39.89
15.06 -39.89
15.25 -39.89
15.25 -39.89
15.25 -39.89
15.43 -39.89
15.43 -39.89
15.43 -39.89
15.61 -39.89
15.61 -39.89
15.61 -39.89
16.52 -39.89
16.52 -39.89
16.52 -39.89
16.71 -39.89
16.71 -39.89
16.71 -39.89
14.88 -39.71
14.88 -39.71
14.88 -39.71
15.06 -39.71
15.06 -39.71
15.06 -39.71
15.25 -39.71
15.25 -39.71
15.25 -39.71
15.43 -39.71
15.43 -39.71
15.43 -39.71
15.61 -39.71
15.61 -39.71
15.61 -39.71
15.79 -39.71
15.79 -39.71
15.79 -39.71
16.52 -39.71
16.52 -39.71
16.52 -39.71
16.71 -39.71
16.71 -39.71
16.71 -39.71
16.89 -39.71
16.89 -39.71
16.89 -39.71
17.07 -39.71
17.07 -39.71
17.07 -39.71
17.25 -39.71
17.25 -39.71
17.25 -39.71
14.33 -39.53
14.33 -39.53
14.33 -39.53
14.88 -39.53
14.88 -39.53
14.88 -39.53
15.43 -39.53
15.43 -39.53
15.43 -39.53
15.61 -39.53
15.61 -39.53
15.61 -39.53
15.79 -39.53
15.79 -39.53
15.79 -39.53
16.52 -39.53
16.52 -39.53
16.52 -39.53
16.71 -39.53
16.71 -39.53
16.71 -39.53
16.89 -39.53
16.89 -39.53
16.89 -39.53
14.70 -39.35
14.70 -39.35
14.70 -39.35
15.43 -39.35
15.43 -39.35
15.43 -39.35
15.61 -39.35
15.61 -39.35
15.61 -39.35
16.89 -39.35
16.89 -39.35
16.89 -39.35
17.07 -39.35
17.07 -39.35
17.07 -39.35
14.33 -39.16
14.33 -39.16
14.33 -39.16
14.70 -39.16
14.70 -39.16
14.70 -39.16
15.25 -39.16
15.25 -39.16
15.25 -39.16
15.43 -39.16
15.43 -39.16
15.43 -39.16
15.61 -39.16
15.61 -39.16
15.61 -39.16
17.25 -39.16
17.25 -39.16
17.25 -39.16
17.44 -39.16
17.44 -39.16
17.44 -39.16
14.33 -38.98
14.33 -38.98
14.33 -38.98
14.70 -38.98
14.70 -38.98
14.70 -38.98
14.88 -38.98
14.88 -38.98
14.88 -38.98
15.06 -38.98
15.06 -38.98
15.06 -38.98
15.43 -38.98
15.43 -38.98
15.43 -38.98
15.61 -38.98
15.61 -38.98
15.61 -38.98
15.79 -38.98
15.79 -38.98
15.79 -38.98
15.98 -38.98
15.98 -38.98
15.98 -38.98
16.89 -38.98
16.89 -38.98
16.89 -38.98
17.07 -38.98
17.07 -38.98
17.07 -38.98
17.25 -38.98
17.25 -38.98
17.25 -38.98
14.51 -38.80
14.51 -38.80
14.51 -38.80
15.06 -38.80
15.06 -38.80
15.06 -38.80
15.25 -38.80
15.25 -38.80
15.25 -38.80
15.43 -38.80
15.43 -38.80
15.43 -38.80
15.61 -38.80
15.61 -38.80
15.61 -38.80
15.79 -38.80
15.79 -38.80
15.79 -38.80
15.98 -38.80
15.98 -38.80
15.98 -38.80
16.16 -38.80
16.16 -38.80
16.16 -38.80
16.34 -38.80
16.34 -38.80
16.34 -38.80
14.33 -38.61
14.33 -38.61
14.33 -38.61
14.70 -38.61
14.70 -38.61
14.70 -38.61
14.88 -38.61
14.88 -38.61
14.88 -38.61
15.06 -38.61
15.06 -38.61
15.06 -38.61
15.25 -38.61
15.25 -38.61
15.25 -38.61
15.43 -38.61
15.43 -38.61
15.43 -38.61
15.79 -38.61
15.79 -38.61
15.79 -38.61
15.98 -38.61
15.98 -38.61
15.98 -38.61
16.52 -38.61
16.52 -38.61
16.52 -38.61
16.71 -38.61
16.71 -38.61
16.71 -38.61
14.33 -38.43
14.33 -38.43
14.33 -38.43
14.51 -38.43
14.51 -38.43
14.51 -38.43
14.88 -38.43
14.88 -38.43
14.88 -38.43
15.43 -38.43
15.43 -38.43
15.43 -38.43
15.79 -38.43
15.79 -38.43
15.79 -38.43
15.98 -38.43
15.98 -38.43
15.98 -38.43
16.34 -38.43
16.34 -38.43
16.34 -38.43
16.52 -38.43
16.52 -38.43
16.52 -38.43
14.33 -38.25
14.33 -38.25
14.33 -38.25
14.51 -38.25
14.51 -38.25
14.51 -38.25
15.25 -38.25
15.25 -38.25
15.25 -38.25
15.43 -38.25
15.43 -38.25
15.43 -38.25
15.79 -38.25
15.79 -38.25
15.79 -38.25
16.52 -38.25
16.52 -38.25
16.52 -38.25
16.71 -38.25
16.71 -38.25
16.71 -38.25
14.51 -38.07
14.51 -38.07
14.51 -38.07
14.70 -38.07
14.70 -38.07
14.70 -38.07
15.25 -38.07
15.25 -38.07
15.25 -38.07
15.61 -38.07
15.61 -38.07
15.61 -38.07
15.79 -38.07
15.79 -38.07
15.79 -38.07
15.61 -37.88
15.61 -37.88
15.61 -37.88
15.79 -37.88
15.79 -37.88
15.79 -37.88
15.98 -37.88
15.98 -37.88
15.98 -37.88
16.16 -37.88
16.16 -37.88
16.16 -37.88
15.98 -37.70
15.98 -37.70
15.98 -37.70
13.97 -37.52
13.97 -37.52
13.97 -37.52
15.79 -37.52
15.79 -37.52
15.79 -37.52
16.16 -37.52
16.16 -37.52
16.16 -37.52
13.60 -37.34
13.60 -37.34
13.60 -37.34
13.78 -37.34
13.78 -37.34
13.78 -37.34
15.61 -37.34
15.61 -37.34
15.61 -37.34
15.79 -37.34
15.79 -37.34
15.79 -37.34
16.16 -37.34
16.16 -37.34
16.16 -37.34
13.78 -37.15
13.78 -37.15
13.78 -37.15
13.97 -37.15
13.97 -37.15
13.97 -37.15
14.15 -37.15
14.15 -37.15
14.15 -37.15
15.61 -37.15
15.61 -37.15
15.61 -37.15
16.16 -37.15
16.16 -37.15
16.16 -37.15
13.05 -36.97
13.05 -36.97
13.05 -36.97
13.24 -36.97
13.24 -36.97
13.24 -36.97
13.60 -36.97
13.60 -36.97
13.60 -36.97
14.15 -36.97
14.15 -36.97
14.15 -36.97
14.70 -36.97
14.70 -36.97
14.70 -36.97
15.06 -36.97
15.06 -36.97
15.06 -36.97
15.25 -36.97
15.25 -36.97
15.25 -36.97
13.42 -36.79
13.42 -36.79
13.42 -36.79
14.33 -36.79
14.33 -36.79
14.33 -36.79
14.51 -36.79
14.51 -36.79
14.51 -36.79
14.70 -36.79
14.70 -36.79
14.70 -36.79
14.88 -36.79
14.88 -36.79
14.88 -36.79
13.05 -36.61
13.05 -36.61
13.05 -36.61
13.42 -36.61
13.42 -36.61
13.42 -36.61
13.78 -36.61
13.78 -36.61
13.78 -36.61
13.97 -36.61
13.97 -36.61
13.97 -36.61
14.15 -36.61
14.15 -36.61
14.15 -36.61
14.88 -36.61
14.88 -36.61
14.88 -36.61
15.25 -36.61
15.25 -36.61
15.25 -36.61
15.43 -36.61
15.43 -36.61
15.43 -36.61
13.05 -36.42
13.05 -36.42
13.05 -36.42
13.24 -36.42
13.24 -36.42
13.24 -36.42
13.42 -36.42
13.42 -36.42
13.42 -36.42
14.51 -36.42
14.51 -36.42
14.51 -36.42
14.70 -36.42
14.70 -36.42
14.70 -36.42
15.06 -36.42
15.06 -36.42
15.06 -36.42
15.25 -36.42
15.25 -36.42
15.25 -36.42
15.43 -36.42
15.43 -36.42
15.43 -36.42
13.05 -36.24
13.05 -36.24
13.05 -36.24
13.24 -36.24
13.24 -36.24
13.24 -36.24
13.60 -36.24
13.60 -36.24
13.60 -36.24
13.78 -36.24
13.78 -36.24
13.78 -36.24
14.15 -36.24
14.15 -36.24
14.15 -36.24
14.33 -36.24
14.33 -36.24
14.33 -36.24
14.51 -36.24
14.51 -36.24
14.51 -36.24
15.06 -36.24
15.06 -36.24
15.06 -36.24
13.42 -36.06
13.42 -36.06
13.42 -36.06
13.60 -36.06
13.60 -36.06
13.60 -36.06
13.97 -36.06
13.97 -36.06
13.97 -36.06
13.05 -35.88
13.05 -35.88
13.05 -35.88
13.24 -35.88
13.24 -35.88
13.24 -35.88
13.42 -35.88
13.42 -35.88
13.42 -35.88
13.97 -35.88
13.97 -35.88
13.97 -35.88
14.33 -35.88
14.33 -35.88
14.33 -35.88
14.51 -35.88
14.51 -35.88
14.51 -35.88
13.24 -35.69
13.24 -35.69
13.24 -35.69
13.78 -35.69
13.78 -35.69
13.78 -35.69
13.97 -35.69
13.97 -35.69
13.97 -35.69
14.33 -35.69
14.33 -35.69
14.33 -35.69
12.51 -35.51
12.51 -35.51
12.51 -35.51
12.87 -35.51
12.87 -35.51
12.87 -35.51
13.05 -35.51
13.05 -35.51
13.05 -35.51
14.33 -35.51
14.33 -35.51
14.33 -35.51
12.32 -35.33
12.32 -35.33
12.32 -35.33
12.69 -35.33
12.69 -35.33
12.69 -35.33
14.51 -35.33
14.51 -35.33
14.51 -35.33
14.70 -35.33
14.70 -35.33
14.70 -35.33
11.78 -35.15
11.78 -35.15
11.78 -35.15
11.96 -35.15
11.96 -35.15
11.96 -35.15
12.32 -35.15
12.32 -35.15
12.32 -35.15
12.51 -35.15
12.51 -35.15
12.51 -35.15
11.78 -34.96
11.78 -34.96
11.78 -34.96
12.14 -34.96
12.14 -34.96
12.14 -34.96
12.51 -34.96
12.51 -34.96
12.51 -34.96
12.87 -34.96
12.87 -34.96
12.87 -34.96
11.96 -34.78
11.96 -34.78
11.96 -34.78
12.14 -34.78
12.14 -34.78
12.14 -34.78
12.87 -34.78
12.87 -34.78
12.87 -34.78
13.60 -34.60
13.60 -34.60
13.60 -34.60
11.78 -34.42
11.78 -34.42
11.78 -34.42
13.60 -34.42
13.60 -34.42
13.60 -34.42
13.78 -34.42
13.78 -34.42
13.78 -34.42
13.97 -34.42
13.97 -34.42
13.97 -34.42
12.14 -34.23
12.14 -34.23
12.14 -34.23
13.60 -34.23
13.60 -34.23
13.60 -34.23
14.15 -34.23
14.15 -34.23
14.15 -34.23
11.96 -34.05
11.96 -34.05
11.96 -34.05
12.14 -34.05
12.14 -34.05
12.14 -34.05
13.60 -34.05
13.60 -34.05
13.60 -34.05
11.96 -33.87
11.96 -33.87
11.96 -33.87
13.24 -33.50
13.24 -33.50
13.24 -33.50
12.69 -33.32
12.69 -33.32
12.69 -33.32
12.87 -33.32
12.87 -33.32
12.87 -33.32
13.42 -33.32
13.42 -33.32
13.42 -33.32
12.32 -33.14
12.32 -33.14
12.32 -33.14
12.69 -33.14
12.69 -33.14
12.69 -33.14
12.87 -33.14
12.87 -33.14
12.87 -33.14
13.42 -33.14
13.42 -33.14
13.42 -33.14
13.05 -32.96
13.05 -32.96
13.05 -32.96
12.32 -32.77
12.32 -32.77
12.32 -32.77
13.42 -32.77
13.42 -32.77
13.42 -32.77
11.78 -32.59
11.78 -32.59
11.78 -32.59
11.96 -32.59
11.96 -32.59
11.96 -32.59
12.14 -32.59
12.14 -32.59
12.14 -32.59
12.51 -32.59
12.51 -32.59
12.51 -32.59
12.69 -32.59
12.69 -32.59
12.69 -32.59
12.87 -32.59
12.87 -32.59
12.87 -32.59
13.05 -32.59
13.05 -32.59
13.05 -32.59
13.42 -32.59
13.42 -32.59
13.42 -32.59
11.96 -32.41
11.96 -32.41
11.96 -32.41
12.14 -32.41
12.14 -32.41
12.14 -32.41
12.32 -32.41
12.32 -32.41
12.32 -32.41
13.05 -32.41
13.05 -32.41
13.05 -32.41
11.78 -32.22
11.78 -32.22
11.78 -32.22
12.51 -32.22
12.51 -32.22
12.51 -32.22
12.69 -32.22
12.69 -32.22
12.69 -32.22
13.42 -32.22
13.42 -32.22
13.42 -32.22
11.78 -32.04
11.78 -32.04
11.78 -32.04
11.96 -32.04
11.96 -32.04
11.96 -32.04
12.87 -32.04
12.87 -32.04
12.87 -32.04
11.96 -31.86
11.96 -31.86
11.96 -31.86
12.14 -31.86
12.14 -31.86
12.14 -31.86
12.51 -31.86
12.51 -31.86
12.51 -31.86
12.87 -31.86
12.87 -31.86
12.87 -31.86
11.05 -31.31
11.05 -31.31
11.05 -31.31
11.23 -31.31
11.23 -31.31
11.23 -31.31
11.59 -31.13
11.59 -31.13
11.59 -31.13
11.05 -30.95
11.05 -30.95
11.05 -30.95
11.59 -30.95
11.59 -30.95
11.59 -30.95
11.41 -30.76
11.41 -30.76
11.41 -30.76
11.59 -30.76
11.59 -30.76
11.59 -30.76
11.05 -30.58
11.05 -30.58
11.05 -30.58
11.41 -30.58
11.41 -30.58
11.41 -30.58
11.05 -30.22
11.05 -30.22
11.05 -30.22
11.23 -30.22
11.23 -30.22
11.23 -30.22
11.41 -30.22
11.41 -30.22
11.41 -30.22
11.59 -30.22
11.59 -30.22
11.59 -30.22
12.87 -30.22
12.87 -30.22
12.87 -30.22
11.41 -30.03
11.41 -30.03
11.41 -30.03
11.96 -30.03
11.96 -30.03
11.96 -30.03
12.51 -30.03
12.51 -30.03
12.51 -30.03
11.23 -29.85
11.23 -29.85
11.23 -29.85
11.78 -29.85
11.78 -29.85
11.78 -29.85
11.96 -29.85
11.96 -29.85
11.96 -29.85
12.32 -29.85
12.32 -29.85
12.32 -29.85
12.51 -29.85
12.51 -29.85
12.51 -29.85
12.69 -29.85
12.69 -29.85
12.69 -29.85
11.05 -29.67
11.05 -29.67
11.05 -29.67
11.59 -29.67
11.59 -29.67
11.59 -29.67
11.96 -29.67
11.96 -29.67
11.96 -29.67
12.14 -29.67
12.14 -29.67
12.14 -29.67
11.23 -28.39
11.23 -28.39
11.23 -28.39
11.78 -28.39
11.78 -28.39
11.78 -28.39
11.23 -28.21
11.23 -28.21
11.23 -28.21
11.59 -28.21
11.59 -28.21
11.59 -28.21
11.78 -28.21
11.78 -28.21
11.78 -28.21
11.96 -28.21
11.96 -28.21
11.96 -28.21
11.05 -28.03
11.05 -28.03
11.05 -28.03
11.23 -28.03
11.23 -28.03
11.23 -28.03
12.14 -28.03
12.14 -28.03
12.14 -28.03
-1.37 -3.01
-1.37 -3.01
-1.37 -3.01
-1.37 -2.83
-1.37 -2.83
-1.37 -2.83
-1.92 -2.65
-1.92 -2.65
-1.92 -2.65
-1.55 -2.65
-1.55 -2.65
-1.55 -2.65
-1.92 -2.46
-1.92 -2.46
-1.92 -2.46
-1.73 -2.46
-1.73 -2.46
-1.73 -2.46
0.27 -2.46
0.27 -2.46
0.27 -2.46
0.64 -2.46
0.64 -2.46
0.64 -2.46
-1.00 -1.73
-1.00 -1.73
-1.00 -1.73
1.37 -1.73
1.37 -1.73
1.37 -1.73
-1.37 -1.55
-1.37 -1.55
-1.37 -1.55
-1.19 -1.55
-1.19 -1.55
-1.19 -1.55
-1.00 -1.55
-1.00 -1.55
-1.00 -1.55
-0.27 -1.55
-0.27 -1.55
-0.27 -1.55
-0.09 -1.55
-0.09 -1.55
-0.09 -1.55
0.46 -1.55
0.46 -1.55
0.46 -1.55
0.82 -1.55
0.82 -1.55
0.82 -1.55
1.00 -1.55
1.00 -1.55
1.00 -1.55
1.37 -1.55
1.37 -1.55
1.37 -1.55
-1.37 -1.37
-1.37 -1.37
-1.37 -1.37
-0.64 -1.37
-0.64 -1.37
-0.64 -1.37
-0.46 -1.37
-0.46 -1.37
-0.46 -1.37
1.00 -1.37
1.00 -1.37
1.00 -1.37
1.19 -1.37
1.19 -1.37
1.19 -1.37
1.37 -1.37
1.37 -1.37
1.37 -1.37
-0.46 -1.19
-0.46 -1.19
-0.46 -1.19
-0.27 -1.19
-0.27 -1.19
-0.27 -1.19
-0.09 -1.19
-0.09 -1.19
-0.09 -1.19
0.09 -1.19
0.09 -1.19
0.09 -1.19
0.27 -1.19
0.27 -1.19
0.27 -1.19
0.46 -1.19
0.46 -1.19
0.46 -1.19
0.64 -1.19
0.64 -1.19
0.64 -1.19
0.82 -1.19
0.82 -1.19
0.82 -1.19
1.19 -1.19
1.19 -1.19
1.19 -1.19
1.37 -1.19
1.37 -1.19
1.37 -1.19
1.55 -1.19
1.55 -1.19
1.55 -1.19
1.73 -1.19
1.73 -1.19
1.73 -1.19
-0.64 -1.00
-0.64 -1.00
-0.64 -1.00
-0.46 -1.00
-0.46 -1.00
-0.46 -1.00
-0.27 -1.00
-0.27 -1.00
-0.27 -1.00
0.27 -1.00
0.27 -1.00
0.27 -1.00
0.82 -1.00
0.82 -1.00
0.82 -1.00
1.00 -1.00
1.00 -1.00
1.00 -1.00
1.19 -1.00
1.19 -1.00
1.19 -1.00
1.55 -1.00
1.55 -1.00
1.55 -1.00
1.73 -1.00
1.73 -1.00
1.73 -1.00
-0.27 -0.82
-0.27 -0.82
-0.27 -0.82
-0.09 -0.82
-0.09 -0.82
-0.09 -0.82
0.27 -0.82
0.27 -0.82
0.27 -0.82
0.46 -0.82
0.46 -0.82
0.46 -0.82
0.64 -0.82
0.64 -0.82
0.64 -0.82
0.82 -0.82
0.82 -0.82
0.82 -0.82
1.00 -0.82
1.00 -0.82
1.00 -0.82
1.19 -0.82
1.19 -0.82
1.19 -0.82
1.37 -0.82
1.37 -0.82
1.37 -0.82
1.55 -0.82
1.55 -0.82
1.55 -0.82
1.73 -0.82
1.73 -0.82
1.73 -0.82
1.92 -0.82
1.92 -0.82
1.92 -0.82
-0.09 -0.64
-0.09 -0.64
-0.09 -0.64
0.46 -0.64
0.46 -0.64
0.46 -0.64
0.64 -0.64
0.64 -0.64
0.64 -0.64
2.10 -0.64
2.10 -0.64
2.10 -0.64
2.46 -0.64
2.46 -0.64
2.46 -0.64
2.65 -0.64
2.65 -0.64
2.65 -0.64
-0.27 -0.46
-0.27 -0.46
-0.27 -0.46
-0.09 -0.46
-0.09 -0.46
-0.09 -0.46
0.09 -0.46
0.09 -0.46
0.09 -0.46
0.46 -0.46
0.46 -0.46
0.46 -0.46
0.82 -0.46
0.82 -0.46
0.82 -0.46
2.10 -0.46
2.10 -0.46
2.10 -0.46
2.28 -0.46
2.28 -0.46
2.28 -0.46
-0.64 -0.27
-0.64 -0.27
-0.64 -0.27
0.09 -0.27
0.09 -0.27
0.09 -0.27
0.46 -0.27
0.46 -0.27
0.46 -0.27
0.64 -0.27
0.64 -0.27
0.64 -0.27
0.82 -0.27
0.82 -0.27
0.82 -0.27
1.00 -0.27
1.00 -0.27
1.00 -0.27
2.65 -0.27
2.65 -0.27
2.65 -0.27
0.09 -0.09
0.09 -0.09
0.09 -0.09
0.46 -0.09
0.46 -0.09
0.46 -0.09
0.64 -0.09
0.64 -0.09
0.64 -0.09
0.82 -0.09
0.82 -0.09
0.82 -0.09
1.00 -0.09
1.00 -0.09
1.00 -0.09
2.46 -0.09
2.46 -0.09
2.46 -0.09
0.27 0.09
0.27 0.09
0.27 0.09
0.64 0.09
0.64 0.09
0.64 0.09
0.82 0.09
0.82 0.09
0.82 0.09
1.00 0.09
1.00 0.09
1.00 0.09
2.28 0.09
2.28 0.09
2.28 0.09
2.46 0.09
2.46 0.09
2.46 0.09
0.09 0.27
0.09 0.27
0.09 0.27
0.27 0.27
0.27 0.27
0.27 0.27
0.64 0.27
0.64 0.27
0.64 0.27
0.82 0.27
0.82 0.27
0.82 0.27
1.00 0.27
1.00 0.27
1.00 0.27
3.01 0.27
3.01 0.27
3.01 0.27
3.38 0.27
3.38 0.27
3.38 0.27
0.27 0.46
0.27 0.46
0.27 0.46
0.64 0.46
0.64 0.46
0.64 0.46
0.82 0.46
0.82 0.46
0.82 0.46
1.00 0.46
1.00 0.46
1.00 0.46
1.92 0.46
1.92 0.46
1.92 0.46
2.10 0.46
2.10 0.46
2.10 0.46
2.28 0.46
2.28 0.46
2.28 0.46
2.46 0.46
2.46 0.46
2.46 0.46
2.65 0.46
2.65 0.46
2.65 0.46
2.83 0.46
2.83 0.46
2.83 0.46
3.01 0.46
3.01 0.46
3.01 0.46
3.38 0.46
3.38 0.46
3.38 0.46
0.09 0.64
0.09 0.64
0.09 0.64
0.27 0.64
0.27 0.64
0.27 0.64
0.46 0.64
0.46 0.64
0.46 0.64
0.82 0.64
0.82 0.64
0.82 0.64
1.00 0.64
1.00 0.64
1.00 0.64
1.19 0.64
1.19 0.64
1.19 0.64
1.37 0.64
1.37 0.64
1.37 0.64
1.55 0.64
1.55 0.64
1.55 0.64
1.73 0.64
1.73 0.64
1.73 0.64
1.92 0.64
1.92 0.64
1.92 0.64
2.10 0.64
2.10 0.64
2.10 0.64
2.28 0.64
2.28 0.64
2.28 0.64
2.83 0.64
2.83 0.64
2.83 0.64
3.20 0.64
3.20 0.64
3.20 0.64
3.38 0.64
3.38 0.64
3.38 0.64
1.00 0.82
1.00 0.82
1.00 0.82
1.19 0.82
1.19 0.82
1.19 0.82
1.55 0.82
1.55 0.82
1.55 0.82
2.10 0.82
2.10 0.82
2.10 0.82
2.46 0.82
2.46 0.82
2.46 0.82
3.20 0.82
3.20 0.82
3.20 0.82
1.00 1.00
1.00 1.00
1.00 1.00
1.19 1.00
1.19 1.00
1.19 1.00
1.37 1.00
1.37 1.00
1.37 1.00
1.55 1.00
1.55 1.00
1.55 1.00
1.73 1.00
1.73 1.00
1.73 1.00
2.83 1.00
2.83 1.00
2.83 1.00
3.38 1.00
3.38 1.00
3.38 1.00
0.82 1.19
0.82 1.19
0.82 1.19
1.00 1.19
1.00 1.19
1.00 1.19
1.19 1.19
1.19 1.19
1.19 1.19
1.92 1.19
1.92 1.19
1.92 1.19
2.10 1.19
2.10 1.19
2.10 1.19
2.28 1.19
2.28 1.19
2.28 1.19
2.46 1.19
2.46 1.19
2.46 1.19
2.83 1.19
2.83 1.19
2.83 1.19
3.01 1.19
3.01 1.19
3.01 1.19
3.38 1.19
3.38 1.19
3.38 1.19
3.56 1.19
3.56 1.19
3.56 1.19
3.74 1.19
3.74 1.19
3.74 1.19
0.82 1.37
0.82 1.37
0.82 1.37
1.55 1.37
1.55 1.37
1.55 1.37
1.73 1.37
1.73 1.37
1.73 1.37
1.92 1.37
1.92 1.37
1.92 1.37
2.28 1.37
2.28 1.37
2.28 1.37
2.46 1.37
2.46 1.37
2.46 1.37
3.01 1.37
3.01 1.37
3.01 1.37
0.82 1.55
0.82 1.55
0.82 1.55
1.92 1.55
1.92 1.55
1.92 1.55
2.46 1.55
2.46 1.55
2.46 1.55
3.20 1.55
3.20 1.55
3.20 1.55
3.38 1.55
3.38 1.55
3.38 1.55
3.56 1.55
3.56 1.55
3.56 1.55
3.93 1.55
3.93 1.55
3.93 1.55
4.11 1.55
4.11 1.55
4.11 1.55
4.47 1.55
4.47 1.55
4.47 1.55
4.66 1.55
4.66 1.55
4.66 1.55
1.37 1.73
1.37 1.73
1.37 1.73
3.01 1.73
3.01 1.73
3.01 1.73
3.56 1.73
3.56 1.73
3.56 1.73
3.74 1.73
3.74 1.73
3.74 1.73
1.37 1.92
1.37 1.92
1.37 1.92
1.73 1.92
1.73 1.92
1.73 1.92
1.92 1.92
1.92 1.92
1.92 1.92
2.28 1.92
2.28 1.92
2.28 1.92
2.65 1.92
2.65 1.92
2.65 1.92
2.83 1.92
2.83 1.92
2.83 1.92
4.47 1.92
4.47 1.92
4.47 1.92
4.66 1.92
4.66 1.92
4.66 1.92
1.73 2.10
1.73 2.10
1.73 2.10
2.10 2.10
2.10 2.10
2.10 2.10
2.46 2.10
2.46 2.10
2.46 2.10
2.65 2.10
2.65 2.10
2.65 2.10
3.38 2.10
3.38 2.10
3.38 2.10
4.11 2.10
4.11 2.10
4.11 2.10
1.37 2.28
1.37 2.28
1.37 2.28
2.10 2.28
2.10 2.28
2.10 2.28
3.56 2.28
3.56 2.28
3.56 2.28
3.93 2.28
3.93 2.28
3.93 2.28
4.11 2.28
4.11 2.28
4.11 2.28
4.47 2.28
4.47 2.28
4.47 2.28
3.93 2.46
3.93 2.46
3.93 2.46
4.11 2.46
4.11 2.46
4.11 2.46
4.66 2.46
4.66 2.46
4.66 2.46
4.84 2.46
4.84 2.46
4.84 2.46
3.74 2.65
3.74 2.65
3.74 2.65
4.84 2.65
4.84 2.65
4.84 2.65
5.02 2.65
5.02 2.65
5.02 2.65
5.39 2.65
5.39 2.65
5.39 2.65
2.28 2.83
2.28 2.83
2.28 2.83
2.46 2.83
2.46 2.83
2.46 2.83
2.65 2.83
2.65 2.83
2.65 2.83
2.83 2.83
2.83 2.83
2.83 2.83
3.01 2.83
3.01 2.83
3.01 2.83
3.20 2.83
3.20 2.83
3.20 2.83
3.74 2.83
3.74 2.83
3.74 2.83
4.29 2.83
4.29 2.83
4.29 2.83
4.47 2.83
4.47 2.83
4.47 2.83
4.66 2.83
4.66 2.83
4.66 2.83
5.20 2.83
5.20 2.83
5.20 2.83
5.39 2.83
5.39 2.83
5.39 2.83
2.10 3.01
2.10 3.01
2.10 3.01
2.28 3.01
2.28 3.01
2.28 3.01
2.46 3.01
2.46 3.01
2.46 3.01
3.38 3.01
3.38 3.01
3.38 3.01
3.56 3.01
3.56 3.01
3.56 3.01
3.93 3.01
3.93 3.01
3.93 3.01
4.11 3.01
4.11 3.01
4.11 3.01
4.29 3.01
4.29 3.01
4.29 3.01
4.84 3.01
4.84 3.01
4.84 3.01
5.02 3.01
5.02 3.01
5.02 3.01
5.39 3.01
5.39 3.01
5.39 3.01
5.57 3.01
5.57 3.01
5.57 3.01
2.10 3.20
2.10 3.20
2.10 3.20
3.93 3.20
3.93 3.20
3.93 3.20
4.11 3.20
4.11 3.20
4.11 3.20
5.39 3.20
5.39 3.20
5.39 3.20
5.57 3.20
5.57 3.20
5.57 3.20
5.93 3.20
5.93 3.20
5.93 3.20
4.47 3.38
4.47 3.38
4.47 3.38
4.66 3.38
4.66 3.38
4.66 3.38
4.84 3.38
4.84 3.38
4.84 3.38
5.57 3.38
5.57 3.38
5.57 3.38
5.93 3.38
5.93 3.38
5.93 3.38
2.10 3.56
2.10 3.56
2.10 3.56
2.28 3.56
2.28 3.56
2.28 3.56
2.46 3.56
2.46 3.56
2.46 3.56
2.65 3.56
2.65 3.56
2.65 3.56
2.83 3.56
2.83 3.56
2.83 3.56
3.01 3.56
3.01 3.56
3.01 3.56
5.20 3.56
5.20 3.56
5.20 3.56
5.75 3.56
5.75 3.56
5.75 3.56
5.93 3.56
5.93 3.56
5.93 3.56
6.30 3.56
6.30 3.56
6.30 3.56
6.66 3.56
6.66 3.56
6.66 3.56
3.38 3.74
3.38 3.74
3.38 3.74
5.02 3.74
5.02 3.74
5.02 3.74
5.75 3.74
5.75 3.74
5.75 3.74
5.93 3.74
5.93 3.74
5.93 3.74
6.12 3.74
6.12 3.74
6.12 3.74
6.30 3.74
6.30 3.74
6.30 3.74
6.48 3.74
6.48 3.74
6.48 3.74
2.83 3.93
2.83 3.93
2.83 3.93
3.01 3.93
3.01 3.93
3.01 3.93
3.38 3.93
3.38 3.93
3.38 3.93
3.74 3.93
3.74 3.93
3.74 3.93
4.29 3.93
4.29 3.93
4.29 3.93
4.47 3.93
4.47 3.93
4.47 3.93
4.66 3.93
4.66 3.93
4.66 3.93
6.66 3.93
6.66 3.93
6.66 3.93
5.02 4.11
5.02 4.11
5.02 4.11
5.20 4.11
5.20 4.11
5.20 4.11
5.39 4.11
5.39 4.11
5.39 4.11
3.56 4.29
3.56 4.29
3.56 4.29
3.74 4.29
3.74 4.29
3.74 4.29
3.93 4.29
3.93 4.29
3.93 4.29
4.11 4.29
4.11 4.29
4.11 4.29
4.84 4.29
4.84 4.29
4.84 4.29
5.02 4.29
5.02 4.29
5.02 4.29
5.20 4.29
5.20 4.29
5.20 4.29
5.39 4.29
5.39 4.29
5.39 4.29
5.57 4.29
5.57 4.29
5.57 4.29
5.75 4.29
5.75 4.29
5.75 4.29
6.66 4.29
6.66 4.29
6.66 4.29
3.38 4.47
3.38 4.47
3.38 4.47
4.47 4.47
4.47 4.47
4.47 4.47
4.66 4.47
4.66 4.47
4.66 4.47
4.84 4.47
4.84 4.47
4.84 4.47
5.20 4.47
5.20 4.47
5.20 4.47
5.39 4.47
5.39 4.47
5.39 4.47
5.57 4.47
5.57 4.47
5.57 4.47
5.75 4.47
5.75 4.47
5.75 4.47
5.93 4.47
5.93 4.47
5.93 4.47
3.38 4.66
3.38 4.66
3.38 4.66
3.74 4.66
3.74 4.66
3.74 4.66
4.66 4.66
4.66 4.66
4.66 4.66
4.84 4.66
4.84 4.66
4.84 4.66
7.03 4.66
7.03 4.66
7.03 4.66
3.93 4.84
3.93 4.84
3.93 4.84
4.11 4.84
4.11 4.84
4.11 4.84
4.29 4.84
4.29 4.84
4.29 4.84
4.66 4.84
4.66 4.84
4.66 4.84
4.84 4.84
4.84 4.84
4.84 4.84
4.29 5.02
4.29 5.02
4.29 5.02
6.66 5.02
6.66 5.02
6.66 5.02
6.85 5.02
6.85 5.02
6.85 5.02
7.03 5.02
7.03 5.02
7.03 5.02
4.11 5.20
4.11 5.20
4.11 5.20
4.29 5.20
4.29 5.20
4.29 5.20
5.57 5.20
5.57 5.20
5.57 5.20
5.75 5.20
5.75 5.20
5.75 5.20
7.03 5.20
7.03 5.20
7.03 5.20
7.39 5.20
7.39 5.20
7.39 5.20
4.47 5.39
4.47 5.39
4.47 5.39
5.02 5.39
5.02 5.39
5.02 5.39
5.20 5.39
5.20 5.39
5.20 5.39
5.39 5.39
5.39 5.39
5.39 5.39
5.57 5.39
5.57 5.39
5.57 5.39
6.66 5.39
6.66 5.39
6.66 5.39
7.21 5.39
7.21 5.39
7.21 5.39
7.39 5.39
7.39 5.39
7.39 5.39
4.47 5.57
4.47 5.57
4.47 5.57
4.66 5.57
4.66 5.57
4.66 5.57
5.02 5.57
5.02 5.57
5.02 5.57
5.20 5.57
5.20 5.57
5.20 5.57
5.39 5.57
5.39 5.57
5.39 5.57
5.57 5.57
5.57 5.57
5.57 5.57
5.75 5.57
5.75 5.57
5.75 5.57
7.21 5.57
7.21 5.57
7.21 5.57
4.11 5.75
4.11 5.75
4.11 5.75
4.29 5.75
4.29 5.75
4.29 5.75
4.84 5.75
4.84 5.75
4.84 5.75
5.02 5.75
5.02 5.75
5.02 5.75
5.93 5.75
5.93 5.75
5.93 5.75
6.12 5.75
6.12 5.75
6.12 5.75
6.30 5.75
6.30 5.75
6.30 5.75
6.48 5.75
6.48 5.75
6.48 5.75
6.66 5.75
6.66 5.75
6.66 5.75
6.85 5.75
6.85 5.75
6.85 5.75
7.21 5.75
7.21 5.75
7.21 5.75
7.39 5.75
7.39 5.75
7.39 5.75
7.94 5.75
7.94 5.75
7.94 5.75
4.84 5.93
4.84 5.93
4.84 5.93
5.93 5.93
5.93 5.93
5.93 5.93
6.12 5.93
6.12 5.93
6.12 5.93
6.30 5.93
6.30 5.93
6.30 5.93
6.85 5.93
6.85 5.93
6.85 5.93
7.39 5.93
7.39 5.93
7.39 5.93
7.58 5.93
7.58 5.93
7.58 5.93
7.94 5.93
7.94 5.93
7.94 5.93
4.84 6.12
4.84 6.12
4.84 6.12
5.93 6.12
5.93 6.12
5.93 6.12
6.12 6.12
6.12 6.12
6.12 6.12
5.20 6.30
5.20 6.30
5.20 6.30
5.39 6.30
5.39 6.30
5.39 6.30
5.57 6.30
5.57 6.30
5.57 6.30
5.75 6.30
5.75 6.30
5.75 6.30
5.93 6.30
5.93 6.30
5.93 6.30
6.12 6.30
6.12 6.30
6.12 6.30
6.66 6.30
6.66 6.30
6.66 6.30
7.39 6.30
7.39 6.30
7.39 6.30
7.58 6.30
7.58 6.30
7.58 6.30
7.76 6.30
7.76 6.30
7.76 6.30
5.02 6.48
5.02 6.48
5.02 6.48
5.20 6.48
5.20 6.48
5.20 6.48
5.39 6.48
5.39 6.48
5.39 6.48
5.57 6.48
5.57 6.48
5.57 6.48
5.75 6.48
5.75 6.48
5.75 6.48
5.93 6.48
5.93 6.48
5.93 6.48
6.12 6.48
6.12 6.48
6.12 6.48
6.30 6.48
6.30 6.48
6.30 6.48
6.48 6.48
6.48 6.48
6.48 6.48
6.66 6.48
6.66 6.48
6.66 6.48
6.85 6.48
6.85 6.48
6.85 6.48
7.03 6.48
7.03 6.48
7.03 6.48
7.39 6.48
7.39 6.48
7.39 6.48
7.94 6.48
7.94 6.48
7.94 6.48
5.57 6.66
5.57 6.66
5.57 6.66
5.75 6.66
5.75 6.66
5.75 6.66
6.12 6.66
6.12 6.66
6.12 6.66
6.48 6.66
6.48 6.66
6.48 6.66
6.66 6.66
6.66 6.66
6.66 6.66
6.85 6.66
6.85 6.66
6.85 6.66
7.03 6.66
7.03 6.66
7.03 6.66
7.58 6.66
7.58 6.66
7.58 6.66
7.76 6.66
7.76 6.66
7.76 6.66
7.94 6.66
7.94 6.66
7.94 6.66
8.12 6.66
8.12 6.66
8.12 6.66
8.31 6.66
8.31 6.66
8.31 6.66
8.67 6.66
8.67 6.66
8.67 6.66
5.39 6.85
5.39 6.85
5.39 6.85
5.57 6.85
5.57 6.85
5.57 6.85
6.30 6.85
6.30 6.85
6.30 6.85
6.48 6.85
6.48 6.85
6.48 6.85
6.66 6.85
6.66 6.85
6.66 6.85
6.85 6.85
6.85 6.85
6.85 6.85
7.03 6.85
7.03 6.85
7.03 6.85
7.21 6.85
7.21 6.85
7.21 6.85
7.39 6.85
7.39 6.85
7.39 6.85
7.58 6.85
7.58 6.85
7.58 6.85
8.31 6.85
8.31 6.85
8.31 6.85
8.49 6.85
8.49 6.85
8.49 6.85
8.67 6.85
8.67 6.85
8.67 6.85
5.39 7.03
5.39 7.03
5.39 7.03
5.93 7.03
5.93 7.03
5.93 7.03
6.12 7.03
6.12 7.03
6.12 7.03
6.66 7.03
6.66 7.03
6.66 7.03
6.85 7.03
6.85 7.03
6.85 7.03
7.03 7.03
7.03 7.03
7.03 7.03
7.21 7.03
7.21 7.03
7.21 7.03
7.39 7.03
7.39 7.03
7.39 7.03
7.58 7.03
7.58 7.03
7.58 7.03
7.76 7.03
7.76 7.03
7.76 7.03
8.12 7.03
8.12 7.03
8.12 7.03
8.67 7.03
8.67 7.03
8.67 7.03
5.75 7.21
5.75 7.21
5.75 7.21
6.48 7.21
6.48 7.21
6.48 7.21
7.21 7.21
7.21 7.21
7.21 7.21
7.39 7.21
7.39 7.21
7.39 7.21
7.58 7.21
7.58 7.21
7.58 7.21
7.76 7.21
7.76 7.21
7.76 7.21
7.94 7.21
7.94 7.21
7.94 7.21
8.12 7.21
8.12 7.21
8.12 7.21
8.31 7.21
8.31 7.21
8.31 7.21
8.49 7.21
8.49 7.21
8.49 7.21
9.40 7.21
9.40 7.21
9.40 7.21
5.75 7.39
5.75 7.39
5.75 7.39
6.12 7.39
6.12 7.39
6.12 7.39
6.48 7.39
6.48 7.39
6.48 7.39
7.76 7.39
7.76 7.39
7.76 7.39
7.94 7.39
7.94 7.39
7.94 7.39
8.31 7.39
8.31 7.39
8.31 7.39
8.49 7.39
8.49 7.39
8.49 7.39
9.04 7.39
9.04 7.39
9.04 7.39
9.40 7.39
9.40 7.39
9.40 7.39
5.39 7.58
5.39 7.58
5.39 7.58
5.57 7.58
5.57 7.58
5.57 7.58
5.93 7.58
5.93 7.58
5.93 7.58
6.12 7.58
6.12 7.58
6.12 7.58
6.66 7.58
6.66 7.58
6.66 7.58
7.94 7.58
7.94 7.58
7.94 7.58
8.31 7.58
8.31 7.58
8.31 7.58
8.49 7.58
8.49 7.58
8.49 7.58
8.67 7.58
8.67 7.58
8.67 7.58
8.85 7.58
8.85 7.58
8.85 7.58
9.04 7.58
9.04 7.58
9.04 7.58
6.12 7.76
6.12 7.76
6.12 7.76
6.30 7.76
6.30 7.76
6.30 7.76
6.48 7.76
6.48 7.76
6.48 7.76
6.66 7.76
6.66 7.76
6.66 7.76
7.94 7.76
7.94 7.76
7.94 7.76
8.12 7.76
8.12 7.76
8.12 7.76
8.31 7.76
8.31 7.76
8.31 7.76
8.67 7.76
8.67 7.76
8.67 7.76
8.85 7.76
8.85 7.76
8.85 7.76
7.21 7.94
7.21 7.94
7.21 7.94
7.39 7.94
7.39 7.94
7.39 7.94
7.58 7.94
7.58 7.94
7.58 7.94
7.76 7.94
7.76 7.94
7.76 7.94
7.94 7.94
7.94 7.94
7.94 7.94
8.67 7.94
8.67 7.94
8.67 7.94
9.22 7.94
9.22 7.94
9.22 7.94
9.77 7.94
9.77 7.94
9.77 7.94
9.95 7.94
9.95 7.94
9.95 7.94
6.30 8.12
6.30 8.12
6.30 8.12
7.58 8.12
7.58 8.12
7.58 8.12
7.94 8.12
7.94 8.12
7.94 8.12
9.95 8.12
9.95 8.12
9.95 8.12
7.39 8.31
7.39 8.31
7.39 8.31
7.58 8.31
7.58 8.31
7.58 8.31
8.12 8.31
8.12 8.31
8.12 8.31
8.31 8.31
8.31 8.31
8.31 8.31
8.49 8.31
8.49 8.31
8.49 8.31
8.67 8.31
8.67 8.31
8.67 8.31
9.95 8.31
9.95 8.31
9.95 8.31
6.12 8.49
6.12 8.49
6.12 8.49
6.30 8.49
6.30 8.49
6.30 8.49
8.49 8.49
8.49 8.49
8.49 8.49
8.67 8.49
8.67 8.49
8.67 8.49
8.85 8.49
8.85 8.49
8.85 8.49
9.59 8.49
9.59 8.49
9.59 8.49
6.12 8.67
6.12 8.67
6.12 8.67
6.30 8.67
6.30 8.67
6.30 8.67
6.66 8.67
6.66 8.67
6.66 8.67
6.85 8.67
6.85 8.67
6.85 8.67
7.76 8.67
7.76 8.67
7.76 8.67
8.85 8.67
8.85 8.67
8.85 8.67
9.04 8.67
9.04 8.67
9.04 8.67
9.22 8.67
9.22 8.67
9.22 8.67
9.40 8.67
9.40 8.67
9.40 8.67
9.95 8.67
9.95 8.67
9.95 8.67
6.85 8.85
6.85 8.85
6.85 8.85
7.03 8.85
7.03 8.85
7.03 8.85
7.21 8.85
7.21 8.85
7.21 8.85
7.76 8.85
7.76 8.85
7.76 8.85
8.12 8.85
8.12 8.85
8.12 8.85
8.31 8.85
8.31 8.85
8.31 8.85
9.22 8.85
9.22 8.85
9.22 8.85
9.40 8.85
9.40 8.85
9.40 8.85
9.59 8.85
9.59 8.85
9.59 8.85
9.77 8.85
9.77 8.85
9.77 8.85
9.95 8.85
9.95 8.85
9.95 8.85
7.21 9.04
7.21 9.04
7.21 9.04
7.39 9.04
7.39 9.04
7.39 9.04
7.76 9.04
7.76 9.04
7.76 9.04
8.12 9.04
8.12 9.04
8.12 9.04
8.31 9.04
8.31 9.04
8.31 9.04
9.22 9.04
9.22 9.04
9.22 9.04
9.40 9.04
9.40 9.04
9.40 9.04
7.39 9.22
7.39 9.22
7.39 9.22
7.76 9.22
7.76 9.22
7.76 9.22
8.12 9.22
8.12 9.22
8.12 9.22
9.22 9.22
9.22 9.22
9.22 9.22
9.40 9.22
9.40 9.22
9.40 9.22
9.77 9.22
9.77 9.22
9.77 9.22
9.95 9.22
9.95 9.22
9.95 9.22
7.03 9.40
7.03 9.40
7.03 9.40
7.39 9.40
7.39 9.40
7.39 9.40
7.76 9.40
7.76 9.40
7.76 9.40
7.94 9.40
7.94 9.40
7.94 9.40
8.12 9.40
8.12 9.40
8.12 9.40
8.31 9.40
8.31 9.40
8.31 9.40
8.49 9.40
8.49 9.40
8.49 9.40
8.67 9.40
8.67 9.40
8.67 9.40
7.39 9.59
7.39 9.59
7.39 9.59
7.76 9.59
7.76 9.59
7.76 9.59
7.94 9.59
7.94 9.59
7.94 9.59
8.12 9.59
8.12 9.59
8.12 9.59
8.31 9.59
8.31 9.59
8.31 9.59
8.49 9.59
8.49 9.59
8.49 9.59
8.67 9.59
8.67 9.59
8.67 9.59
9.77 9.59
9.77 9.59
9.77 9.59
9.95 9.59
9.95 9.59
9.95 9.59
7.58 9.77
7.58 9.77
7.58 9.77
7.76 9.77
7.76 9.77
7.76 9.77
9.59 9.77
9.59 9.77
9.59 9.77
9.77 9.77
9.77 9.77
9.77 9.77
9.95 9.77
9.95 9.77
9.95 9.77
10.13 9.77
10.13 9.77
10.13 9.77
10.68 9.77
10.68 9.77
10.68 9.77
7.39 9.95
7.39 9.95
7.39 9.95
7.58 9.95
7.58 9.95
7.58 9.95
7.76 9.95
7.76 9.95
7.76 9.95
7.94 9.95
7.94 9.95
7.94 9.95
8.12 9.95
8.12 9.95
8.12 9.95
9.04 9.95
9.04 9.95
9.04 9.95
9.22 9.95
9.22 9.95
9.22 9.95
9.40 9.95
9.40 9.95
9.40 9.95
9.59 9.95
9.59 9.95
9.59 9.95
10.13 9.95
10.13 9.95
10.13 9.95
10.50 9.95
10.50 9.95
10.50 9.95
7.39 10.13
7.39 10.13
7.39 10.13
8.12 10.13
8.12 10.13
8.12 10.13
8.67 10.13
8.67 10.13
8.67 10.13
8.85 10.13
8.85 10.13
8.85 10.13
9.04 10.13
9.04 10.13
9.04 10.13
9.22 10.13
9.22 10.13
9.22 10.13
9.95 10.13
9.95 10.13
9.95 10.13
10.68 10.13
10.68 10.13
10.68 10.13
7.94 10.32
7.94 10.32
7.94 10.32
8.67 10.32
8.67 10.32
8.67 10.32
8.85 10.32
8.85 10.32
8.85 10.32
9.04 10.32
9.04 10.32
9.04 10.32
10.13 10.32
10.13 10.32
10.13 10.32
10.50 10.32
10.50 10.32
10.50 10.32
10.68 10.32
10.68 10.32
10.68 10.32
10.86 10.32
10.86 10.32
10.86 10.32
7.39 10.50
7.39 10.50
7.39 10.50
8.49 10.50
8.49 10.50
8.49 10.50
8.67 10.50
8.67 10.50
8.67 10.50
8.85 10.50
8.85 10.50
8.85 10.50
9.04 10.50
9.04 10.50
9.04 10.50
10.13 10.50
10.13 10.50
10.13 10.50
10.32 10.50
10.32 10.50
10.32 10.50
10.50 10.50
10.50 10.50
10.50 10.50
10.86 10.50
10.86 10.50
10.86 10.50
11.23 10.50
11.23 10.50
11.23 10.50
7.58 10.68
7.58 10.68
7.58 10.68
7.76 10.68
7.76 10.68
7.76 10.68
7.94 10.68
7.94 10.68
7.94 10.68
8.12 10.68
8.12 10.68
8.12 10.68
8.31 10.68
8.31 10.68
8.31 10.68
8.49 10.68
8.49 10.68
8.49 10.68
8.67 10.68
8.67 10.68
8.67 10.68
8.85 10.68
8.85 10.68
8.85 10.68
9.04 10.68
9.04 10.68
9.04 10.68
9.22 10.68
9.22 10.68
9.22 10.68
9.40 10.68
9.40 10.68
9.40 10.68
9.59 10.68
9.59 10.68
9.59 10.68
9.77 10.68
9.77 10.68
9.77 10.68
9.95 10.68
9.95 10.68
9.95 10.68
10.32 10.68
10.32 10.68
10.32 10.68
10.68 10.68
10.68 10.68
10.68 10.68
10.86 10.68
10.86 10.68
10.86 10.68
11.05 10.68
11.05 10.68
11.05 10.68
11.41 10.68
11.41 10.68
11.41 10.68
11.59 10.68
11.59 10.68
11.59 10.68
11.78 10.68
11.78 10.68
11.78 10.68
11.96 10.68
11.96 10.68
11.96 10.68
7.39 10.86
7.39 10.86
7.39 10.86
8.31 10.86
8.31 10.86
8.31 10.86
8.49 10.86
8.49 10.86
8.49 10.86
8.67 10.86
8.67 10.86
8.67 10.86
9.22 10.86
9.22 10.86
9.22 10.86
9.40 10.86
9.40 10.86
9.40 10.86
10.32 10.86
10.32 10.86
10.32 10.86
10.68 10.86
10.68 10.86
10.68 10.86
11.05 10.86
11.05 10.86
11.05 10.86
11.41 10.86
11.41 10.86
11.41 10.86
8.12 11.05
8.12 11.05
8.12 11.05
8.49 11.05
8.49 11.05
8.49 11.05
8.67 11.05
8.67 11.05
8.67 11.05
9.22 11.05
9.22 11.05
9.22 11.05
9.40 11.05
9.40 11.05
9.40 11.05
11.05 11.05
11.05 11.05
11.05 11.05
11.23 11.05
11.23 11.05
11.23 11.05
11.41 11.05
11.41 11.05
11.41 11.05
11.96 11.05
11.96 11.05
11.96 11.05
8.12 11.23
8.12 11.23
8.12 11.23
8.67 11.23
8.67 11.23
8.67 11.23
8.85 11.23
8.85 11.23
8.85 11.23
9.04 11.23
9.04 11.23
9.04 11.23
9.22 11.23
9.22 11.23
9.22 11.23
9.40 11.23
9.40 11.23
9.40 11.23
9.59 11.23
9.59 11.23
9.59 11.23
9.77 11.23
9.77 11.23
9.77 11.23
9.95 11.23
9.95 11.23
9.95 11.23
10.13 11.23
10.13 11.23
10.13 11.23
11.05 11.23
11.05 11.23
11.05 11.23
11.41 11.23
11.41 11.23
11.41 11.23
11.59 11.23
11.59 11.23
11.59 11.23
11.78 11.23
11.78 11.23
11.78 11.23
8.31 11.41
8.31 11.41
8.31 11.41
8.49 11.41
8.49 11.41
8.49 11.41
9.04 11.41
9.04 11.41
9.04 11.41
9.22 11.41
9.22 11.41
9.22 11.41
9.59 11.41
9.59 11.41
9.59 11.41
9.77 11.41
9.77 11.41
9.77 11.41
9.95 11.41
9.95 11.41
9.95 11.41
10.13 11.41
10.13 11.41
10.13 11.41
10.32 11.41
10.32 11.41
10.32 11.41
10.50 11.41
10.50 11.41
10.50 11.41
11.05 11.41
11.05 11.41
11.05 11.41
11.96 11.41
11.96 11.41
11.96 11.41
8.12 11.59
8.12 11.59
8.12 11.59
8.31 11.59
8.31 11.59
8.31 11.59
8.67 11.59
8.67 11.59
8.67 11.59
9.04 11.59
9.04 11.59
9.04 11.59
9.22 11.59
9.22 11.59
9.22 11.59
12.14 11.59
12.14 11.59
12.14 11.59
12.32 11.59
12.32 11.59
12.32 11.59
12.69 11.59
12.69 11.59
12.69 11.59
8.85 11.78
8.85 11.78
8.85 11.78
9.40 11.78
9.40 11.78
9.40 11.78
11.05 11.78
11.05 11.78
11.05 11.78
12.69 11.78
12.69 11.78
12.69 11.78
8.85 11.96
8.85 11.96
8.85 11.96
9.04 11.96
9.04 11.96
9.04 11.96
11.05 11.96
11.05 11.96
11.05 11.96
11.23 11.96
11.23 11.96
11.23 11.96
12.14 11.96
12.14 11.96
12.14 11.96
12.32 11.96
12.32 11.96
12.32 11.96
9.04 12.14
9.04 12.14
9.04 12.14
9.22 12.14
9.22 12.14
9.22 12.14
9.40 12.14
9.40 12.14
9.40 12.14
9.59 12.14
9.59 12.14
9.59 12.14
9.77 12.14
9.77 12.14
9.77 12.14
9.95 12.14
9.95 12.14
9.95 12.14
10.13 12.14
10.13 12.14
10.13 12.14
10.32 12.14
10.32 12.14
10.32 12.14
11.41 12.14
11.41 12.14
11.41 12.14
11.59 12.14
11.59 12.14
11.59 12.14
12.14 12.14
12.14 12.14
12.14 12.14
12.32 12.14
12.32 12.14
12.32 12.14
12.51 12.14
12.51 12.14
12.51 12.14
8.85 12.32
8.85 12.32
8.85 12.32
9.04 12.32
9.04 12.32
9.04 12.32
9.59 12.32
9.59 12.32
9.59 12.32
9.77 12.32
9.77 12.32
9.77 12.32
9.95 12.32
9.95 12.32
9.95 12.32
10.13 12.32
10.13 12.32
10.13 12.32
10.32 12.32
10.32 12.32
10.32 12.32
10.50 12.32
10.50 12.32
10.50 12.32
10.68 12.32
10.68 12.32
10.68 12.32
10.86 12.32
10.86 12.32
10.86 12.32
11.05 12.32
11.05 12.32
11.05 12.32
11.59 12.32
11.59 12.32
11.59 12.32
12.14 12.32
12.14 12.32
12.14 12.32
12.69 12.32
12.69 12.32
12.69 12.32
8.85 12.51
8.85 12.51
8.85 12.51
9.40 12.51
9.40 12.51
9.40 12.51
9.95 12.51
9.95 12.51
9.95 12.51
10.13 12.51
10.13 12.51
10.13 12.51
10.50 12.51
10.50 12.51
10.50 12.51
10.86 12.51
10.86 12.51
10.86 12.51
11.41 12.51
11.41 12.51
11.41 12.51
11.59 12.51
11.59 12.51
11.59 12.51
11.96 12.51
11.96 12.51
11.96 12.51
12.14 12.51
12.14 12.51
12.14 12.51
12.51 12.51
12.51 12.51
12.51 12.51
9.95 12.69
9.95 12.69
9.95 12.69
10.13 12.69
10.13 12.69
10.13 12.69
10.50 12.69
10.50 12.69
10.50 12.69
10.68 12.69
10.68 12.69
10.68 12.69
11.05 12.69
11.05 12.69
11.05 12.69
11.78 12.69
11.78 12.69
11.78 12.69
11.96 12.69
11.96 12.69
11.96 12.69
12.32 12.69
12.32 12.69
12.32 12.69
11.41 12.87
11.41 12.87
11.41 12.87
11.59 12.87
11.59 12.87
11.59 12.87
9.40 13.05
9.40 13.05
9.40 13.05
10.13 13.05
10.13 13.05
10.13 13.05
10.32 13.05
10.32 13.05
10.32 13.05
10.50 13.05
10.50 13.05
10.50 13.05
11.05 13.05
11.05 13.05
11.05 13.05
11.41 13.05
11.41 13.05
11.41 13.05
10.32 13.24
10.32 13.24
10.32 13.24
10.86 13.24
10.86 13.24
10.86 13.24
11.23 13.24
11.23 13.24
11.23 13.24
13.24 13.24
13.24 13.24
13.24 13.24
10.68 13.42
10.68 13.42
10.68 13.42
11.23 13.42
11.23 13.42
11.23 13.42
12.87 13.42
12.87 13.42
12.87 13.42
13.05 13.42
13.05 13.42
13.05 13.42
13.24 13.42
13.24 13.42
13.24 13.42
12.51 13.60
12.51 13.60
12.51 13.60
13.05 13.60
13.05 13.60
13.05 13.60
13.42 13.60
13.42 13.60
13.42 13.60
13.60 13.60
13.60 13.60
13.60 13.60
10.86 13.78
10.86 13.78
10.86 13.78
11.05 13.78
11.05 13.78
11.05 13.78
11.23 13.78
11.23 13.78
11.23 13.78
11.41 13.78
11.41 13.78
11.41 13.78
11.59 13.78
11.59 13.78
11.59 13.78
11.78 13.78
11.78 13.78
11.78 13.78
11.96 13.78
11.96 13.78
11.96 13.78
12.32 13.78
12.32 13.78
12.32 13.78
13.24 13.78
13.24 13.78
13.24 13.78
13.78 13.78
13.78 13.78
13.78 13.78
13.97 13.78
13.97 13.78
13.97 13.78
14.33 13.78
14.33 13.78
14.33 13.78
14.51 13.78
14.51 13.78
14.51 13.78
11.05 13.97
11.05 13.97
11.05 13.97
11.23 13.97
11.23 13.97
11.23 13.97
11.59 13.97
11.59 13.97
11.59 13.97
11.78 13.97
11.78 13.97
11.78 13.97
11.96 13.97
11.96 13.97
11.96 13.97
12.14 13.97
12.14 13.97
12.14 13.97
12.32 13.97
12.32 13.97
12.32 13.97
13.97 13.97
13.97 13.97
13.97 13.97
14.15 13.97
14.15 13.97
14.15 13.97
10.86 14.15
10.86 14.15
10.86 14.15
11.59 14.15
11.59 14.15
11.59 14.15
11.78 14.15
11.78 14.15
11.78 14.15
11.96 14.15
11.96 14.15
11.96 14.15
12.14 14.15
12.14 14.15
12.14 14.15
12.51 14.15
12.51 14.15
12.51 14.15
12.69 14.15
12.69 14.15
12.69 14.15
13.60 14.15
13.60 14.15
13.60 14.15
13.78 14.15
13.78 14.15
13.78 14.15
13.97 14.15
13.97 14.15
13.97 14.15
14.33 14.15
14.33 14.15
14.33 14.15
14.51 14.15
14.51 14.15
14.51 14.15
11.05 14.33
11.05 14.33
11.05 14.33
12.14 14.33
12.14 14.33
12.14 14.33
12.32 14.33
12.32 14.33
12.32 14.33
12.51 14.33
12.51 14.33
12.51 14.33
12.69 14.33
12.69 14.33
12.69 14.33
13.42 14.33
13.42 14.33
13.42 14.33
13.60 14.33
13.60 14.33
13.60 14.33
13.78 14.33
13.78 14.33
13.78 14.33
13.97 14.33
13.97 14.33
13.97 14.33
14.51 14.33
14.51 14.33
14.51 14.33
11.05 14.51
11.05 14.51
11.05 14.51
11.59 14.51
11.59 14.51
11.59 14.51
11.78 14.51
11.78 14.51
11.78 14.51
11.96 14.51
11.96 14.51
11.96 14.51
12.87 14.51
12.87 14.51
12.87 14.51
13.05 14.51
13.05 14.51
13.05 14.51
13.24 14.51
13.24 14.51
13.24 14.51
13.42 14.51
13.42 14.51
13.42 14.51
13.60 14.51
13.60 14.51
13.60 14.51
14.33 14.51
14.33 14.51
14.33 14.51
14.51 14.51
14.51 14.51
14.51 14.51
14.70 14.51
14.70 14.51
14.70 14.51
11.41 14.70
11.41 14.70
11.41 14.70
12.14 14.70
12.14 14.70
12.14 14.70
12.32 14.70
12.32 14.70
12.32 14.70
12.51 14.70
12.51 14.70
12.51 14.70
12.69 14.70
12.69 14.70
12.69 14.70
12.87 14.70
12.87 14.70
12.87 14.70
13.05 14.70
13.05 14.70
13.05 14.70
13.24 14.70
13.24 14.70
13.24 14.70
13.97 14.70
13.97 14.70
13.97 14.70
14.15 14.70
14.15 14.70
14.15 14.70
14.33 14.70
14.33 14.70
14.33 14.70
14.88 14.70
14.88 14.70
14.88 14.70
15.06 14.70
15.06 14.70
15.06 14.70
15.25 14.70
15.25 14.70
15.25 14.70
11.78 14.88
11.78 14.88
11.78 14.88
11.96 14.88
11.96 14.88
11.96 14.88
12.14 14.88
12.14 14.88
12.14 14.88
12.51 14.88
12.51 14.88
12.51 14.88
12.69 14.88
12.69 14.88
12.69 14.88
14.33 14.88
14.33 14.88
14.33 14.88
14.51 14.88
14.51 14.88
14.51 14.88
14.70 14.88
14.70 14.88
14.70 14.88
14.88 14.88
14.88 14.88
14.88 14.88
11.41 15.06
11.41 15.06
11.41 15.06
11.59 15.06
11.59 15.06
11.59 15.06
12.32 15.06
12.32 15.06
12.32 15.06
12.51 15.06
12.51 15.06
12.51 15.06
12.69 15.06
12.69 15.06
12.69 15.06
14.70 15.06
14.70 15.06
14.70 15.06
15.06 15.06
15.06 15.06
15.06 15.06
15.25 15.06
15.25 15.06
15.25 15.06
11.41 15.25
11.41 15.25
11.41 15.25
11.78 15.25
11.78 15.25
11.78 15.25
11.96 15.25
11.96 15.25
11.96 15.25
12.69 15.25
12.69 15.25
12.69 15.25
12.87 15.25
12.87 15.25
12.87 15.25
13.05 15.25
13.05 15.25
13.05 15.25
13.24 15.25
13.24 15.25
13.24 15.25
13.42 15.25
13.42 15.25
13.42 15.25
14.70 15.25
14.70 15.25
14.70 15.25
15.06 15.25
15.06 15.25
15.06 15.25
15.79 15.25
15.79 15.25
15.79 15.25
11.41 15.43
11.41 15.43
11.41 15.43
11.59 15.43
11.59 15.43
11.59 15.43
11.96 15.43
11.96 15.43
11.96 15.43
12.14 15.43
12.14 15.43
12.14 15.43
12.87 15.43
12.87 15.43
12.87 15.43
13.60 15.43
13.60 15.43
13.60 15.43
15.43 15.43
15.43 15.43
15.43 15.43
15.79 15.43
15.79 15.43
15.79 15.43
12.51 15.61
12.51 15.61
12.51 15.61
12.69 15.61
12.69 15.61
12.69 15.61
13.24 15.61
13.24 15.61
13.24 15.61
13.78 15.61
13.78 15.61
13.78 15.61
15.06 15.61
15.06 15.61
15.06 15.61
15.25 15.61
15.25 15.61
15.25 15.61
15.79 15.61
15.79 15.61
15.79 15.61
12.69 15.79
12.69 15.79
12.69 15.79
13.24 15.79
13.24 15.79
13.24 15.79
13.78 15.79
13.78 15.79
13.78 15.79
14.88 15.79
14.88 15.79
14.88 15.79
15.06 15.79
15.06 15.79
15.06 15.79
15.25 15.79
15.25 15.79
15.25 15.79
15.61 15.79
15.61 15.79
15.61 15.79
12.87 15.98
12.87 15.98
12.87 15.98
13.42 15.98
13.42 15.98
13.42 15.98
14.70 15.98
14.70 15.98
14.70 15.98
14.88 15.98
14.88 15.98
14.88 15.98
15.06 15.98
15.06 15.98
15.06 15.98
15.25 15.98
15.25 15.98
15.25 15.98
15.43 15.98
15.43 15.98
15.43 15.98
15.61 15.98
15.61 15.98
15.61 15.98
15.79 15.98
15.79 15.98
15.79 15.98
12.69 16.16
12.69 16.16
12.69 16.16
13.05 16.16
13.05 16.16
13.05 16.16
13.24 16.16
13.24 16.16
13.24 16.16
13.42 16.16
13.42 16.16
13.42 16.16
13.78 16.16
13.78 16.16
13.78 16.16
13.97 16.16
13.97 16.16
13.97 16.16
14.15 16.16
14.15 16.16
14.15 16.16
14.33 16.16
14.33 16.16
14.33 16.16
14.51 16.16
14.51 16.16
14.51 16.16
14.70 16.16
14.70 16.16
14.70 16.16
14.88 16.16
14.88 16.16
14.88 16.16
15.79 16.16
15.79 16.16
15.79 16.16
15.98 16.16
15.98 16.16
15.98 16.16
16.16 16.16
16.16 16.16
16.16 16.16
16.34 16.16
16.34 16.16
16.34 16.16
12.69 16.34
12.69 16.34
12.69 16.34
13.24 16.34
13.24 16.34
13.24 16.34
13.78 16.34
13.78 16.34
13.78 16.34
13.97 16.34
13.97 16.34
13.97 16.34
14.15 16.34
14.15 16.34
14.15 16.34
14.33 16.34
14.33 16.34
14.33 16.34
14.51 16.34
14.51 16.34
14.51 16.34
14.70 16.34
14.70 16.34
14.70 16.34
15.43 16.34
15.43 16.34
15.43 16.34
15.61 16.34
15.61 16.34
15.61 16.34
15.79 16.34
15.79 16.34
15.79 16.34
16.16 16.34
16.16 16.34
16.16 16.34
12.69 16.52
12.69 16.52
12.69 16.52
12.87 16.52
12.87 16.52
12.87 16.52
14.51 16.52
14.51 16.52
14.51 16.52
14.70 16.52
14.70 16.52
14.70 16.52
16.52 16.52
16.52 16.52
16.52 16.52
12.87 16.71
12.87 16.71
12.87 16.71
13.24 16.71
13.24 16.71
13.24 16.71
13.60 16.71
13.60 16.71
13.60 16.71
15.61 16.71
15.61 16.71
15.61 16.71
15.98 16.71
15.98 16.71
15.98 16.71
16.52 16.71
16.52 16.71
16.52 16.71
16.89 16.71
16.89 16.71
16.89 16.71
17.07 16.71
17.07 16.71
17.07 16.71
17.25 16.71
17.25 16.71
17.25 16.71
13.42 16.89
13.42 16.89
13.42 16.89
13.78 16.89
13.78 16.89
13.78 16.89
14.15 16.89
14.15 16.89
14.15 16.89
15.25 16.89
15.25 16.89
15.25 16.89
16.34 16.89
16.34 16.89
16.34 16.89
16.52 16.89
16.52 16.89
16.52 16.89
16.71 16.89
16.71 16.89
16.71 16.89
16.89 16.89
16.89 16.89
16.89 16.89
17.25 16.89
17.25 16.89
17.25 16.89
13.60 17.07
13.60 17.07
13.60 17.07
14.15 17.07
14.15 17.07
14.15 17.07
16.89 17.07
16.89 17.07
16.89 17.07
17.25 17.07
17.25 17.07
17.25 17.07
13.60 17.25
13.60 17.25
13.60 17.25
14.15 17.25
14.15 17.25
14.15 17.25
14.70 17.25
14.70 17.25
14.70 17.25
15.79 17.25
15.79 17.25
15.79 17.25
15.98 17.25
15.98 17.25
15.98 17.25
16.16 17.25
16.16 17.25
16.16 17.25
16.89 17.25
16.89 17.25
16.89 17.25
14.70 17.44
14.70 17.44
14.70 17.44
15.06 17.44
15.06 17.44
15.06 17.44
15.61 17.44
15.61 17.44
15.61 17.44
15.79 17.44
15.79 17.44
15.79 17.44
15.98 17.44
15.98 17.44
15.98 17.44
16.16 17.44
16.16 17.44
16.16 17.44
16.34 17.44
16.34 17.44
16.34 17.44
17.07 17.44
17.07 17.44
17.07 17.44
15.06 17.62
15.06 17.62
15.06 17.62
15.25 17.62
15.25 17.62
15.25 17.62
15.43 17.62
15.43 17.62
15.43 17.62
15.61 17.62
15.61 17.62
15.61 17.62
15.79 17.62
15.79 17.62
15.79 17.62
15.98 17.62
15.98 17.62
15.98 17.62
16.16 17.62
16.16 17.62
16.16 17.62
16.89 17.62
16.89 17.62
16.89 17.62
17.07 17.62
17.07 17.62
17.07 17.62
15.06 17.80
15.06 17.80
15.06 17.80
15.25 17.80
15.25 17.80
15.25 17.80
15.43 17.80
15.43 17.80
15.43 17.80
15.61 17.80
15.61 17.80
15.61 17.80
15.79 17.80
15.79 17.80
15.79 17.80
17.07 17.80
17.07 17.80
17.07 17.80
17.25 17.80
17.25 17.80
17.25 17.80
17.44 17.80
17.44 17.80
17.44 17.80
17.62 17.80
17.62 17.80
17.62 17.80
17.80 17.80
17.80 17.80
17.80 17.80
15.06 17.98
15.06 17.98
15.06 17.98
15.25 17.98
15.25 17.98
15.25 17.98
15.43 17.98
15.43 17.98
15.43 17.98
15.61 17.98
15.61 17.98
15.61 17.98
16.89 17.98
16.89 17.98
16.89 17.98
17.07 17.98
17.07 17.98
17.07 17.98
17.44 17.98
17.44 17.98
17.44 17.98
14.33 18.17
14.33 18.17
14.33 18.17
15.06 18.17
15.06 18.17
15.06 18.17
15.98 18.17
15.98 18.17
15.98 18.17
16.16 18.17
16.16 18.17
16.16 18.17
16.34 18.17
16.34 18.17
16.34 18.17
16.52 18.17
16.52 18.17
16.52 18.17
16.71 18.17
16.71 18.17
16.71 18.17
16.89 18.17
16.89 18.17
16.89 18.17
17.44 18.17
17.44 18.17
17.44 18.17
17.80 18.17
17.80 18.17
17.80 18.17
18.35 18.17
18.35 18.17
18.35 18.17
18.53 18.17
18.53 18.17
18.53 18.17
14.15 18.35
14.15 18.35
14.15 18.35
14.33 18.35
14.33 18.35
14.33 18.35
14.51 18.35
14.51 18.35
14.51 18.35
15.25 18.35
15.25 18.35
15.25 18.35
15.43 18.35
15.43 18.35
15.43 18.35
16.16 18.35
16.16 18.35
16.16 18.35
16.34 18.35
16.34 18.35
16.34 18.35
16.52 18.35
16.52 18.35
16.52 18.35
16.71 18.35
16.71 18.35
16.71 18.35
16.89 18.35
16.89 18.35
16.89 18.35
17.07 18.35
17.07 18.35
17.07 18.35
17.80 18.35
17.80 18.35
17.80 18.35
17.98 18.35
17.98 18.35
17.98 18.35
18.17 18.35
18.17 18.35
18.17 18.35
18.35 18.35
18.35 18.35
18.35 18.35
18.53 18.35
18.53 18.35
18.53 18.35
14.88 18.53
14.88 18.53
14.88 18.53
15.43 18.53
15.43 18.53
15.43 18.53
16.16 18.53
16.16 18.53
16.16 18.53
16.34 18.53
16.34 18.53
16.34 18.53
16.52 18.53
16.52 18.53
16.52 18.53
16.71 18.53
16.71 18.53
16.71 18.53
17.80 18.53
17.80 18.53
17.80 18.53
17.98 18.53
17.98 18.53
17.98 18.53
18.17 18.53
18.17 18.53
18.17 18.53
18.53 18.53
18.53 18.53
18.53 18.53
14.70 18.71
14.70 18.71
14.70 18.71
14.88 18.71
14.88 18.71
14.88 18.71
17.62 18.71
17.62 18.71
17.62 18.71
17.80 18.71
17.80 18.71
17.80 18.71
17.98 18.71
17.98 18.71
17.98 18.71
18.17 18.71
18.17 18.71
18.17 18.71
18.35 18.71
18.35 18.71
18.35 18.71
14.88 18.90
14.88 18.90
14.88 18.90
15.25 18.90
15.25 18.90
15.25 18.90
17.44 18.90
17.44 18.90
17.44 18.90
17.62 18.90
17.62 18.90
17.62 18.90
17.80 18.90
17.80 18.90
17.80 18.90
14.88 19.08
14.88 19.08
14.88 19.08
15.25 19.08
15.25 19.08
15.25 19.08
15.61 19.08
15.61 19.08
15.61 19.08
15.79 19.08
15.79 19.08
15.79 19.08
15.98 19.08
15.98 19.08
15.98 19.08
16.16 19.08
16.16 19.08
16.16 19.08
16.34 19.08
16.34 19.08
16.34 19.08
18.35 19.08
18.35 19.08
18.35 19.08
15.98 19.26
15.98 19.26
15.98 19.26
18.35 19.26
18.35 19.26
18.35 19.26
14.88 19.44
14.88 19.44
14.88 19.44
16.89 19.44
16.89 19.44
16.89 19.44
17.07 19.44
17.07 19.44
17.07 19.44
17.25 19.44
17.25 19.44
17.25 19.44
17.44 19.44
17.44 19.44
17.44 19.44
17.62 19.44
17.62 19.44
17.62 19.44
17.98 19.44
17.98 19.44
17.98 19.44
18.17 19.44
18.17 19.44
18.17 19.44
18.35 19.44
18.35 19.44
18.35 19.44
18.53 19.44
18.53 19.44
18.53 19.44
15.79 19.63
15.79 19.63
15.79 19.63
15.98 19.63
15.98 19.63
15.98 19.63
16.16 19.63
16.16 19.63
16.16 19.63
16.34 19.63
16.34 19.63
16.34 19.63
16.52 19.63
16.52 19.63
16.52 19.63
16.71 19.63
16.71 19.63
16.71 19.63
16.89 19.63
16.89 19.63
16.89 19.63
17.07 19.63
17.07 19.63
17.07 19.63
17.25 19.63
17.25 19.63
17.25 19.63
17.44 19.63
17.44 19.63
17.44 19.63
18.17 19.63
18.17 19.63
18.17 19.63
18.53 19.63
18.53 19.63
18.53 19.63
15.43 19.81
15.43 19.81
15.43 19.81
15.61 19.81
15.61 19.81
15.61 19.81
15.79 19.81
15.79 19.81
15.79 19.81
16.34 19.81
16.34 19.81
16.34 19.81
17.25 19.81
17.25 19.81
17.25 19.81
17.44 19.81
17.44 19.81
17.44 19.81
18.17 19.81
18.17 19.81
18.17 19.81
18.35 19.81
18.35 19.81
18.35 19.81
15.79 19.99
15.79 19.99
15.79 19.99
15.98 19.99
15.98 19.99
15.98 19.99
16.71 19.99
16.71 19.99
16.71 19.99
17.25 19.99
17.25 19.99
17.25 19.99
17.44 19.99
17.44 19.99
17.44 19.99
18.53 19.99
18.53 19.99
18.53 19.99
18.71 19.99
18.71 19.99
18.71 19.99
18.90 19.99
18.90 19.99
18.90 19.99
15.43 20.17
15.43 20.17
15.43 20.17
15.79 20.17
15.79 20.17
15.79 20.17
15.98 20.17
15.98 20.17
15.98 20.17
16.16 20.17
16.16 20.17
16.16 20.17
16.34 20.17
16.34 20.17
16.34 20.17
17.25 20.17
17.25 20.17
17.25 20.17
17.44 20.17
17.44 20.17
17.44 20.17
17.62 20.17
17.62 20.17
17.62 20.17
17.80 20.17
17.80 20.17
17.80 20.17
17.98 20.17
17.98 20.17
17.98 20.17
18.17 20.17
18.17 20.17
18.17 20.17
18.53 20.17
18.53 20.17
18.53 20.17
15.43 20.36
15.43 20.36
15.43 20.36
15.61 20.36
15.61 20.36
15.61 20.36
15.79 20.36
15.79 20.36
15.79 20.36
16.52 20.36
16.52 20.36
16.52 20.36
16.71 20.36
16.71 20.36
16.71 20.36
17.44 20.36
17.44 20.36
17.44 20.36
17.62 20.36
17.62 20.36
17.62 20.36
17.80 20.36
17.80 20.36
17.80 20.36
17.98 20.36
17.98 20.36
17.98 20.36
18.17 20.36
18.17 20.36
18.17 20.36
18.53 20.36
18.53 20.36
18.53 20.36
18.71 20.36
18.71 20.36
18.71 20.36
18.90 20.36
18.90 20.36
18.90 20.36
15.98 20.54
15.98 20.54
15.98 20.54
16.16 20.54
16.16 20.54
16.16 20.54
16.52 20.54
16.52 20.54
16.52 20.54
18.35 20.54
18.35 20.54
18.35 20.54
18.90 20.54
18.90 20.54
18.90 20.54
15.98 20.72
15.98 20.72
15.98 20.72
16.16 20.72
16.16 20.72
16.16 20.72
16.34 20.72
16.34 20.72
16.34 20.72
16.52 20.72
16.52 20.72
16.52 20.72
18.35 20.72
18.35 20.72
18.35 20.72
18.71 20.72
18.71 20.72
18.71 20.72
19.63 20.72
19.63 20.72
19.63 20.72
19.81 20.72
19.81 20.72
19.81 20.72
16.16 20.91
16.16 20.91
16.16 20.91
16.71 20.91
16.71 20.91
16.71 20.91
17.25 20.91
17.25 20.91
17.25 20.91
17.44 20.91
17.44 20.91
17.44 20.91
17.62 20.91
17.62 20.91
17.62 20.91
18.17 20.91
18.17 20.91
18.17 20.91
18.71 20.91
18.71 20.91
18.71 20.91
19.26 20.91
19.26 20.91
19.26 20.91
19.44 20.91
19.44 20.91
19.44 20.91
15.98 21.09
15.98 21.09
15.98 21.09
16.34 21.09
16.34 21.09
16.34 21.09
17.25 21.09
17.25 21.09
17.25 21.09
17.44 21.09
17.44 21.09
17.44 21.09
18.35 21.09
18.35 21.09
18.35 21.09
18.71 21.09
18.71 21.09
18.71 21.09
19.26 21.09
19.26 21.09
19.26 21.09
19.63 21.09
19.63 21.09
19.63 21.09
19.81 21.09
19.81 21.09
19.81 21.09
15.98 21.27
15.98 21.27
15.98 21.27
16.89 21.27
16.89 21.27
16.89 21.27
18.35 21.27
18.35 21.27
18.35 21.27
18.53 21.27
18.53 21.27
18.53 21.27
16.16 21.45
16.16 21.45
16.16 21.45
16.52 21.45
16.52 21.45
16.52 21.45
17.44 21.45
17.44 21.45
17.44 21.45
17.62 21.45
17.62 21.45
17.62 21.45
17.80 21.45
17.80 21.45
17.80 21.45
17.98 21.45
17.98 21.45
17.98 21.45
18.17 21.45
18.17 21.45
18.17 21.45
16.71 21.64
16.71 21.64
16.71 21.64
19.26 21.64
19.26 21.64
19.26 21.64
19.81 21.64
19.81 21.64
19.81 21.64
16.71 21.82
16.71 21.82
16.71 21.82
19.26 21.82
19.26 21.82
19.26 21.82
19.81 21.82
19.81 21.82
19.81 21.82
16.89 22.00
16.89 22.00
16.89 22.00
17.07 22.00
17.07 22.00
17.07 22.00
17.25 22.00
17.25 22.00
17.25 22.00
17.44 22.00
17.44 22.00
17.44 22.00
19.63 22.00
19.63 22.00
19.63 22.00
19.81 22.00
19.81 22.00
19.81 22.00
16.71 22.18
16.71 22.18
16.71 22.18
16.89 22.18
16.89 22.18
16.89 22.18
17.07 22.18
17.07 22.18
17.07 22.18
17.25 22.18
17.25 22.18
17.25 22.18
17.44 22.18
17.44 22.18
17.44 22.18
17.62 22.18
17.62 22.18
17.62 22.18
17.80 22.18
17.80 22.18
17.80 22.18
17.98 22.18
17.98 22.18
17.98 22.18
18.17 22.18
18.17 22.18
18.17 22.18
18.35 22.18
18.35 22.18
18.35 22.18
18.53 22.18
18.53 22.18
18.53 22.18
18.71 22.18
18.71 22.18
18.71 22.18
19.63 22.18
19.63 22.18
19.63 22.18
17.44 22.37
17.44 22.37
17.44 22.37
17.62 22.37
17.62 22.37
17.62 22.37
17.80 22.37
17.80 22.37
17.80 22.37
17.98 22.37
17.98 22.37
17.98 22.37
18.17 22.37
18.17 22.37
18.17 22.37
18.35 22.37
18.35 22.37
18.35 22.37
18.53 22.37
18.53 22.37
18.53 22.37
18.71 22.37
18.71 22.37
18.71 22.37
19.81 22.37
19.81 22.37
19.81 22.37
20.36 22.37
20.36 22.37
20.36 22.37
17.80 22.55
17.80 22.55
17.80 22.55
17.98 22.55
17.98 22.55
17.98 22.55
18.17 22.55
18.17 22.55
18.17 22.55
18.35 22.55
18.35 22.55
18.35 22.55
18.53 22.55
18.53 22.55
18.53 22.55
18.90 22.55
18.90 22.55
18.90 22.55
19.08 22.55
19.08 22.55
19.08 22.55
19.26 22.55
19.26 22.55
19.26 22.55
20.36 22.55
20.36 22.55
20.36 22.55
17.07 22.73
17.07 22.73
17.07 22.73
17.98 22.73
17.98 22.73
17.98 22.73
18.17 22.73
18.17 22.73
18.17 22.73
18.71 22.73
18.71 22.73
18.71 22.73
18.90 22.73
18.90 22.73
18.90 22.73
19.08 22.73
19.08 22.73
19.08 22.73
19.26 22.73
19.26 22.73
19.26 22.73
16.71 22.91
16.71 22.91
16.71 22.91
17.44 22.91
17.44 22.91
17.44 22.91
17.62 22.91
17.62 22.91
17.62 22.91
17.80 22.91
17.80 22.91
17.80 22.91
18.71 22.91
18.71 22.91
18.71 22.91
18.90 22.91
18.90 22.91
18.90 22.91
20.17 22.91
20.17 22.91
20.17 22.91
20.36 22.91
20.36 22.91
20.36 22.91
16.89 23.10
16.89 23.10
16.89 23.10
17.07 23.10
17.07 23.10
17.07 23.10
17.25 23.10
17.25 23.10
17.25 23.10
18.17 23.10
18.17 23.10
18.17 23.10
18.35 23.10
18.35 23.10
18.35 23.10
19.81 23.10
19.81 23.10
19.81 23.10
20.36 23.10
20.36 23.10
20.36 23.10
18.35 23.28
18.35 23.28
18.35 23.28
18.53 23.28
18.53 23.28
18.53 23.28
20.17 23.28
20.17 23.28
20.17 23.28
20.36 23.28
20.36 23.28
20.36 23.28
20.54 23.28
20.54 23.28
20.54 23.28
20.72 23.28
20.72 23.28
20.72 23.28
21.09 23.28
21.09 23.28
21.09 23.28
17.44 23.46
17.44 23.46
17.44 23.46
18.35 23.46
18.35 23.46
18.35 23.46
18.53 23.46
18.53 23.46
18.53 23.46
18.71 23.46
18.71 23.46
18.71 23.46
18.90 23.46
18.90 23.46
18.90 23.46
19.08 23.46
19.08 23.46
19.08 23.46
19.26 23.46
19.26 23.46
19.26 23.46
19.44 23.46
19.44 23.46
19.44 23.46
19.99 23.46
19.99 23.46
19.99 23.46
20.17 23.46
20.17 23.46
20.17 23.46
20.72 23.46
20.72 23.46
20.72 23.46
17.25 23.64
17.25 23.64
17.25 23.64
17.44 23.64
17.44 23.64
17.44 23.64
17.98 23.64
17.98 23.64
17.98 23.64
18.17 23.64
18.17 23.64
18.17 23.64
18.35 23.64
18.35 23.64
18.35 23.64
18.53 23.64
18.53 23.64
18.53 23.64
18.71 23.64
18.71 23.64
18.71 23.64
18.90 23.64
18.90 23.64
18.90 23.64
19.08 23.64
19.08 23.64
19.08 23.64
19.26 23.64
19.26 23.64
19.26 23.64
19.44 23.64
19.44 23.64
19.44 23.64
19.63 23.64
19.63 23.64
19.63 23.64
20.17 23.64
20.17 23.64
20.17 23.64
20.36 23.64
20.36 23.64
20.36 23.64
20.54 23.64
20.54 23.64
20.54 23.64
20.72 23.64
20.72 23.64
20.72 23.64
21.09 23.64
21.09 23.64
21.09 23.64
17.25 23.83
17.25 23.83
17.25 23.83
17.44 23.83
17.44 23.83
17.44 23.83
17.62 23.83
17.62 23.83
17.62 23.83
17.80 23.83
17.80 23.83
17.80 23.83
17.98 23.83
17.98 23.83
17.98 23.83
18.35 23.83
18.35 23.83
18.35 23.83
18.53 23.83
18.53 23.83
18.53 23.83
18.71 23.83
18.71 23.83
18.71 23.83
18.90 23.83
18.90 23.83
18.90 23.83
19.08 23.83
19.08 23.83
19.08 23.83
19.26 23.83
19.26 23.83
19.26 23.83
19.44 23.83
19.44 23.83
19.44 23.83
19.63 23.83
19.63 23.83
19.63 23.83
19.81 23.83
19.81 23.83
19.81 23.83
19.99 23.83
19.99 23.83
19.99 23.83
21.09 23.83
21.09 23.83
21.09 23.83
17.44 24.01
17.44 24.01
17.44 24.01
17.62 24.01
17.62 24.01
17.62 24.01
18.17 24.01
18.17 24.01
18.17 24.01
19.08 24.01
19.08 24.01
19.08 24.01
19.26 24.01
19.26 24.01
19.26 24.01
19.44 24.01
19.44 24.01
19.44 24.01
19.63 24.01
19.63 24.01
19.63 24.01
19.99 24.01
19.99 24.01
19.99 24.01
20.17 24.01
20.17 24.01
20.17 24.01
20.36 24.01
20.36 24.01
20.36 24.01
20.54 24.01
20.54 24.01
20.54 24.01
20.72 24.01
20.72 24.01
20.72 24.01
20.91 24.01
20.91 24.01
20.91 24.01
17.44 24.19
17.44 24.19
17.44 24.19
19.08 24.19
19.08 24.19
19.08 24.19
19.26 24.19
19.26 24.19
19.26 24.19
19.44 24.19
19.44 24.19
19.44 24.19
19.63 24.19
19.63 24.19
19.63 24.19
19.81 24.19
19.81 24.19
19.81 24.19
19.99 24.19
19.99 24.19
19.99 24.19
20.17 24.19
20.17 24.19
20.17 24.19
20.36 24.19
20.36 24.19
20.36 24.19
20.54 24.19
20.54 24.19
20.54 24.19
20.72 24.19
20.72 24.19
20.72 24.19
20.91 24.19
20.91 24.19
20.91 24.19
17.98 24.37
17.98 24.37
17.98 24.37
18.17 24.37
18.17 24.37
18.17 24.37
18.90 24.37
18.90 24.37
18.90 24.37
19.08 24.37
19.08 24.37
19.08 24.37
19.26 24.37
19.26 24.37
19.26 24.37
19.44 24.37
19.44 24.37
19.44 24.37
19.63 24.37
19.63 24.37
19.63 24.37
19.81 24.37
19.81 24.37
19.81 24.37
19.99 24.37
19.99 24.37
19.99 24.37
20.17 24.37
20.17 24.37
20.17 24.37
20.36 24.37
20.36 24.37
20.36 24.37
20.54 24.37
20.54 24.37
20.54 24.37
20.72 24.37
20.72 24.37
20.72 24.37
20.91 24.37
20.91 24.37
20.91 24.37
21.09 24.37
21.09 24.37
21.09 24.37
17.98 24.56
17.98 24.56
17.98 24.56
18.17 24.56
18.17 24.56
18.17 24.56
18.35 24.56
18.35 24.56
18.35 24.56
18.53 24.56
18.53 24.56
18.53 24.56
18.71 24.56
18.71 24.56
18.71 24.56
18.90 24.56
18.90 24.56
18.90 24.56
19.08 24.56
19.08 24.56
19.08 24.56
19.26 24.56
19.26 24.56
19.26 24.56
19.44 24.56
19.44 24.56
19.44 24.56
19.63 24.56
19.63 24.56
19.63 24.56
20.17 24.56
20.17 24.56
20.17 24.56
20.36 24.56
20.36 24.56
20.36 24.56
20.54 24.56
20.54 24.56
20.54 24.56
20.72 24.56
20.72 24.56
20.72 24.56
20.91 24.56
20.91 24.56
20.91 24.56
21.09 24.56
21.09 24.56
21.09 24.56
18.17 24.74
18.17 24.74
18.17 24.74
18.35 24.74
18.35 24.74
18.35 24.74
18.53 24.74
18.53 24.74
18.53 24.74
18.71 24.74
18.71 24.74
18.71 24.74
18.90 24.74
18.90 24.74
18.90 24.74
19.08 24.74
19.08 24.74
19.08 24.74
19.26 24.74
19.26 24.74
19.26 24.74
19.44 24.74
19.44 24.74
19.44 24.74
19.63 24.74
19.63 24.74
19.63 24.74
20.17 24.74
20.17 24.74
20.17 24.74
20.36 24.74
20.36 24.74
20.36 24.74
20.54 24.74
20.54 24.74
20.54 24.74
20.72 24.74
20.72 24.74
20.72 24.74
20.91 24.74
20.91 24.74
20.91 24.74
21.09 24.74
21.09 24.74
21.09 24.74
17.98 24.92
17.98 24.92
17.98 24.92
18.17 24.92
18.17 24.92
18.17 24.92
18.35 24.92
18.35 24.92
18.35 24.92
18.53 24.92
18.53 24.92
18.53 24.92
18.71 24.92
18.71 24.92
18.71 24.92
18.90 24.92
18.90 24.92
18.90 24.92
19.08 24.92
19.08 24.92
19.08 24.92
19.26 24.92
19.26 24.92
19.26 24.92
19.44 24.92
19.44 24.92
19.44 24.92
20.17 24.92
20.17 24.92
20.17 24.92
20.36 24.92
20.36 24.92
20.36 24.92
20.54 24.92
20.54 24.92
20.54 24.92
20.72 24.92
20.72 24.92
20.72 24.92
20.91 24.92
20.91 24.92
20.91 24.92
21.09 24.92
21.09 24.92
21.09 24.92
17.98 25.10
17.98 25.10
17.98 25.10
18.17 25.10
18.17 25.10
18.17 25.10
18.35 25.10
18.35 25.10
18.35 25.10
18.53 25.10
18.53 25.10
18.53 25.10
18.71 25.10
18.71 25.10
18.71 25.10
18.90 25.10
18.90 25.10
18.90 25.10
19.08 25.10
19.08 25.10
19.08 25.10
19.26 25.10
19.26 25.10
19.26 25.10
20.36 25.10
20.36 25.10
20.36 25.10
20.54 25.10
20.54 25.10
20.54 25.10
20.72 25.10
20.72 25.10
20.72 25.10
20.91 25.10
20.91 25.10
20.91 25.10
21.09 25.10
21.09 25.10
21.09 25.10
18.17 25.29
18.17 25.29
18.17 25.29
18.35 25.29
18.35 25.29
18.35 25.29
18.53 25.29
18.53 25.29
18.53 25.29
18.71 25.29
18.71 25.29
18.71 25.29
18.90 25.29
18.90 25.29
18.90 25.29
19.08 25.29
19.08 25.29
19.08 25.29
19.26 25.29
19.26 25.29
19.26 25.29
20.36 25.29
20.36 25.29
20.36 25.29
20.54 25.29
20.54 25.29
20.54 25.29
20.72 25.29
20.72 25.29
20.72 25.29
20.91 25.29
20.91 25.29
20.91 25.29
21.09 25.29
21.09 25.29
21.09 25.29
18.17 25.47
18.17 25.47
18.17 25.47
18.35 25.47
18.35 25.47
18.35 25.47
18.53 25.47
18.53 25.47
18.53 25.47
18.71 25.47
18.71 25.47
18.71 25.47
18.90 25.47
18.90 25.47
18.90 25.47
19.08 25.47
19.08 25.47
19.08 25.47
19.26 25.47
19.26 25.47
19.26 25.47
19.44 25.47
19.44 25.47
19.44 25.47
20.17 25.47
20.17 25.47
20.17 25.47
20.36 25.47
20.36 25.47
20.36 25.47
20.54 25.47
20.54 25.47
20.54 25.47
20.72 25.47
20.72 25.47
20.72 25.47
20.91 25.47
20.91 25.47
20.91 25.47
21.09 25.47
21.09 25.47
21.09 25.47
18.53 25.65
18.53 25.65
18.53 25.65
18.71 25.65
18.71 25.65
18.71 25.65
18.90 25.65
18.90 25.65
18.90 25.65
19.08 25.65
19.08 25.65
19.08 25.65
19.26 25.65
19.26 25.65
19.26 25.65
19.44 25.65
19.44 25.65
19.44 25.65
20.36 25.65
20.36 25.65
20.36 25.65
20.54 25.65
20.54 25.65
20.54 25.65
20.72 25.65
20.72 25.65
20.72 25.65
20.91 25.65
20.91 25.65
20.91 25.65
18.35 25.83
18.35 25.83
18.35 25.83
18.53 25.83
18.53 25.83
18.53 25.83
19.08 25.83
19.08 25.83
19.08 25.83
19.44 25.83
19.44 25.83
19.44 25.83
19.63 25.83
19.63 25.83
19.63 25.83
19.99 25.83
19.99 25.83
19.99 25.83
20.17 25.83
20.17 25.83
20.17 25.83
20.36 25.83
20.36 25.83
20.36 25.83
20.54 25.83
20.54 25.83
20.54 25.83
20.72 25.83
20.72 25.83
20.72 25.83
20.91 25.83
20.91 25.83
20.91 25.83
21.09 25.83
21.09 25.83
21.09 25.83
18.53 26.02
18.53 26.02
18.53 26.02
18.71 26.02
18.71 26.02
18.71 26.02
18.90 26.02
18.90 26.02
18.90 26.02
19.26 26.02
19.26 26.02
19.26 26.02
19.44 26.02
19.44 26.02
19.44 26.02
20.17 26.02
20.17 26.02
20.17 26.02
20.54 26.02
20.54 26.02
20.54 26.02
20.72 26.02
20.72 26.02
20.72 26.02
21.09 26.02
21.09 26.02
21.09 26.02
18.90 26.20
18.90 26.20
18.90 26.20
19.26 26.20
19.26 26.20
19.26 26.20
19.44 26.20
19.44 26.20
19.44 26.20
19.81 26.20
19.81 26.20
19.81 26.20
19.99 26.20
19.99 26.20
19.99 26.20
20.17 26.20
20.17 26.20
20.17 26.20
20.54 26.20
20.54 26.20
20.54 26.20
20.72 26.20
20.72 26.20
20.72 26.20
21.09 26.20
21.09 26.20
21.09 26.20
18.90 26.38
18.90 26.38
18.90 26.38
19.08 26.38
19.08 26.38
19.08 26.38
19.26 26.38
19.26 26.38
19.26 26.38
19.63 26.38
19.63 26.38
19.63 26.38
20.17 26.38
20.17 26.38
20.17 26.38
20.36 26.38
20.36 26.38
20.36 26.38
20.54 26.38
20.54 26.38
20.54 26.38
20.72 26.38
20.72 26.38
20.72 26.38
21.09 26.38
21.09 26.38
21.09 26.38
18.53 26.56
18.53 26.56
18.53 26.56
18.71 26.56
18.71 26.56
18.71 26.56
18.90 26.56
18.90 26.56
18.90 26.56
19.08 26.56
19.08 26.56
19.08 26.56
19.26 26.56
19.26 26.56
19.26 26.56
19.63 26.56
19.63 26.56
19.63 26.56
20.72 26.56
20.72 26.56
20.72 26.56
20.91 26.56
20.91 26.56
20.91 26.56
21.09 26.56
21.09 26.56
21.09 26.56
18.71 26.75
18.71 26.75
18.71 26.75
19.26 26.75
19.26 26.75
19.26 26.75
19.44 26.75
19.44 26.75
19.44 26.75
19.63 26.75
19.63 26.75
19.63 26.75
19.81 26.75
19.81 26.75
19.81 26.75
19.99 26.75
19.99 26.75
19.99 26.75
20.36 26.75
20.36 26.75
20.36 26.75
20.54 26.75
20.54 26.75
20.54 26.75
18.53 26.93
18.53 26.93
18.53 26.93
18.90 26.93
18.90 26.93
18.90 26.93
19.08 26.93
19.08 26.93
19.08 26.93
19.44 26.93
19.44 26.93
19.44 26.93
19.99 26.93
19.99 26.93
19.99 26.93
20.36 26.93
20.36 26.93
20.36 26.93
18.90 27.11
18.90 27.11
18.90 27.11
19.08 27.11
19.08 27.11
19.08 27.11
19.26 27.11
19.26 27.11
19.26 27.11
19.81 27.11
19.81 27.11
19.81 27.11
20.36 27.11
20.36 27.11
20.36 27.11
18.71 27.30
18.71 27.30
18.71 27.30
19.08 27.30
19.08 27.30
19.08 27.30
19.26 27.30
19.26 27.30
19.26 27.30
18.17 27.48
18.17 27.48
18.17 27.48
18.35 27.48
18.35 27.48
18.35 27.48
18.71 27.48
18.71 27.48
18.71 27.48
19.81 27.48
19.81 27.48
19.81 27.48
17.98 27.66
17.98 27.66
17.98 27.66
18.53 27.66
18.53 27.66
18.53 27.66
18.71 27.66
18.71 27.66
18.71 27.66
