8.31 -37.88
8.31 -37.88
8.31 -37.88
8.49 -37.52
8.49 -37.52
8.49 -37.52
8.67 -37.52
8.67 -37.52
8.67 -37.52
8.85 -37.52
8.85 -37.52
8.85 -37.52
8.49 -37.34
8.49 -37.34
8.49 -37.34
2.10 -26.38
2.10 -26.38
2.10 -26.38
1.92 -26.20
1.92 -26.20
1.92 -26.20
1.37 -26.02
1.37 -26.02
1.37 -26.02
1.92 -26.02
1.92 -26.02
1.92 -26.02
2.28 -26.02
2.28 -26.02
2.28 -26.02
2.46 -26.02
2.46 -26.02
2.46 -26.02
2.83 -26.02
2.83 -26.02
2.83 -26.02
3.01 -26.02
3.01 -26.02
3.01 -26.02
1.19 -25.83
1.19 -25.83
1.19 -25.83
2.10 -25.83
2.10 -25.83
2.10 -25.83
2.83 -25.83
2.83 -25.83
2.83 -25.83
2.65 -25.65
2.65 -25.65
2.65 -25.65
1.00 -25.47
1.00 -25.47
1.00 -25.47
2.83 -25.47
2.83 -25.47
2.83 -25.47
3.01 -25.47
3.01 -25.47
3.01 -25.47
2.46 -25.29
2.46 -25.29
2.46 -25.29
2.65 -25.29
2.65 -25.29
2.65 -25.29
2.46 -25.10
2.46 -25.10
2.46 -25.10
2.65 -25.10
2.65 -25.10
2.65 -25.10
3.01 -25.10
3.01 -25.10
3.01 -25.10
2.46 -24.92
2.46 -24.92
2.46 -24.92
2.65 -24.92
2.65 -24.92
2.65 -24.92
3.01 -24.92
3.01 -24.92
3.01 -24.92
1.55 -24.74
1.55 -24.74
1.55 -24.74
2.10 -24.74
2.10 -24.74
2.10 -24.74
2.28 -24.74
2.28 -24.74
2.28 -24.74
2.65 -24.74
2.65 -24.74
2.65 -24.74
2.83 -24.74
2.83 -24.74
2.83 -24.74
3.01 -24.74
3.01 -24.74
3.01 -24.74
1.19 -24.56
1.19 -24.56
1.19 -24.56
1.37 -24.56
1.37 -24.56
1.37 -24.56
1.55 -24.56
1.55 -24.56
1.55 -24.56
1.73 -24.56
1.73 -24.56
1.73 -24.56
1.92 -24.56
1.92 -24.56
1.92 -24.56
2.28 -24.56
2.28 -24.56
2.28 -24.56
1.19 -24.37
1.19 -24.37
1.19 -24.37
1.92 -24.37
1.92 -24.37
1.92 -24.37
2.28 -24.37
2.28 -24.37
2.28 -24.37
1.19 -24.01
1.19 -24.01
1.19 -24.01
1.37 -24.01
1.37 -24.01
1.37 -24.01
1.00 -23.83
1.00 -23.83
1.00 -23.83
-2.28 0.09
-2.28 0.09
-2.28 0.09
-2.10 0.27
-2.10 0.27
-2.10 0.27
-1.92 0.27
-1.92 0.27
-1.92 0.27
-2.28 0.46
-2.28 0.46
-2.28 0.46
-1.73 0.46
-1.73 0.46
-1.73 0.46
-1.19 0.46
-1.19 0.46
-1.19 0.46
-2.46 0.64
-2.46 0.64
-2.46 0.64
-2.10 0.64
-2.10 0.64
-2.10 0.64
-1.92 0.64
-1.92 0.64
-1.92 0.64
-1.73 0.64
-1.73 0.64
-1.73 0.64
-1.55 0.64
-1.55 0.64
-1.55 0.64
-0.82 0.64
-0.82 0.64
-0.82 0.64
-0.64 0.64
-0.64 0.64
-0.64 0.64
-1.19 0.82
-1.19 0.82
-1.19 0.82
-1.00 0.82
-1.00 0.82
-1.00 0.82
-0.82 0.82
-0.82 0.82
-0.82 0.82
-0.64 0.82
-0.64 0.82
-0.64 0.82
-0.46 0.82
-0.46 0.82
-0.46 0.82
-0.09 0.82
-0.09 0.82
-0.09 0.82
-0.46 1.00
-0.46 1.00
-0.46 1.00
-0.27 1.00
-0.27 1.00
-0.27 1.00
-0.09 1.00
-0.09 1.00
-0.09 1.00
0.09 1.00
0.09 1.00
0.09 1.00
-0.09 1.19
-0.09 1.19
-0.09 1.19
0.09 1.19
0.09 1.19
0.09 1.19
2.65 1.19
2.65 1.19
2.65 1.19
-0.46 1.37
-0.46 1.37
-0.46 1.37
-0.27 1.37
-0.27 1.37
-0.27 1.37
0.09 1.37
0.09 1.37
0.09 1.37
0.27 1.37
0.27 1.37
0.27 1.37
0.46 1.37
0.46 1.37
0.46 1.37
2.46 1.37
2.46 1.37
2.46 1.37
3.38 1.37
3.38 1.37
3.38 1.37
3.56 1.37
3.56 1.37
3.56 1.37
0.64 1.55
0.64 1.55
0.64 1.55
3.01 1.55
3.01 1.55
3.01 1.55
3.20 1.55
3.20 1.55
3.20 1.55
3.38 1.55
3.38 1.55
3.38 1.55
0.27 1.73
0.27 1.73
0.27 1.73
0.82 1.73
0.82 1.73
0.82 1.73
3.38 1.73
3.38 1.73
3.38 1.73
3.56 1.73
3.56 1.73
3.56 1.73
0.27 1.92
0.27 1.92
0.27 1.92
0.46 1.92
0.46 1.92
0.46 1.92
0.64 1.92
0.64 1.92
0.64 1.92
1.19 1.92
1.19 1.92
1.19 1.92
3.20 1.92
3.20 1.92
3.20 1.92
3.38 1.92
3.38 1.92
3.38 1.92
1.00 2.10
1.00 2.10
1.00 2.10
1.37 2.10
1.37 2.10
1.37 2.10
3.01 2.10
3.01 2.10
3.01 2.10
3.20 2.10
3.20 2.10
3.20 2.10
1.00 2.28
1.00 2.28
1.00 2.28
1.19 2.28
1.19 2.28
1.19 2.28
1.37 2.28
1.37 2.28
1.37 2.28
2.83 2.28
2.83 2.28
2.83 2.28
3.20 2.28
3.20 2.28
3.20 2.28
3.56 2.28
3.56 2.28
3.56 2.28
3.74 2.28
3.74 2.28
3.74 2.28
3.93 2.28
3.93 2.28
3.93 2.28
1.37 2.46
1.37 2.46
1.37 2.46
1.55 2.46
1.55 2.46
1.55 2.46
1.92 2.46
1.92 2.46
1.92 2.46
2.10 2.46
2.10 2.46
2.10 2.46
3.93 2.46
3.93 2.46
3.93 2.46
4.11 2.46
4.11 2.46
4.11 2.46
1.19 2.65
1.19 2.65
1.19 2.65
1.37 2.65
1.37 2.65
1.37 2.65
1.73 2.65
1.73 2.65
1.73 2.65
3.56 2.65
3.56 2.65
3.56 2.65
4.11 2.65
4.11 2.65
4.11 2.65
2.10 2.83
2.10 2.83
2.10 2.83
3.74 2.83
3.74 2.83
3.74 2.83
3.93 2.83
3.93 2.83
3.93 2.83
4.11 2.83
4.11 2.83
4.11 2.83
4.47 2.83
4.47 2.83
4.47 2.83
4.66 2.83
4.66 2.83
4.66 2.83
1.55 3.01
1.55 3.01
1.55 3.01
1.73 3.01
1.73 3.01
1.73 3.01
2.28 3.01
2.28 3.01
2.28 3.01
2.46 3.01
2.46 3.01
2.46 3.01
2.83 3.01
2.83 3.01
2.83 3.01
3.20 3.01
3.20 3.01
3.20 3.01
4.11 3.01
4.11 3.01
4.11 3.01
4.47 3.01
4.47 3.01
4.47 3.01
4.66 3.01
4.66 3.01
4.66 3.01
1.55 3.20
1.55 3.20
1.55 3.20
2.10 3.20
2.10 3.20
2.10 3.20
2.28 3.20
2.28 3.20
2.28 3.20
2.65 3.20
2.65 3.20
2.65 3.20
2.83 3.20
2.83 3.20
2.83 3.20
3.20 3.20
3.20 3.20
3.20 3.20
3.74 3.20
3.74 3.20
3.74 3.20
4.11 3.20
4.11 3.20
4.11 3.20
4.29 3.20
4.29 3.20
4.29 3.20
4.84 3.20
4.84 3.20
4.84 3.20
2.28 3.38
2.28 3.38
2.28 3.38
2.65 3.38
2.65 3.38
2.65 3.38
2.83 3.38
2.83 3.38
2.83 3.38
3.01 3.38
3.01 3.38
3.01 3.38
3.20 3.38
3.20 3.38
3.20 3.38
3.38 3.38
3.38 3.38
3.38 3.38
3.56 3.38
3.56 3.38
3.56 3.38
3.74 3.38
3.74 3.38
3.74 3.38
3.93 3.38
3.93 3.38
3.93 3.38
4.11 3.38
4.11 3.38
4.11 3.38
4.29 3.38
4.29 3.38
4.29 3.38
4.47 3.38
4.47 3.38
4.47 3.38
4.84 3.38
4.84 3.38
4.84 3.38
5.39 3.38
5.39 3.38
5.39 3.38
2.46 3.56
2.46 3.56
2.46 3.56
2.83 3.56
2.83 3.56
2.83 3.56
3.01 3.56
3.01 3.56
3.01 3.56
3.56 3.56
3.56 3.56
3.56 3.56
3.93 3.56
3.93 3.56
3.93 3.56
4.11 3.56
4.11 3.56
4.11 3.56
4.29 3.56
4.29 3.56
4.29 3.56
4.66 3.56
4.66 3.56
4.66 3.56
5.02 3.56
5.02 3.56
5.02 3.56
5.20 3.56
5.20 3.56
5.20 3.56
2.83 3.74
2.83 3.74
2.83 3.74
3.38 3.74
3.38 3.74
3.38 3.74
3.74 3.74
3.74 3.74
3.74 3.74
4.29 3.74
4.29 3.74
4.29 3.74
4.47 3.74
4.47 3.74
4.47 3.74
4.66 3.74
4.66 3.74
4.66 3.74
4.84 3.74
4.84 3.74
4.84 3.74
5.20 3.74
5.20 3.74
5.20 3.74
5.57 3.74
5.57 3.74
5.57 3.74
6.12 3.74
6.12 3.74
6.12 3.74
2.28 3.93
2.28 3.93
2.28 3.93
3.38 3.93
3.38 3.93
3.38 3.93
3.93 3.93
3.93 3.93
3.93 3.93
4.11 3.93
4.11 3.93
4.11 3.93
4.29 3.93
4.29 3.93
4.29 3.93
4.84 3.93
4.84 3.93
4.84 3.93
5.02 3.93
5.02 3.93
5.02 3.93
5.39 3.93
5.39 3.93
5.39 3.93
5.57 3.93
5.57 3.93
5.57 3.93
5.75 3.93
5.75 3.93
5.75 3.93
3.01 4.11
3.01 4.11
3.01 4.11
3.20 4.11
3.20 4.11
3.20 4.11
3.38 4.11
3.38 4.11
3.38 4.11
3.74 4.11
3.74 4.11
3.74 4.11
4.29 4.11
4.29 4.11
4.29 4.11
4.47 4.11
4.47 4.11
4.47 4.11
4.84 4.11
4.84 4.11
4.84 4.11
5.20 4.11
5.20 4.11
5.20 4.11
5.93 4.11
5.93 4.11
5.93 4.11
6.30 4.11
6.30 4.11
6.30 4.11
6.48 4.11
6.48 4.11
6.48 4.11
3.01 4.29
3.01 4.29
3.01 4.29
3.56 4.29
3.56 4.29
3.56 4.29
3.74 4.29
3.74 4.29
3.74 4.29
4.11 4.29
4.11 4.29
4.11 4.29
4.29 4.29
4.29 4.29
4.29 4.29
4.47 4.29
4.47 4.29
4.47 4.29
5.57 4.29
5.57 4.29
5.57 4.29
5.93 4.29
5.93 4.29
5.93 4.29
6.48 4.29
6.48 4.29
6.48 4.29
6.85 4.29
6.85 4.29
6.85 4.29
3.38 4.47
3.38 4.47
3.38 4.47
3.56 4.47
3.56 4.47
3.56 4.47
3.74 4.47
3.74 4.47
3.74 4.47
4.66 4.47
4.66 4.47
4.66 4.47
5.93 4.47
5.93 4.47
5.93 4.47
6.12 4.47
6.12 4.47
6.12 4.47
6.30 4.47
6.30 4.47
6.30 4.47
3.01 4.66
3.01 4.66
3.01 4.66
3.56 4.66
3.56 4.66
3.56 4.66
3.74 4.66
3.74 4.66
3.74 4.66
5.75 4.66
5.75 4.66
5.75 4.66
3.01 4.84
3.01 4.84
3.01 4.84
3.56 4.84
3.56 4.84
3.56 4.84
3.74 4.84
3.74 4.84
3.74 4.84
4.11 4.84
4.11 4.84
4.11 4.84
5.75 4.84
5.75 4.84
5.75 4.84
6.12 4.84
6.12 4.84
6.12 4.84
6.30 4.84
6.30 4.84
6.30 4.84
6.85 4.84
6.85 4.84
6.85 4.84
3.38 5.02
3.38 5.02
3.38 5.02
3.56 5.02
3.56 5.02
3.56 5.02
3.93 5.02
3.93 5.02
3.93 5.02
4.11 5.02
4.11 5.02
4.11 5.02
5.57 5.02
5.57 5.02
5.57 5.02
6.12 5.02
6.12 5.02
6.12 5.02
6.48 5.02
6.48 5.02
6.48 5.02
6.66 5.02
6.66 5.02
6.66 5.02
7.03 5.02
7.03 5.02
7.03 5.02
7.39 5.02
7.39 5.02
7.39 5.02
3.93 5.20
3.93 5.20
3.93 5.20
4.66 5.20
4.66 5.20
4.66 5.20
4.84 5.20
4.84 5.20
4.84 5.20
5.02 5.20
5.02 5.20
5.02 5.20
5.20 5.20
5.20 5.20
5.20 5.20
6.66 5.20
6.66 5.20
6.66 5.20
7.21 5.20
7.21 5.20
7.21 5.20
7.39 5.20
7.39 5.20
7.39 5.20
4.47 5.39
4.47 5.39
4.47 5.39
4.66 5.39
4.66 5.39
4.66 5.39
5.20 5.39
5.20 5.39
5.20 5.39
5.39 5.39
5.39 5.39
5.39 5.39
5.57 5.39
5.57 5.39
5.57 5.39
6.30 5.39
6.30 5.39
6.30 5.39
6.48 5.39
6.48 5.39
6.48 5.39
6.85 5.39
6.85 5.39
6.85 5.39
7.03 5.39
7.03 5.39
7.03 5.39
4.47 5.57
4.47 5.57
4.47 5.57
5.02 5.57
5.02 5.57
5.02 5.57
5.20 5.57
5.20 5.57
5.20 5.57
5.39 5.57
5.39 5.57
5.39 5.57
5.57 5.57
5.57 5.57
5.57 5.57
5.75 5.57
5.75 5.57
5.75 5.57
5.93 5.57
5.93 5.57
5.93 5.57
6.12 5.57
6.12 5.57
6.12 5.57
6.66 5.57
6.66 5.57
6.66 5.57
6.85 5.57
6.85 5.57
6.85 5.57
7.03 5.57
7.03 5.57
7.03 5.57
7.21 5.57
7.21 5.57
7.21 5.57
4.66 5.75
4.66 5.75
4.66 5.75
4.84 5.75
4.84 5.75
4.84 5.75
5.02 5.75
5.02 5.75
5.02 5.75
5.20 5.75
5.20 5.75
5.20 5.75
5.39 5.75
5.39 5.75
5.39 5.75
5.57 5.75
5.57 5.75
5.57 5.75
5.75 5.75
5.75 5.75
5.75 5.75
5.93 5.75
5.93 5.75
5.93 5.75
7.39 5.75
7.39 5.75
7.39 5.75
4.66 5.93
4.66 5.93
4.66 5.93
5.57 5.93
5.57 5.93
5.57 5.93
5.75 5.93
5.75 5.93
5.75 5.93
5.93 5.93
5.93 5.93
5.93 5.93
6.12 5.93
6.12 5.93
6.12 5.93
7.39 5.93
7.39 5.93
7.39 5.93
4.29 6.12
4.29 6.12
4.29 6.12
5.02 6.12
5.02 6.12
5.02 6.12
5.75 6.12
5.75 6.12
5.75 6.12
5.93 6.12
5.93 6.12
5.93 6.12
6.12 6.12
6.12 6.12
6.12 6.12
6.30 6.12
6.30 6.12
6.30 6.12
6.48 6.12
6.48 6.12
6.48 6.12
6.85 6.12
6.85 6.12
6.85 6.12
7.03 6.12
7.03 6.12
7.03 6.12
7.21 6.12
7.21 6.12
7.21 6.12
4.29 6.30
4.29 6.30
4.29 6.30
4.47 6.30
4.47 6.30
4.47 6.30
4.66 6.30
4.66 6.30
4.66 6.30
6.66 6.30
6.66 6.30
6.66 6.30
7.03 6.30
7.03 6.30
7.03 6.30
7.21 6.30
7.21 6.30
7.21 6.30
8.31 6.30
8.31 6.30
8.31 6.30
8.49 6.30
8.49 6.30
8.49 6.30
8.85 6.30
8.85 6.30
8.85 6.30
5.02 6.48
5.02 6.48
5.02 6.48
5.20 6.48
5.20 6.48
5.20 6.48
7.03 6.48
7.03 6.48
7.03 6.48
7.21 6.48
7.21 6.48
7.21 6.48
7.58 6.48
7.58 6.48
7.58 6.48
7.94 6.48
7.94 6.48
7.94 6.48
8.12 6.48
8.12 6.48
8.12 6.48
8.67 6.48
8.67 6.48
8.67 6.48
8.85 6.48
8.85 6.48
8.85 6.48
5.02 6.66
5.02 6.66
5.02 6.66
5.20 6.66
5.20 6.66
5.20 6.66
5.75 6.66
5.75 6.66
5.75 6.66
8.67 6.66
8.67 6.66
8.67 6.66
8.85 6.66
8.85 6.66
8.85 6.66
5.57 6.85
5.57 6.85
5.57 6.85
5.75 6.85
5.75 6.85
5.75 6.85
6.12 6.85
6.12 6.85
6.12 6.85
6.30 6.85
6.30 6.85
6.30 6.85
8.31 6.85
8.31 6.85
8.31 6.85
8.49 6.85
8.49 6.85
8.49 6.85
8.67 6.85
8.67 6.85
8.67 6.85
5.02 7.03
5.02 7.03
5.02 7.03
5.39 7.03
5.39 7.03
5.39 7.03
5.57 7.03
5.57 7.03
5.57 7.03
5.75 7.03
5.75 7.03
5.75 7.03
5.93 7.03
5.93 7.03
5.93 7.03
8.12 7.03
8.12 7.03
8.12 7.03
8.85 7.03
8.85 7.03
8.85 7.03
5.20 7.21
5.20 7.21
5.20 7.21
5.39 7.21
5.39 7.21
5.39 7.21
5.93 7.21
5.93 7.21
5.93 7.21
6.12 7.21
6.12 7.21
6.12 7.21
6.66 7.21
6.66 7.21
6.66 7.21
6.85 7.21
6.85 7.21
6.85 7.21
7.03 7.21
7.03 7.21
7.03 7.21
7.21 7.21
7.21 7.21
7.21 7.21
8.12 7.21
8.12 7.21
8.12 7.21
8.67 7.21
8.67 7.21
8.67 7.21
5.93 7.39
5.93 7.39
5.93 7.39
6.48 7.39
6.48 7.39
6.48 7.39
6.66 7.39
6.66 7.39
6.66 7.39
6.85 7.39
6.85 7.39
6.85 7.39
8.49 7.39
8.49 7.39
8.49 7.39
8.67 7.39
8.67 7.39
8.67 7.39
8.85 7.39
8.85 7.39
8.85 7.39
9.40 7.39
9.40 7.39
9.40 7.39
5.57 7.58
5.57 7.58
5.57 7.58
5.75 7.58
5.75 7.58
5.75 7.58
5.93 7.58
5.93 7.58
5.93 7.58
8.12 7.58
8.12 7.58
8.12 7.58
8.31 7.58
8.31 7.58
8.31 7.58
9.22 7.58
9.22 7.58
9.22 7.58
9.40 7.58
9.40 7.58
9.40 7.58
5.93 7.76
5.93 7.76
5.93 7.76
6.12 7.76
6.12 7.76
6.12 7.76
6.30 7.76
6.30 7.76
6.30 7.76
8.31 7.76
8.31 7.76
8.31 7.76
5.93 7.94
5.93 7.94
5.93 7.94
6.30 7.94
6.30 7.94
6.30 7.94
6.48 7.94
6.48 7.94
6.48 7.94
6.66 7.94
6.66 7.94
6.66 7.94
6.85 7.94
6.85 7.94
6.85 7.94
8.12 7.94
8.12 7.94
8.12 7.94
8.85 7.94
8.85 7.94
8.85 7.94
9.22 7.94
9.22 7.94
9.22 7.94
9.40 7.94
9.40 7.94
9.40 7.94
9.95 7.94
9.95 7.94
9.95 7.94
5.57 8.12
5.57 8.12
5.57 8.12
6.48 8.12
6.48 8.12
6.48 8.12
6.85 8.12
6.85 8.12
6.85 8.12
7.21 8.12
7.21 8.12
7.21 8.12
8.12 8.12
8.12 8.12
8.12 8.12
9.04 8.12
9.04 8.12
9.04 8.12
9.40 8.12
9.40 8.12
9.40 8.12
9.59 8.12
9.59 8.12
9.59 8.12
6.48 8.31
6.48 8.31
6.48 8.31
6.66 8.31
6.66 8.31
6.66 8.31
6.85 8.31
6.85 8.31
6.85 8.31
7.03 8.31
7.03 8.31
7.03 8.31
8.85 8.31
8.85 8.31
8.85 8.31
9.22 8.31
9.22 8.31
9.22 8.31
9.95 8.31
9.95 8.31
9.95 8.31
10.13 8.31
10.13 8.31
10.13 8.31
7.21 8.49
7.21 8.49
7.21 8.49
8.85 8.49
8.85 8.49
8.85 8.49
9.59 8.49
9.59 8.49
9.59 8.49
10.13 8.49
10.13 8.49
10.13 8.49
7.21 8.67
7.21 8.67
7.21 8.67
9.40 8.67
9.40 8.67
9.40 8.67
9.77 8.67
9.77 8.67
9.77 8.67
9.95 8.67
9.95 8.67
9.95 8.67
10.13 8.67
10.13 8.67
10.13 8.67
7.58 8.85
7.58 8.85
7.58 8.85
8.49 8.85
8.49 8.85
8.49 8.85
8.67 8.85
8.67 8.85
8.67 8.85
8.85 8.85
8.85 8.85
8.85 8.85
9.22 8.85
9.22 8.85
9.22 8.85
9.40 8.85
9.40 8.85
9.40 8.85
9.59 8.85
9.59 8.85
9.59 8.85
9.77 8.85
9.77 8.85
9.77 8.85
9.95 8.85
9.95 8.85
9.95 8.85
7.39 9.04
7.39 9.04
7.39 9.04
7.58 9.04
7.58 9.04
7.58 9.04
8.12 9.04
8.12 9.04
8.12 9.04
8.31 9.04
8.31 9.04
8.31 9.04
8.49 9.04
8.49 9.04
8.49 9.04
9.22 9.04
9.22 9.04
9.22 9.04
9.40 9.04
9.40 9.04
9.40 9.04
9.59 9.04
9.59 9.04
9.59 9.04
9.95 9.04
9.95 9.04
9.95 9.04
7.94 9.22
7.94 9.22
7.94 9.22
8.12 9.22
8.12 9.22
8.12 9.22
8.31 9.22
8.31 9.22
8.31 9.22
8.67 9.22
8.67 9.22
8.67 9.22
9.04 9.22
9.04 9.22
9.04 9.22
9.22 9.22
9.22 9.22
9.22 9.22
9.77 9.22
9.77 9.22
9.77 9.22
9.95 9.22
9.95 9.22
9.95 9.22
7.58 9.40
7.58 9.40
7.58 9.40
7.94 9.40
7.94 9.40
7.94 9.40
8.12 9.40
8.12 9.40
8.12 9.40
8.49 9.40
8.49 9.40
8.49 9.40
8.67 9.40
8.67 9.40
8.67 9.40
8.85 9.40
8.85 9.40
8.85 9.40
9.22 9.40
9.22 9.40
9.22 9.40
9.40 9.40
9.40 9.40
9.40 9.40
9.59 9.40
9.59 9.40
9.59 9.40
10.68 9.40
10.68 9.40
10.68 9.40
7.76 9.59
7.76 9.59
7.76 9.59
8.12 9.59
8.12 9.59
8.12 9.59
8.49 9.59
8.49 9.59
8.49 9.59
8.85 9.59
8.85 9.59
8.85 9.59
9.04 9.59
9.04 9.59
9.04 9.59
9.22 9.59
9.22 9.59
9.22 9.59
9.40 9.59
9.40 9.59
9.40 9.59
9.59 9.59
9.59 9.59
9.59 9.59
9.95 9.59
9.95 9.59
9.95 9.59
10.13 9.59
10.13 9.59
10.13 9.59
10.32 9.59
10.32 9.59
10.32 9.59
10.50 9.59
10.50 9.59
10.50 9.59
7.76 9.77
7.76 9.77
7.76 9.77
8.12 9.77
8.12 9.77
8.12 9.77
8.31 9.77
8.31 9.77
8.31 9.77
9.04 9.77
9.04 9.77
9.04 9.77
9.40 9.77
9.40 9.77
9.40 9.77
9.59 9.77
9.59 9.77
9.59 9.77
10.13 9.77
10.13 9.77
10.13 9.77
10.50 9.77
10.50 9.77
10.50 9.77
7.76 9.95
7.76 9.95
7.76 9.95
7.94 9.95
7.94 9.95
7.94 9.95
8.12 9.95
8.12 9.95
8.12 9.95
8.31 9.95
8.31 9.95
8.31 9.95
8.85 9.95
8.85 9.95
8.85 9.95
9.40 9.95
9.40 9.95
9.40 9.95
9.59 9.95
9.59 9.95
9.59 9.95
10.13 9.95
10.13 9.95
10.13 9.95
10.68 9.95
10.68 9.95
10.68 9.95
11.05 9.95
11.05 9.95
11.05 9.95
11.41 9.95
11.41 9.95
11.41 9.95
7.76 10.13
7.76 10.13
7.76 10.13
8.31 10.13
8.31 10.13
8.31 10.13
8.85 10.13
8.85 10.13
8.85 10.13
9.04 10.13
9.04 10.13
9.04 10.13
9.40 10.13
9.40 10.13
9.40 10.13
9.59 10.13
9.59 10.13
9.59 10.13
9.95 10.13
9.95 10.13
9.95 10.13
10.13 10.13
10.13 10.13
10.13 10.13
8.31 10.32
8.31 10.32
8.31 10.32
8.85 10.32
8.85 10.32
8.85 10.32
9.22 10.32
9.22 10.32
9.22 10.32
9.40 10.32
9.40 10.32
9.40 10.32
9.59 10.32
9.59 10.32
9.59 10.32
10.13 10.32
10.13 10.32
10.13 10.32
8.85 10.50
8.85 10.50
8.85 10.50
9.22 10.50
9.22 10.50
9.22 10.50
9.40 10.50
9.40 10.50
9.40 10.50
9.59 10.50
9.59 10.50
9.59 10.50
9.77 10.50
9.77 10.50
9.77 10.50
10.32 10.50
10.32 10.50
10.32 10.50
11.23 10.50
11.23 10.50
11.23 10.50
11.41 10.50
11.41 10.50
11.41 10.50
9.22 10.68
9.22 10.68
9.22 10.68
9.59 10.68
9.59 10.68
9.59 10.68
9.77 10.68
9.77 10.68
9.77 10.68
9.95 10.68
9.95 10.68
9.95 10.68
10.32 10.68
10.32 10.68
10.32 10.68
10.50 10.68
10.50 10.68
10.50 10.68
10.68 10.68
10.68 10.68
10.68 10.68
10.86 10.68
10.86 10.68
10.86 10.68
11.05 10.68
11.05 10.68
11.05 10.68
11.23 10.68
11.23 10.68
11.23 10.68
8.49 10.86
8.49 10.86
8.49 10.86
9.22 10.86
9.22 10.86
9.22 10.86
9.77 10.86
9.77 10.86
9.77 10.86
9.95 10.86
9.95 10.86
9.95 10.86
10.32 10.86
10.32 10.86
10.32 10.86
10.50 10.86
10.50 10.86
10.50 10.86
10.86 10.86
10.86 10.86
10.86 10.86
8.31 11.05
8.31 11.05
8.31 11.05
8.67 11.05
8.67 11.05
8.67 11.05
9.22 11.05
9.22 11.05
9.22 11.05
9.59 11.05
9.59 11.05
9.59 11.05
9.77 11.05
9.77 11.05
9.77 11.05
9.95 11.05
9.95 11.05
9.95 11.05
10.13 11.05
10.13 11.05
10.13 11.05
10.32 11.05
10.32 11.05
10.32 11.05
10.50 11.05
10.50 11.05
10.50 11.05
10.68 11.05
10.68 11.05
10.68 11.05
10.86 11.05
10.86 11.05
10.86 11.05
11.05 11.05
11.05 11.05
11.05 11.05
11.41 11.05
11.41 11.05
11.41 11.05
11.78 11.05
11.78 11.05
11.78 11.05
8.85 11.23
8.85 11.23
8.85 11.23
9.22 11.23
9.22 11.23
9.22 11.23
9.40 11.23
9.40 11.23
9.40 11.23
9.59 11.23
9.59 11.23
9.59 11.23
9.77 11.23
9.77 11.23
9.77 11.23
9.95 11.23
9.95 11.23
9.95 11.23
10.13 11.23
10.13 11.23
10.13 11.23
10.32 11.23
10.32 11.23
10.32 11.23
10.50 11.23
10.50 11.23
10.50 11.23
10.68 11.23
10.68 11.23
10.68 11.23
10.86 11.23
10.86 11.23
10.86 11.23
11.05 11.23
11.05 11.23
11.05 11.23
11.23 11.23
11.23 11.23
11.23 11.23
11.41 11.23
11.41 11.23
11.41 11.23
11.78 11.23
11.78 11.23
11.78 11.23
11.96 11.23
11.96 11.23
11.96 11.23
8.85 11.41
8.85 11.41
8.85 11.41
9.04 11.41
9.04 11.41
9.04 11.41
9.59 11.41
9.59 11.41
9.59 11.41
9.77 11.41
9.77 11.41
9.77 11.41
9.95 11.41
9.95 11.41
9.95 11.41
11.23 11.41
11.23 11.41
11.23 11.41
11.41 11.41
11.41 11.41
11.41 11.41
11.78 11.41
11.78 11.41
11.78 11.41
11.96 11.41
11.96 11.41
11.96 11.41
9.40 11.59
9.40 11.59
9.40 11.59
9.59 11.59
9.59 11.59
9.59 11.59
9.77 11.59
9.77 11.59
9.77 11.59
11.59 11.59
11.59 11.59
11.59 11.59
12.14 11.59
12.14 11.59
12.14 11.59
12.51 11.59
12.51 11.59
12.51 11.59
9.22 11.78
9.22 11.78
9.22 11.78
9.59 11.78
9.59 11.78
9.59 11.78
9.77 11.78
9.77 11.78
9.77 11.78
10.68 11.78
10.68 11.78
10.68 11.78
10.86 11.78
10.86 11.78
10.86 11.78
11.05 11.78
11.05 11.78
11.05 11.78
11.59 11.78
11.59 11.78
11.59 11.78
11.78 11.78
11.78 11.78
11.78 11.78
12.32 11.78
12.32 11.78
12.32 11.78
12.51 11.78
12.51 11.78
12.51 11.78
9.22 11.96
9.22 11.96
9.22 11.96
9.59 11.96
9.59 11.96
9.59 11.96
9.77 11.96
9.77 11.96
9.77 11.96
9.95 11.96
9.95 11.96
9.95 11.96
10.13 11.96
10.13 11.96
10.13 11.96
10.32 11.96
10.32 11.96
10.32 11.96
10.50 11.96
10.50 11.96
10.50 11.96
10.68 11.96
10.68 11.96
10.68 11.96
10.86 11.96
10.86 11.96
10.86 11.96
11.05 11.96
11.05 11.96
11.05 11.96
11.23 11.96
11.23 11.96
11.23 11.96
11.78 11.96
11.78 11.96
11.78 11.96
11.96 11.96
11.96 11.96
11.96 11.96
12.69 11.96
12.69 11.96
12.69 11.96
9.59 12.14
9.59 12.14
9.59 12.14
9.77 12.14
9.77 12.14
9.77 12.14
9.95 12.14
9.95 12.14
9.95 12.14
10.13 12.14
10.13 12.14
10.13 12.14
10.32 12.14
10.32 12.14
10.32 12.14
11.41 12.14
11.41 12.14
11.41 12.14
11.96 12.14
11.96 12.14
11.96 12.14
12.14 12.14
12.14 12.14
12.14 12.14
12.32 12.14
12.32 12.14
12.32 12.14
12.69 12.14
12.69 12.14
12.69 12.14
11.78 12.32
11.78 12.32
11.78 12.32
12.14 12.32
12.14 12.32
12.14 12.32
12.51 12.32
12.51 12.32
12.51 12.32
10.13 12.51
10.13 12.51
10.13 12.51
11.41 12.51
11.41 12.51
11.41 12.51
11.59 12.51
11.59 12.51
11.59 12.51
11.78 12.51
11.78 12.51
11.78 12.51
11.96 12.51
11.96 12.51
11.96 12.51
12.14 12.51
12.14 12.51
12.14 12.51
12.51 12.51
12.51 12.51
12.51 12.51
12.87 12.51
12.87 12.51
12.87 12.51
13.05 12.51
13.05 12.51
13.05 12.51
9.59 12.69
9.59 12.69
9.59 12.69
9.95 12.69
9.95 12.69
9.95 12.69
10.13 12.69
10.13 12.69
10.13 12.69
10.50 12.69
10.50 12.69
10.50 12.69
10.68 12.69
10.68 12.69
10.68 12.69
11.05 12.69
11.05 12.69
11.05 12.69
11.23 12.69
11.23 12.69
11.23 12.69
11.41 12.69
11.41 12.69
11.41 12.69
11.59 12.69
11.59 12.69
11.59 12.69
13.05 12.69
13.05 12.69
13.05 12.69
13.24 12.69
13.24 12.69
13.24 12.69
13.42 12.69
13.42 12.69
13.42 12.69
10.86 12.87
10.86 12.87
10.86 12.87
11.23 12.87
11.23 12.87
11.23 12.87
11.41 12.87
11.41 12.87
11.41 12.87
12.87 12.87
12.87 12.87
12.87 12.87
13.05 12.87
13.05 12.87
13.05 12.87
13.97 12.87
13.97 12.87
13.97 12.87
10.32 13.05
10.32 13.05
10.32 13.05
10.50 13.05
10.50 13.05
10.50 13.05
11.05 13.05
11.05 13.05
11.05 13.05
11.59 13.05
11.59 13.05
11.59 13.05
11.78 13.05
11.78 13.05
11.78 13.05
12.51 13.05
12.51 13.05
12.51 13.05
12.87 13.05
12.87 13.05
12.87 13.05
13.42 13.05
13.42 13.05
13.42 13.05
13.78 13.05
13.78 13.05
13.78 13.05
10.68 13.24
10.68 13.24
10.68 13.24
11.23 13.24
11.23 13.24
11.23 13.24
11.96 13.24
11.96 13.24
11.96 13.24
12.14 13.24
12.14 13.24
12.14 13.24
13.05 13.24
13.05 13.24
13.05 13.24
13.60 13.24
13.60 13.24
13.60 13.24
13.97 13.24
13.97 13.24
13.97 13.24
11.41 13.42
11.41 13.42
11.41 13.42
11.59 13.42
11.59 13.42
11.59 13.42
13.05 13.42
13.05 13.42
13.05 13.42
13.24 13.42
13.24 13.42
13.24 13.42
13.60 13.42
13.60 13.42
13.60 13.42
10.32 13.60
10.32 13.60
10.32 13.60
10.86 13.60
10.86 13.60
10.86 13.60
11.05 13.60
11.05 13.60
11.05 13.60
12.87 13.60
12.87 13.60
12.87 13.60
13.60 13.60
13.60 13.60
13.60 13.60
10.86 13.78
10.86 13.78
10.86 13.78
11.23 13.78
11.23 13.78
11.23 13.78
11.41 13.78
11.41 13.78
11.41 13.78
13.24 13.78
13.24 13.78
13.24 13.78
13.42 13.78
13.42 13.78
13.42 13.78
13.78 13.78
13.78 13.78
13.78 13.78
13.97 13.78
13.97 13.78
13.97 13.78
14.51 13.78
14.51 13.78
14.51 13.78
10.86 13.97
10.86 13.97
10.86 13.97
11.05 13.97
11.05 13.97
11.05 13.97
13.97 13.97
13.97 13.97
13.97 13.97
14.15 13.97
14.15 13.97
14.15 13.97
14.33 13.97
14.33 13.97
14.33 13.97
14.70 13.97
14.70 13.97
14.70 13.97
11.78 14.15
11.78 14.15
11.78 14.15
11.96 14.15
11.96 14.15
11.96 14.15
12.14 14.15
12.14 14.15
12.14 14.15
12.51 14.15
12.51 14.15
12.51 14.15
14.33 14.15
14.33 14.15
14.33 14.15
14.51 14.15
14.51 14.15
14.51 14.15
14.70 14.15
14.70 14.15
14.70 14.15
11.96 14.33
11.96 14.33
11.96 14.33
12.14 14.33
12.14 14.33
12.14 14.33
12.32 14.33
12.32 14.33
12.32 14.33
12.51 14.33
12.51 14.33
12.51 14.33
12.69 14.33
12.69 14.33
12.69 14.33
14.33 14.33
14.33 14.33
14.33 14.33
14.51 14.33
14.51 14.33
14.51 14.33
11.59 14.51
11.59 14.51
11.59 14.51
12.32 14.51
12.32 14.51
12.32 14.51
12.51 14.51
12.51 14.51
12.51 14.51
13.97 14.51
13.97 14.51
13.97 14.51
11.59 14.70
11.59 14.70
11.59 14.70
11.96 14.70
11.96 14.70
11.96 14.70
13.24 14.70
13.24 14.70
13.24 14.70
13.42 14.70
13.42 14.70
13.42 14.70
13.60 14.70
13.60 14.70
13.60 14.70
14.33 14.70
14.33 14.70
14.33 14.70
14.51 14.70
14.51 14.70
14.51 14.70
14.70 14.70
14.70 14.70
14.70 14.70
14.88 14.70
14.88 14.70
14.88 14.70
15.25 14.70
15.25 14.70
15.25 14.70
11.59 14.88
11.59 14.88
11.59 14.88
11.96 14.88
11.96 14.88
11.96 14.88
12.14 14.88
12.14 14.88
12.14 14.88
12.32 14.88
12.32 14.88
12.32 14.88
13.05 14.88
13.05 14.88
13.05 14.88
13.24 14.88
13.24 14.88
13.24 14.88
13.42 14.88
13.42 14.88
13.42 14.88
13.60 14.88
13.60 14.88
13.60 14.88
14.88 14.88
14.88 14.88
14.88 14.88
11.59 15.06
11.59 15.06
11.59 15.06
11.78 15.06
11.78 15.06
11.78 15.06
13.05 15.06
13.05 15.06
13.05 15.06
13.24 15.06
13.24 15.06
13.24 15.06
14.51 15.06
14.51 15.06
14.51 15.06
11.78 15.25
11.78 15.25
11.78 15.25
11.96 15.25
11.96 15.25
11.96 15.25
12.14 15.25
12.14 15.25
12.14 15.25
12.32 15.25
12.32 15.25
12.32 15.25
12.51 15.25
12.51 15.25
12.51 15.25
12.69 15.25
12.69 15.25
12.69 15.25
12.87 15.25
12.87 15.25
12.87 15.25
13.97 15.25
13.97 15.25
13.97 15.25
14.51 15.25
14.51 15.25
14.51 15.25
14.70 15.25
14.70 15.25
14.70 15.25
15.06 15.25
15.06 15.25
15.06 15.25
11.78 15.43
11.78 15.43
11.78 15.43
12.14 15.43
12.14 15.43
12.14 15.43
12.69 15.43
12.69 15.43
12.69 15.43
12.87 15.43
12.87 15.43
12.87 15.43
14.51 15.43
14.51 15.43
14.51 15.43
14.70 15.43
14.70 15.43
14.70 15.43
14.88 15.43
14.88 15.43
14.88 15.43
15.06 15.43
15.06 15.43
15.06 15.43
15.25 15.43
15.25 15.43
15.25 15.43
12.32 15.61
12.32 15.61
12.32 15.61
13.24 15.61
13.24 15.61
13.24 15.61
13.42 15.61
13.42 15.61
13.42 15.61
12.14 15.79
12.14 15.79
12.14 15.79
12.69 15.79
12.69 15.79
12.69 15.79
12.87 15.79
12.87 15.79
12.87 15.79
13.05 15.79
13.05 15.79
13.05 15.79
13.42 15.79
13.42 15.79
13.42 15.79
15.98 15.79
15.98 15.79
15.98 15.79
12.14 15.98
12.14 15.98
12.14 15.98
12.69 15.98
12.69 15.98
12.69 15.98
13.60 15.98
13.60 15.98
13.60 15.98
13.78 15.98
13.78 15.98
13.78 15.98
13.97 15.98
13.97 15.98
13.97 15.98
14.15 15.98
14.15 15.98
14.15 15.98
15.43 15.98
15.43 15.98
15.43 15.98
15.61 15.98
15.61 15.98
15.61 15.98
15.98 15.98
15.98 15.98
15.98 15.98
13.24 16.16
13.24 16.16
13.24 16.16
13.60 16.16
13.60 16.16
13.60 16.16
13.97 16.16
13.97 16.16
13.97 16.16
14.15 16.16
14.15 16.16
14.15 16.16
16.52 16.16
16.52 16.16
16.52 16.16
12.87 16.34
12.87 16.34
12.87 16.34
13.05 16.34
13.05 16.34
13.05 16.34
13.60 16.34
13.60 16.34
13.60 16.34
13.97 16.34
13.97 16.34
13.97 16.34
14.15 16.34
14.15 16.34
14.15 16.34
14.33 16.34
14.33 16.34
14.33 16.34
14.51 16.34
14.51 16.34
14.51 16.34
14.70 16.34
14.70 16.34
14.70 16.34
14.88 16.34
14.88 16.34
14.88 16.34
15.61 16.34
15.61 16.34
15.61 16.34
16.34 16.34
16.34 16.34
16.34 16.34
16.52 16.34
16.52 16.34
16.52 16.34
13.05 16.52
13.05 16.52
13.05 16.52
13.97 16.52
13.97 16.52
13.97 16.52
14.15 16.52
14.15 16.52
14.15 16.52
14.33 16.52
14.33 16.52
14.33 16.52
14.51 16.52
14.51 16.52
14.51 16.52
14.70 16.52
14.70 16.52
14.70 16.52
14.88 16.52
14.88 16.52
14.88 16.52
15.06 16.52
15.06 16.52
15.06 16.52
15.25 16.52
15.25 16.52
15.25 16.52
15.43 16.52
15.43 16.52
15.43 16.52
15.79 16.52
15.79 16.52
15.79 16.52
15.98 16.52
15.98 16.52
15.98 16.52
16.16 16.52
16.16 16.52
16.16 16.52
13.78 16.71
13.78 16.71
13.78 16.71
14.70 16.71
14.70 16.71
14.70 16.71
14.88 16.71
14.88 16.71
14.88 16.71
15.06 16.71
15.06 16.71
15.06 16.71
15.25 16.71
15.25 16.71
15.25 16.71
15.43 16.71
15.43 16.71
15.43 16.71
15.79 16.71
15.79 16.71
15.79 16.71
16.52 16.71
16.52 16.71
16.52 16.71
16.89 16.71
16.89 16.71
16.89 16.71
13.42 16.89
13.42 16.89
13.42 16.89
13.60 16.89
13.60 16.89
13.60 16.89
14.15 16.89
14.15 16.89
14.15 16.89
14.70 16.89
14.70 16.89
14.70 16.89
15.06 16.89
15.06 16.89
15.06 16.89
15.25 16.89
15.25 16.89
15.25 16.89
15.43 16.89
15.43 16.89
15.43 16.89
15.61 16.89
15.61 16.89
15.61 16.89
15.79 16.89
15.79 16.89
15.79 16.89
15.98 16.89
15.98 16.89
15.98 16.89
16.16 16.89
16.16 16.89
16.16 16.89
17.25 16.89
17.25 16.89
17.25 16.89
13.42 17.07
13.42 17.07
13.42 17.07
13.78 17.07
13.78 17.07
13.78 17.07
14.33 17.07
14.33 17.07
14.33 17.07
14.70 17.07
14.70 17.07
14.70 17.07
15.06 17.07
15.06 17.07
15.06 17.07
15.43 17.07
15.43 17.07
15.43 17.07
15.61 17.07
15.61 17.07
15.61 17.07
15.79 17.07
15.79 17.07
15.79 17.07
15.98 17.07
15.98 17.07
15.98 17.07
16.16 17.07
16.16 17.07
16.16 17.07
16.34 17.07
16.34 17.07
16.34 17.07
16.89 17.07
16.89 17.07
16.89 17.07
13.42 17.25
13.42 17.25
13.42 17.25
13.78 17.25
13.78 17.25
13.78 17.25
14.33 17.25
14.33 17.25
14.33 17.25
14.51 17.25
14.51 17.25
14.51 17.25
14.70 17.25
14.70 17.25
14.70 17.25
14.88 17.25
14.88 17.25
14.88 17.25
15.06 17.25
15.06 17.25
15.06 17.25
15.43 17.25
15.43 17.25
15.43 17.25
15.61 17.25
15.61 17.25
15.61 17.25
15.79 17.25
15.79 17.25
15.79 17.25
15.98 17.25
15.98 17.25
15.98 17.25
16.16 17.25
16.16 17.25
16.16 17.25
16.34 17.25
16.34 17.25
16.34 17.25
16.52 17.25
16.52 17.25
16.52 17.25
16.71 17.25
16.71 17.25
16.71 17.25
16.89 17.25
16.89 17.25
16.89 17.25
17.07 17.25
17.07 17.25
17.07 17.25
17.25 17.25
17.25 17.25
17.25 17.25
14.15 17.44
14.15 17.44
14.15 17.44
14.33 17.44
14.33 17.44
14.33 17.44
14.51 17.44
14.51 17.44
14.51 17.44
15.25 17.44
15.25 17.44
15.25 17.44
15.43 17.44
15.43 17.44
15.43 17.44
15.61 17.44
15.61 17.44
15.61 17.44
15.79 17.44
15.79 17.44
15.79 17.44
15.98 17.44
15.98 17.44
15.98 17.44
16.16 17.44
16.16 17.44
16.16 17.44
16.34 17.44
16.34 17.44
16.34 17.44
17.07 17.44
17.07 17.44
17.07 17.44
17.25 17.44
17.25 17.44
17.25 17.44
14.15 17.62
14.15 17.62
14.15 17.62
15.79 17.62
15.79 17.62
15.79 17.62
15.98 17.62
15.98 17.62
15.98 17.62
16.16 17.62
16.16 17.62
16.16 17.62
16.89 17.62
16.89 17.62
16.89 17.62
14.15 17.80
14.15 17.80
14.15 17.80
14.88 17.80
14.88 17.80
14.88 17.80
15.06 17.80
15.06 17.80
15.06 17.80
15.25 17.80
15.25 17.80
15.25 17.80
15.79 17.80
15.79 17.80
15.79 17.80
15.98 17.80
15.98 17.80
15.98 17.80
16.16 17.80
16.16 17.80
16.16 17.80
17.25 17.80
17.25 17.80
17.25 17.80
14.70 17.98
14.70 17.98
14.70 17.98
15.79 17.98
15.79 17.98
15.79 17.98
15.98 17.98
15.98 17.98
15.98 17.98
16.16 17.98
16.16 17.98
16.16 17.98
14.88 18.17
14.88 18.17
14.88 18.17
15.06 18.17
15.06 18.17
15.06 18.17
15.25 18.17
15.25 18.17
15.25 18.17
15.43 18.17
15.43 18.17
15.43 18.17
15.61 18.17
15.61 18.17
15.61 18.17
15.79 18.17
15.79 18.17
15.79 18.17
15.98 18.17
15.98 18.17
15.98 18.17
16.16 18.17
16.16 18.17
16.16 18.17
17.07 18.17
17.07 18.17
17.07 18.17
17.62 18.17
17.62 18.17
17.62 18.17
14.88 18.35
14.88 18.35
14.88 18.35
15.25 18.35
15.25 18.35
15.25 18.35
15.43 18.35
15.43 18.35
15.43 18.35
15.61 18.35
15.61 18.35
15.61 18.35
15.79 18.35
15.79 18.35
15.79 18.35
15.98 18.35
15.98 18.35
15.98 18.35
17.07 18.35
17.07 18.35
17.07 18.35
17.80 18.35
17.80 18.35
17.80 18.35
15.06 18.53
15.06 18.53
15.06 18.53
15.25 18.53
15.25 18.53
15.25 18.53
15.43 18.53
15.43 18.53
15.43 18.53
15.61 18.53
15.61 18.53
15.61 18.53
14.88 18.71
14.88 18.71
14.88 18.71
15.06 18.71
15.06 18.71
15.06 18.71
15.43 18.71
15.43 18.71
15.43 18.71
15.61 18.71
15.61 18.71
15.61 18.71
15.79 18.71
15.79 18.71
15.79 18.71
16.89 18.71
16.89 18.71
16.89 18.71
17.44 18.71
17.44 18.71
17.44 18.71
17.98 18.71
17.98 18.71
17.98 18.71
18.17 18.71
18.17 18.71
18.17 18.71
18.35 18.71
18.35 18.71
18.35 18.71
18.53 18.71
18.53 18.71
18.53 18.71
14.88 18.90
14.88 18.90
14.88 18.90
15.06 18.90
15.06 18.90
15.06 18.90
15.25 18.90
15.25 18.90
15.25 18.90
15.43 18.90
15.43 18.90
15.43 18.90
15.61 18.90
15.61 18.90
15.61 18.90
15.79 18.90
15.79 18.90
15.79 18.90
15.98 18.90
15.98 18.90
15.98 18.90
17.44 18.90
17.44 18.90
17.44 18.90
17.62 18.90
17.62 18.90
17.62 18.90
17.80 18.90
17.80 18.90
17.80 18.90
18.53 18.90
18.53 18.90
18.53 18.90
14.88 19.08
14.88 19.08
14.88 19.08
15.25 19.08
15.25 19.08
15.25 19.08
15.79 19.08
15.79 19.08
15.79 19.08
15.98 19.08
15.98 19.08
15.98 19.08
16.16 19.08
16.16 19.08
16.16 19.08
17.07 19.08
17.07 19.08
17.07 19.08
17.25 19.08
17.25 19.08
17.25 19.08
17.62 19.08
17.62 19.08
17.62 19.08
17.80 19.08
17.80 19.08
17.80 19.08
14.70 19.26
14.70 19.26
14.70 19.26
14.88 19.26
14.88 19.26
14.88 19.26
15.98 19.26
15.98 19.26
15.98 19.26
16.16 19.26
16.16 19.26
16.16 19.26
16.34 19.26
16.34 19.26
16.34 19.26
16.52 19.26
16.52 19.26
16.52 19.26
16.89 19.26
16.89 19.26
16.89 19.26
17.07 19.26
17.07 19.26
17.07 19.26
17.25 19.26
17.25 19.26
17.25 19.26
18.17 19.26
18.17 19.26
18.17 19.26
16.52 19.44
16.52 19.44
16.52 19.44
16.71 19.44
16.71 19.44
16.71 19.44
16.89 19.44
16.89 19.44
16.89 19.44
17.80 19.44
17.80 19.44
17.80 19.44
18.35 19.44
18.35 19.44
18.35 19.44
15.43 19.63
15.43 19.63
15.43 19.63
15.61 19.63
15.61 19.63
15.61 19.63
16.89 19.63
16.89 19.63
16.89 19.63
17.80 19.63
17.80 19.63
17.80 19.63
18.53 19.63
18.53 19.63
18.53 19.63
15.61 19.81
15.61 19.81
15.61 19.81
15.98 19.81
15.98 19.81
15.98 19.81
16.52 19.81
16.52 19.81
16.52 19.81
17.44 19.81
17.44 19.81
17.44 19.81
17.62 19.81
17.62 19.81
17.62 19.81
17.80 19.81
17.80 19.81
17.80 19.81
15.43 19.99
15.43 19.99
15.43 19.99
15.98 19.99
15.98 19.99
15.98 19.99
16.16 19.99
16.16 19.99
16.16 19.99
17.44 19.99
17.44 19.99
17.44 19.99
17.62 19.99
17.62 19.99
17.62 19.99
17.80 19.99
17.80 19.99
17.80 19.99
17.98 19.99
17.98 19.99
17.98 19.99
18.17 19.99
18.17 19.99
18.17 19.99
18.35 19.99
18.35 19.99
18.35 19.99
18.53 19.99
18.53 19.99
18.53 19.99
16.52 20.17
16.52 20.17
16.52 20.17
16.71 20.17
16.71 20.17
16.71 20.17
17.62 20.17
17.62 20.17
17.62 20.17
17.80 20.17
17.80 20.17
17.80 20.17
17.98 20.17
17.98 20.17
17.98 20.17
18.17 20.17
18.17 20.17
18.17 20.17
18.53 20.17
18.53 20.17
18.53 20.17
15.43 20.36
15.43 20.36
15.43 20.36
15.79 20.36
15.79 20.36
15.79 20.36
15.98 20.36
15.98 20.36
15.98 20.36
16.16 20.36
16.16 20.36
16.16 20.36
16.34 20.36
16.34 20.36
16.34 20.36
16.52 20.36
16.52 20.36
16.52 20.36
17.62 20.36
17.62 20.36
17.62 20.36
17.80 20.36
17.80 20.36
17.80 20.36
17.98 20.36
17.98 20.36
17.98 20.36
18.35 20.36
18.35 20.36
18.35 20.36
16.71 20.54
16.71 20.54
16.71 20.54
17.25 20.54
17.25 20.54
17.25 20.54
17.44 20.54
17.44 20.54
17.44 20.54
17.62 20.54
17.62 20.54
17.62 20.54
17.80 20.54
17.80 20.54
17.80 20.54
17.98 20.54
17.98 20.54
17.98 20.54
18.35 20.54
18.35 20.54
18.35 20.54
16.16 20.72
16.16 20.72
16.16 20.72
16.34 20.72
16.34 20.72
16.34 20.72
17.25 20.72
17.25 20.72
17.25 20.72
17.44 20.72
17.44 20.72
17.44 20.72
17.62 20.72
17.62 20.72
17.62 20.72
17.80 20.72
17.80 20.72
17.80 20.72
18.53 20.72
18.53 20.72
18.53 20.72
18.71 20.72
18.71 20.72
18.71 20.72
16.34 20.91
16.34 20.91
16.34 20.91
17.25 20.91
17.25 20.91
17.25 20.91
17.44 20.91
17.44 20.91
17.44 20.91
18.71 20.91
18.71 20.91
18.71 20.91
18.90 20.91
18.90 20.91
18.90 20.91
19.08 20.91
19.08 20.91
19.08 20.91
16.71 21.09
16.71 21.09
16.71 21.09
17.07 21.09
17.07 21.09
17.07 21.09
17.25 21.09
17.25 21.09
17.25 21.09
18.35 21.09
18.35 21.09
18.35 21.09
18.53 21.09
18.53 21.09
18.53 21.09
16.52 21.27
16.52 21.27
16.52 21.27
17.98 21.27
17.98 21.27
17.98 21.27
18.17 21.27
18.17 21.27
18.17 21.27
18.35 21.27
18.35 21.27
18.35 21.27
18.53 21.27
18.53 21.27
18.53 21.27
17.98 21.45
17.98 21.45
17.98 21.45
18.17 21.45
18.17 21.45
18.17 21.45
18.90 21.45
18.90 21.45
18.90 21.45
19.08 21.45
19.08 21.45
19.08 21.45
16.71 21.64
16.71 21.64
16.71 21.64
17.44 21.64
17.44 21.64
17.44 21.64
17.62 21.64
17.62 21.64
17.62 21.64
17.80 21.64
17.80 21.64
17.80 21.64
17.98 21.64
17.98 21.64
17.98 21.64
18.35 21.64
18.35 21.64
18.35 21.64
19.08 21.64
19.08 21.64
19.08 21.64
17.07 21.82
17.07 21.82
17.07 21.82
17.25 21.82
17.25 21.82
17.25 21.82
17.44 21.82
17.44 21.82
17.44 21.82
17.62 21.82
17.62 21.82
17.62 21.82
17.80 21.82
17.80 21.82
17.80 21.82
18.71 21.82
18.71 21.82
18.71 21.82
18.90 21.82
18.90 21.82
18.90 21.82
19.08 21.82
19.08 21.82
19.08 21.82
16.71 22.00
16.71 22.00
16.71 22.00
18.35 22.00
18.35 22.00
18.35 22.00
18.90 22.00
18.90 22.00
18.90 22.00
18.17 22.18
18.17 22.18
18.17 22.18
18.35 22.18
18.35 22.18
18.35 22.18
18.90 22.18
18.90 22.18
18.90 22.18
19.63 22.18
19.63 22.18
19.63 22.18
16.71 22.37
16.71 22.37
16.71 22.37
17.07 22.37
17.07 22.37
17.07 22.37
17.25 22.37
17.25 22.37
17.25 22.37
17.44 22.37
17.44 22.37
17.44 22.37
17.62 22.37
17.62 22.37
17.62 22.37
17.80 22.37
17.80 22.37
17.80 22.37
17.98 22.37
17.98 22.37
17.98 22.37
18.17 22.37
18.17 22.37
18.17 22.37
18.71 22.37
18.71 22.37
18.71 22.37
17.07 22.55
17.07 22.55
17.07 22.55
17.25 22.55
17.25 22.55
17.25 22.55
17.44 22.55
17.44 22.55
17.44 22.55
17.62 22.55
17.62 22.55
17.62 22.55
18.53 22.55
18.53 22.55
18.53 22.55
18.71 22.55
18.71 22.55
18.71 22.55
17.07 22.73
17.07 22.73
17.07 22.73
17.62 22.73
17.62 22.73
17.62 22.73
17.80 22.73
17.80 22.73
17.80 22.73
18.17 22.73
18.17 22.73
18.17 22.73
18.71 22.73
18.71 22.73
18.71 22.73
18.90 22.73
18.90 22.73
18.90 22.73
19.08 22.73
19.08 22.73
19.08 22.73
16.71 22.91
16.71 22.91
16.71 22.91
16.89 22.91
16.89 22.91
16.89 22.91
17.07 22.91
17.07 22.91
17.07 22.91
17.44 22.91
17.44 22.91
17.44 22.91
17.62 22.91
17.62 22.91
17.62 22.91
17.80 22.91
17.80 22.91
17.80 22.91
18.35 22.91
18.35 22.91
18.35 22.91
18.71 22.91
18.71 22.91
18.71 22.91
19.08 22.91
19.08 22.91
19.08 22.91
17.44 23.10
17.44 23.10
17.44 23.10
17.98 23.10
17.98 23.10
17.98 23.10
18.17 23.10
18.17 23.10
18.17 23.10
18.35 23.10
18.35 23.10
18.35 23.10
18.53 23.10
18.53 23.10
18.53 23.10
17.62 23.28
17.62 23.28
17.62 23.28
18.53 23.28
18.53 23.28
18.53 23.28
17.62 23.46
17.62 23.46
17.62 23.46
17.80 23.46
17.80 23.46
17.80 23.46
18.17 23.46
18.17 23.46
18.17 23.46
18.53 23.46
18.53 23.46
18.53 23.46
18.17 23.64
18.17 23.64
18.17 23.64
17.44 23.83
17.44 23.83
17.44 23.83
17.80 23.83
17.80 23.83
17.80 23.83
17.44 24.01
17.44 24.01
17.44 24.01
17.62 24.01
17.62 24.01
17.62 24.01
