3.74 -33.69
3.74 -33.69
3.74 -33.69
4.11 -33.69
4.11 -33.69
4.11 -33.69
4.29 -33.69
4.29 -33.69
4.29 -33.69
4.47 -33.69
4.47 -33.69
4.47 -33.69
3.56 -33.50
3.56 -33.50
3.56 -33.50
3.74 -33.50
3.74 -33.50
3.74 -33.50
3.93 -33.50
3.93 -33.50
3.93 -33.50
4.11 -33.50
4.11 -33.50
4.11 -33.50
3.56 -33.32
3.56 -33.32
3.56 -33.32
3.93 -33.32
3.93 -33.32
3.93 -33.32
4.47 -33.32
4.47 -33.32
4.47 -33.32
4.66 -33.32
4.66 -33.32
4.66 -33.32
5.02 -33.32
5.02 -33.32
5.02 -33.32
3.38 -33.14
3.38 -33.14
3.38 -33.14
3.56 -33.14
3.56 -33.14
3.56 -33.14
3.74 -33.14
3.74 -33.14
3.74 -33.14
4.11 -33.14
4.11 -33.14
4.11 -33.14
4.29 -33.14
4.29 -33.14
4.29 -33.14
4.47 -33.14
4.47 -33.14
4.47 -33.14
4.66 -33.14
4.66 -33.14
4.66 -33.14
5.20 -33.14
5.20 -33.14
5.20 -33.14
3.01 -32.96
3.01 -32.96
3.01 -32.96
4.84 -32.96
4.84 -32.96
4.84 -32.96
2.65 -32.77
2.65 -32.77
2.65 -32.77
3.01 -32.77
3.01 -32.77
3.01 -32.77
2.83 -32.59
2.83 -32.59
2.83 -32.59
3.01 -32.59
3.01 -32.59
3.01 -32.59
3.20 -32.59
3.20 -32.59
3.20 -32.59
4.84 -32.59
4.84 -32.59
4.84 -32.59
2.83 -32.41
2.83 -32.41
2.83 -32.41
4.84 -32.41
4.84 -32.41
4.84 -32.41
5.20 -32.41
5.20 -32.41
5.20 -32.41
2.65 -32.22
2.65 -32.22
2.65 -32.22
2.83 -32.22
2.83 -32.22
2.83 -32.22
3.01 -32.22
3.01 -32.22
3.01 -32.22
3.20 -32.22
3.20 -32.22
3.20 -32.22
4.47 -32.22
4.47 -32.22
4.47 -32.22
4.66 -32.22
4.66 -32.22
4.66 -32.22
2.65 -32.04
2.65 -32.04
2.65 -32.04
4.11 -31.68
4.11 -31.68
4.11 -31.68
4.29 -31.68
4.29 -31.68
4.29 -31.68
4.11 -31.49
4.11 -31.49
4.11 -31.49
4.29 -31.49
4.29 -31.49
4.29 -31.49
4.47 -31.49
4.47 -31.49
4.47 -31.49
2.65 -31.31
2.65 -31.31
2.65 -31.31
3.93 -31.31
3.93 -31.31
3.93 -31.31
3.01 -31.13
3.01 -31.13
3.01 -31.13
3.56 -31.13
3.56 -31.13
3.56 -31.13
3.93 -31.13
3.93 -31.13
3.93 -31.13
2.10 -27.84
2.10 -27.84
2.10 -27.84
0.64 -27.48
0.64 -27.48
0.64 -27.48
0.82 -27.48
0.82 -27.48
0.82 -27.48
1.55 -27.48
1.55 -27.48
1.55 -27.48
1.73 -27.48
1.73 -27.48
1.73 -27.48
0.82 -27.30
0.82 -27.30
0.82 -27.30
1.19 -27.30
1.19 -27.30
1.19 -27.30
2.10 -27.30
2.10 -27.30
2.10 -27.30
2.28 -27.30
2.28 -27.30
2.28 -27.30
2.46 -27.30
2.46 -27.30
2.46 -27.30
0.64 -27.11
0.64 -27.11
0.64 -27.11
1.19 -27.11
1.19 -27.11
1.19 -27.11
0.09 -26.93
0.09 -26.93
0.09 -26.93
0.46 -26.93
0.46 -26.93
0.46 -26.93
0.64 -26.93
0.64 -26.93
0.64 -26.93
0.82 -26.93
0.82 -26.93
0.82 -26.93
1.19 -26.93
1.19 -26.93
1.19 -26.93
1.55 -26.93
1.55 -26.93
1.55 -26.93
2.28 -26.93
2.28 -26.93
2.28 -26.93
0.09 -26.75
0.09 -26.75
0.09 -26.75
0.46 -26.75
0.46 -26.75
0.46 -26.75
0.64 -26.75
0.64 -26.75
0.64 -26.75
1.00 -26.75
1.00 -26.75
1.00 -26.75
1.19 -26.75
1.19 -26.75
1.19 -26.75
1.37 -26.75
1.37 -26.75
1.37 -26.75
1.92 -26.75
1.92 -26.75
1.92 -26.75
0.09 -26.56
0.09 -26.56
0.09 -26.56
0.46 -26.56
0.46 -26.56
0.46 -26.56
0.64 -26.56
0.64 -26.56
0.64 -26.56
0.82 -26.56
0.82 -26.56
0.82 -26.56
1.00 -26.56
1.00 -26.56
1.00 -26.56
1.55 -26.56
1.55 -26.56
1.55 -26.56
2.28 -26.56
2.28 -26.56
2.28 -26.56
2.46 -26.56
2.46 -26.56
2.46 -26.56
0.09 -26.38
0.09 -26.38
0.09 -26.38
0.46 -26.38
0.46 -26.38
0.46 -26.38
1.00 -26.38
1.00 -26.38
1.00 -26.38
1.19 -26.38
1.19 -26.38
1.19 -26.38
0.46 -26.20
0.46 -26.20
0.46 -26.20
1.00 -26.20
1.00 -26.20
1.00 -26.20
1.19 -26.20
1.19 -26.20
1.19 -26.20
1.37 -26.20
1.37 -26.20
1.37 -26.20
1.55 -26.20
1.55 -26.20
1.55 -26.20
-0.09 -26.02
-0.09 -26.02
-0.09 -26.02
0.82 -26.02
0.82 -26.02
0.82 -26.02
-0.09 -25.83
-0.09 -25.83
-0.09 -25.83
0.09 -25.83
0.09 -25.83
0.09 -25.83
0.27 -25.83
0.27 -25.83
0.27 -25.83
0.46 -25.83
0.46 -25.83
0.46 -25.83
0.64 -25.83
0.64 -25.83
0.64 -25.83
1.19 -25.83
1.19 -25.83
1.19 -25.83
0.27 -25.65
0.27 -25.65
0.27 -25.65
0.46 -25.65
0.46 -25.65
0.46 -25.65
0.64 -25.65
0.64 -25.65
0.64 -25.65
0.82 -25.65
0.82 -25.65
0.82 -25.65
1.00 -25.65
1.00 -25.65
1.00 -25.65
1.19 -25.65
1.19 -25.65
1.19 -25.65
0.09 -25.47
0.09 -25.47
0.09 -25.47
0.46 -25.47
0.46 -25.47
0.46 -25.47
-0.09 -24.92
-0.09 -24.92
-0.09 -24.92
0.09 -24.92
0.09 -24.92
0.09 -24.92
0.46 -24.92
0.46 -24.92
0.46 -24.92
0.46 -24.74
0.46 -24.74
0.46 -24.74
0.09 -24.56
0.09 -24.56
0.09 -24.56
0.09 -24.37
0.09 -24.37
0.09 -24.37
0.27 -24.37
0.27 -24.37
0.27 -24.37
-2.83 0.09
-2.83 0.09
-2.83 0.09
-2.46 0.09
-2.46 0.09
-2.46 0.09
-2.28 0.09
-2.28 0.09
-2.28 0.09
-2.83 0.27
-2.83 0.27
-2.83 0.27
-2.65 0.27
-2.65 0.27
-2.65 0.27
-2.28 0.27
-2.28 0.27
-2.28 0.27
-2.28 0.46
-2.28 0.46
-2.28 0.46
-0.27 1.37
-0.27 1.37
-0.27 1.37
2.46 1.37
2.46 1.37
2.46 1.37
2.65 1.37
2.65 1.37
2.65 1.37
3.01 1.37
3.01 1.37
3.01 1.37
-0.64 1.55
-0.64 1.55
-0.64 1.55
-0.46 1.55
-0.46 1.55
-0.46 1.55
-0.27 1.55
-0.27 1.55
-0.27 1.55
2.46 1.55
2.46 1.55
2.46 1.55
2.83 1.55
2.83 1.55
2.83 1.55
0.09 1.73
0.09 1.73
0.09 1.73
2.46 1.73
2.46 1.73
2.46 1.73
2.83 1.73
2.83 1.73
2.83 1.73
3.01 1.73
3.01 1.73
3.01 1.73
-0.09 1.92
-0.09 1.92
-0.09 1.92
0.09 1.92
0.09 1.92
0.09 1.92
1.00 1.92
1.00 1.92
1.00 1.92
2.65 1.92
2.65 1.92
2.65 1.92
2.83 1.92
2.83 1.92
2.83 1.92
3.01 1.92
3.01 1.92
3.01 1.92
0.46 2.10
0.46 2.10
0.46 2.10
0.64 2.10
0.64 2.10
0.64 2.10
3.20 2.10
3.20 2.10
3.20 2.10
3.38 2.10
3.38 2.10
3.38 2.10
3.74 2.10
3.74 2.10
3.74 2.10
0.82 2.28
0.82 2.28
0.82 2.28
1.00 2.28
1.00 2.28
1.00 2.28
3.20 2.28
3.20 2.28
3.20 2.28
3.56 2.28
3.56 2.28
3.56 2.28
1.19 2.46
1.19 2.46
1.19 2.46
1.37 2.46
1.37 2.46
1.37 2.46
1.55 2.46
1.55 2.46
1.55 2.46
3.38 2.46
3.38 2.46
3.38 2.46
1.37 2.65
1.37 2.65
1.37 2.65
1.55 2.65
1.55 2.65
1.55 2.65
1.92 2.65
1.92 2.65
1.92 2.65
2.10 2.65
2.10 2.65
2.10 2.65
2.28 2.65
2.28 2.65
2.28 2.65
2.46 2.65
2.46 2.65
2.46 2.65
3.01 2.65
3.01 2.65
3.01 2.65
3.38 2.65
3.38 2.65
3.38 2.65
3.56 2.65
3.56 2.65
3.56 2.65
3.74 2.65
3.74 2.65
3.74 2.65
1.37 2.83
1.37 2.83
1.37 2.83
2.83 2.83
2.83 2.83
2.83 2.83
3.01 2.83
3.01 2.83
3.01 2.83
3.20 2.83
3.20 2.83
3.20 2.83
3.93 2.83
3.93 2.83
3.93 2.83
4.11 2.83
4.11 2.83
4.11 2.83
4.29 2.83
4.29 2.83
4.29 2.83
4.47 2.83
4.47 2.83
4.47 2.83
1.19 3.01
1.19 3.01
1.19 3.01
2.28 3.01
2.28 3.01
2.28 3.01
2.46 3.01
2.46 3.01
2.46 3.01
2.65 3.01
2.65 3.01
2.65 3.01
2.83 3.01
2.83 3.01
2.83 3.01
3.20 3.01
3.20 3.01
3.20 3.01
3.56 3.01
3.56 3.01
3.56 3.01
3.74 3.01
3.74 3.01
3.74 3.01
3.93 3.01
3.93 3.01
3.93 3.01
2.10 3.20
2.10 3.20
2.10 3.20
2.46 3.20
2.46 3.20
2.46 3.20
3.01 3.20
3.01 3.20
3.01 3.20
3.20 3.20
3.20 3.20
3.20 3.20
3.74 3.20
3.74 3.20
3.74 3.20
3.93 3.20
3.93 3.20
3.93 3.20
4.11 3.20
4.11 3.20
4.11 3.20
4.29 3.20
4.29 3.20
4.29 3.20
4.47 3.20
4.47 3.20
4.47 3.20
1.92 3.38
1.92 3.38
1.92 3.38
2.10 3.38
2.10 3.38
2.10 3.38
2.46 3.38
2.46 3.38
2.46 3.38
3.01 3.38
3.01 3.38
3.01 3.38
3.56 3.38
3.56 3.38
3.56 3.38
3.74 3.38
3.74 3.38
3.74 3.38
4.29 3.38
4.29 3.38
4.29 3.38
4.47 3.38
4.47 3.38
4.47 3.38
4.66 3.38
4.66 3.38
4.66 3.38
5.02 3.38
5.02 3.38
5.02 3.38
1.92 3.56
1.92 3.56
1.92 3.56
2.46 3.56
2.46 3.56
2.46 3.56
2.83 3.56
2.83 3.56
2.83 3.56
3.38 3.56
3.38 3.56
3.38 3.56
4.29 3.56
4.29 3.56
4.29 3.56
4.66 3.56
4.66 3.56
4.66 3.56
4.84 3.56
4.84 3.56
4.84 3.56
5.02 3.56
5.02 3.56
5.02 3.56
2.46 3.74
2.46 3.74
2.46 3.74
2.65 3.74
2.65 3.74
2.65 3.74
2.83 3.74
2.83 3.74
2.83 3.74
3.20 3.74
3.20 3.74
3.20 3.74
4.66 3.74
4.66 3.74
4.66 3.74
5.02 3.74
5.02 3.74
5.02 3.74
2.46 3.93
2.46 3.93
2.46 3.93
2.83 3.93
2.83 3.93
2.83 3.93
3.01 3.93
3.01 3.93
3.01 3.93
3.56 3.93
3.56 3.93
3.56 3.93
4.11 3.93
4.11 3.93
4.11 3.93
5.57 3.93
5.57 3.93
5.57 3.93
2.46 4.11
2.46 4.11
2.46 4.11
3.20 4.11
3.20 4.11
3.20 4.11
3.38 4.11
3.38 4.11
3.38 4.11
4.29 4.11
4.29 4.11
4.29 4.11
4.84 4.11
4.84 4.11
4.84 4.11
5.39 4.11
5.39 4.11
5.39 4.11
5.57 4.11
5.57 4.11
5.57 4.11
5.75 4.11
5.75 4.11
5.75 4.11
3.38 4.29
3.38 4.29
3.38 4.29
3.56 4.29
3.56 4.29
3.56 4.29
4.29 4.29
4.29 4.29
4.29 4.29
4.47 4.29
4.47 4.29
4.47 4.29
4.66 4.29
4.66 4.29
4.66 4.29
4.84 4.29
4.84 4.29
4.84 4.29
5.02 4.29
5.02 4.29
5.02 4.29
5.20 4.29
5.20 4.29
5.20 4.29
5.75 4.29
5.75 4.29
5.75 4.29
3.20 4.47
3.20 4.47
3.20 4.47
3.93 4.47
3.93 4.47
3.93 4.47
4.29 4.47
4.29 4.47
4.29 4.47
4.47 4.47
4.47 4.47
4.47 4.47
4.84 4.47
4.84 4.47
4.84 4.47
5.20 4.47
5.20 4.47
5.20 4.47
5.39 4.47
5.39 4.47
5.39 4.47
5.57 4.47
5.57 4.47
5.57 4.47
5.93 4.47
5.93 4.47
5.93 4.47
6.12 4.47
6.12 4.47
6.12 4.47
6.30 4.47
6.30 4.47
6.30 4.47
3.93 4.66
3.93 4.66
3.93 4.66
4.29 4.66
4.29 4.66
4.29 4.66
4.47 4.66
4.47 4.66
4.47 4.66
4.84 4.66
4.84 4.66
4.84 4.66
5.57 4.66
5.57 4.66
5.57 4.66
5.93 4.66
5.93 4.66
5.93 4.66
6.12 4.66
6.12 4.66
6.12 4.66
6.30 4.66
6.30 4.66
6.30 4.66
4.11 4.84
4.11 4.84
4.11 4.84
4.47 4.84
4.47 4.84
4.47 4.84
4.84 4.84
4.84 4.84
4.84 4.84
5.02 4.84
5.02 4.84
5.02 4.84
5.20 4.84
5.20 4.84
5.20 4.84
5.57 4.84
5.57 4.84
5.57 4.84
5.75 4.84
5.75 4.84
5.75 4.84
5.93 4.84
5.93 4.84
5.93 4.84
4.11 5.02
4.11 5.02
4.11 5.02
4.47 5.02
4.47 5.02
4.47 5.02
5.02 5.02
5.02 5.02
5.02 5.02
5.39 5.02
5.39 5.02
5.39 5.02
6.12 5.02
6.12 5.02
6.12 5.02
6.48 5.02
6.48 5.02
6.48 5.02
6.66 5.02
6.66 5.02
6.66 5.02
7.03 5.02
7.03 5.02
7.03 5.02
3.93 5.20
3.93 5.20
3.93 5.20
4.11 5.20
4.11 5.20
4.11 5.20
4.84 5.20
4.84 5.20
4.84 5.20
5.75 5.20
5.75 5.20
5.75 5.20
5.93 5.20
5.93 5.20
5.93 5.20
6.12 5.20
6.12 5.20
6.12 5.20
6.30 5.20
6.30 5.20
6.30 5.20
6.48 5.20
6.48 5.20
6.48 5.20
3.93 5.39
3.93 5.39
3.93 5.39
4.29 5.39
4.29 5.39
4.29 5.39
4.47 5.39
4.47 5.39
4.47 5.39
5.02 5.39
5.02 5.39
5.02 5.39
5.75 5.39
5.75 5.39
5.75 5.39
5.93 5.39
5.93 5.39
5.93 5.39
6.12 5.39
6.12 5.39
6.12 5.39
6.30 5.39
6.30 5.39
6.30 5.39
6.48 5.39
6.48 5.39
6.48 5.39
6.85 5.39
6.85 5.39
6.85 5.39
3.93 5.57
3.93 5.57
3.93 5.57
4.66 5.57
4.66 5.57
4.66 5.57
5.75 5.57
5.75 5.57
5.75 5.57
5.93 5.57
5.93 5.57
5.93 5.57
6.12 5.57
6.12 5.57
6.12 5.57
6.30 5.57
6.30 5.57
6.30 5.57
6.48 5.57
6.48 5.57
6.48 5.57
6.66 5.57
6.66 5.57
6.66 5.57
3.93 5.75
3.93 5.75
3.93 5.75
4.11 5.75
4.11 5.75
4.11 5.75
4.29 5.75
4.29 5.75
4.29 5.75
4.47 5.75
4.47 5.75
4.47 5.75
4.66 5.75
4.66 5.75
4.66 5.75
5.75 5.75
5.75 5.75
5.75 5.75
5.93 5.75
5.93 5.75
5.93 5.75
6.12 5.75
6.12 5.75
6.12 5.75
6.30 5.75
6.30 5.75
6.30 5.75
6.48 5.75
6.48 5.75
6.48 5.75
6.66 5.75
6.66 5.75
6.66 5.75
7.76 5.75
7.76 5.75
7.76 5.75
5.75 5.93
5.75 5.93
5.75 5.93
5.93 5.93
5.93 5.93
5.93 5.93
6.12 5.93
6.12 5.93
6.12 5.93
6.30 5.93
6.30 5.93
6.30 5.93
6.48 5.93
6.48 5.93
6.48 5.93
6.85 5.93
6.85 5.93
6.85 5.93
7.03 5.93
7.03 5.93
7.03 5.93
7.39 5.93
7.39 5.93
7.39 5.93
4.66 6.12
4.66 6.12
4.66 6.12
4.84 6.12
4.84 6.12
4.84 6.12
6.12 6.12
6.12 6.12
6.12 6.12
6.30 6.12
6.30 6.12
6.30 6.12
6.48 6.12
6.48 6.12
6.48 6.12
6.66 6.12
6.66 6.12
6.66 6.12
6.85 6.12
6.85 6.12
6.85 6.12
7.03 6.12
7.03 6.12
7.03 6.12
4.47 6.30
4.47 6.30
4.47 6.30
4.66 6.30
4.66 6.30
4.66 6.30
4.84 6.30
4.84 6.30
4.84 6.30
5.20 6.30
5.20 6.30
5.20 6.30
6.66 6.30
6.66 6.30
6.66 6.30
7.21 6.30
7.21 6.30
7.21 6.30
7.58 6.30
7.58 6.30
7.58 6.30
7.76 6.30
7.76 6.30
7.76 6.30
5.20 6.48
5.20 6.48
5.20 6.48
6.85 6.48
6.85 6.48
6.85 6.48
7.21 6.48
7.21 6.48
7.21 6.48
7.76 6.48
7.76 6.48
7.76 6.48
5.20 6.66
5.20 6.66
5.20 6.66
5.57 6.66
5.57 6.66
5.57 6.66
5.93 6.66
5.93 6.66
5.93 6.66
6.30 6.66
6.30 6.66
6.30 6.66
6.48 6.66
6.48 6.66
6.48 6.66
7.76 6.66
7.76 6.66
7.76 6.66
7.94 6.66
7.94 6.66
7.94 6.66
8.12 6.66
8.12 6.66
8.12 6.66
5.57 6.85
5.57 6.85
5.57 6.85
5.75 6.85
5.75 6.85
5.75 6.85
5.93 6.85
5.93 6.85
5.93 6.85
7.58 6.85
7.58 6.85
7.58 6.85
7.76 6.85
7.76 6.85
7.76 6.85
8.31 6.85
8.31 6.85
8.31 6.85
5.20 7.03
5.20 7.03
5.20 7.03
5.93 7.03
5.93 7.03
5.93 7.03
7.21 7.03
7.21 7.03
7.21 7.03
7.39 7.03
7.39 7.03
7.39 7.03
7.58 7.03
7.58 7.03
7.58 7.03
7.76 7.03
7.76 7.03
7.76 7.03
8.12 7.03
8.12 7.03
8.12 7.03
8.31 7.03
8.31 7.03
8.31 7.03
5.39 7.21
5.39 7.21
5.39 7.21
5.57 7.21
5.57 7.21
5.57 7.21
5.75 7.21
5.75 7.21
5.75 7.21
5.93 7.21
5.93 7.21
5.93 7.21
7.58 7.21
7.58 7.21
7.58 7.21
7.76 7.21
7.76 7.21
7.76 7.21
7.94 7.21
7.94 7.21
7.94 7.21
8.12 7.21
8.12 7.21
8.12 7.21
5.39 7.39
5.39 7.39
5.39 7.39
5.57 7.39
5.57 7.39
5.57 7.39
5.75 7.39
5.75 7.39
5.75 7.39
6.30 7.39
6.30 7.39
6.30 7.39
6.48 7.39
6.48 7.39
6.48 7.39
6.66 7.39
6.66 7.39
6.66 7.39
6.85 7.39
6.85 7.39
6.85 7.39
7.94 7.39
7.94 7.39
7.94 7.39
8.12 7.39
8.12 7.39
8.12 7.39
8.31 7.39
8.31 7.39
8.31 7.39
8.49 7.39
8.49 7.39
8.49 7.39
8.67 7.39
8.67 7.39
8.67 7.39
9.04 7.39
9.04 7.39
9.04 7.39
5.20 7.58
5.20 7.58
5.20 7.58
5.39 7.58
5.39 7.58
5.39 7.58
6.12 7.58
6.12 7.58
6.12 7.58
6.30 7.58
6.30 7.58
6.30 7.58
6.85 7.58
6.85 7.58
6.85 7.58
7.03 7.58
7.03 7.58
7.03 7.58
7.21 7.58
7.21 7.58
7.21 7.58
7.39 7.58
7.39 7.58
7.39 7.58
7.58 7.58
7.58 7.58
7.58 7.58
8.67 7.58
8.67 7.58
8.67 7.58
9.04 7.58
9.04 7.58
9.04 7.58
9.59 7.58
9.59 7.58
9.59 7.58
7.03 7.76
7.03 7.76
7.03 7.76
7.21 7.76
7.21 7.76
7.21 7.76
7.39 7.76
7.39 7.76
7.39 7.76
7.58 7.76
7.58 7.76
7.58 7.76
8.31 7.76
8.31 7.76
8.31 7.76
8.49 7.76
8.49 7.76
8.49 7.76
8.67 7.76
8.67 7.76
8.67 7.76
9.04 7.76
9.04 7.76
9.04 7.76
5.93 7.94
5.93 7.94
5.93 7.94
6.66 7.94
6.66 7.94
6.66 7.94
8.12 7.94
8.12 7.94
8.12 7.94
8.49 7.94
8.49 7.94
8.49 7.94
9.59 7.94
9.59 7.94
9.59 7.94
6.48 8.12
6.48 8.12
6.48 8.12
7.58 8.12
7.58 8.12
7.58 8.12
8.12 8.12
8.12 8.12
8.12 8.12
9.59 8.12
9.59 8.12
9.59 8.12
6.48 8.31
6.48 8.31
6.48 8.31
6.66 8.31
6.66 8.31
6.66 8.31
6.85 8.31
6.85 8.31
6.85 8.31
7.21 8.31
7.21 8.31
7.21 8.31
7.58 8.31
7.58 8.31
7.58 8.31
7.94 8.31
7.94 8.31
7.94 8.31
8.12 8.31
8.12 8.31
8.12 8.31
8.31 8.31
8.31 8.31
8.31 8.31
8.49 8.31
8.49 8.31
8.49 8.31
8.67 8.31
8.67 8.31
8.67 8.31
8.85 8.31
8.85 8.31
8.85 8.31
9.04 8.31
9.04 8.31
9.04 8.31
9.22 8.31
9.22 8.31
9.22 8.31
9.40 8.31
9.40 8.31
9.40 8.31
9.59 8.31
9.59 8.31
9.59 8.31
6.85 8.49
6.85 8.49
6.85 8.49
7.21 8.49
7.21 8.49
7.21 8.49
7.76 8.49
7.76 8.49
7.76 8.49
7.94 8.49
7.94 8.49
7.94 8.49
8.12 8.49
8.12 8.49
8.12 8.49
8.31 8.49
8.31 8.49
8.31 8.49
8.49 8.49
8.49 8.49
8.49 8.49
8.67 8.49
8.67 8.49
8.67 8.49
8.85 8.49
8.85 8.49
8.85 8.49
9.04 8.49
9.04 8.49
9.04 8.49
9.22 8.49
9.22 8.49
9.22 8.49
9.40 8.49
9.40 8.49
9.40 8.49
9.77 8.49
9.77 8.49
9.77 8.49
10.13 8.49
10.13 8.49
10.13 8.49
6.48 8.67
6.48 8.67
6.48 8.67
6.66 8.67
6.66 8.67
6.66 8.67
7.21 8.67
7.21 8.67
7.21 8.67
7.39 8.67
7.39 8.67
7.39 8.67
9.04 8.67
9.04 8.67
9.04 8.67
9.22 8.67
9.22 8.67
9.22 8.67
9.40 8.67
9.40 8.67
9.40 8.67
9.59 8.67
9.59 8.67
9.59 8.67
9.77 8.67
9.77 8.67
9.77 8.67
9.95 8.67
9.95 8.67
9.95 8.67
10.13 8.67
10.13 8.67
10.13 8.67
7.39 8.85
7.39 8.85
7.39 8.85
7.94 8.85
7.94 8.85
7.94 8.85
9.04 8.85
9.04 8.85
9.04 8.85
9.22 8.85
9.22 8.85
9.22 8.85
9.40 8.85
9.40 8.85
9.40 8.85
9.59 8.85
9.59 8.85
9.59 8.85
9.95 8.85
9.95 8.85
9.95 8.85
10.13 8.85
10.13 8.85
10.13 8.85
10.32 8.85
10.32 8.85
10.32 8.85
7.21 9.04
7.21 9.04
7.21 9.04
7.39 9.04
7.39 9.04
7.39 9.04
7.76 9.04
7.76 9.04
7.76 9.04
8.12 9.04
8.12 9.04
8.12 9.04
8.31 9.04
8.31 9.04
8.31 9.04
9.59 9.04
9.59 9.04
9.59 9.04
9.95 9.04
9.95 9.04
9.95 9.04
10.32 9.04
10.32 9.04
10.32 9.04
7.94 9.22
7.94 9.22
7.94 9.22
8.12 9.22
8.12 9.22
8.12 9.22
8.31 9.22
8.31 9.22
8.31 9.22
9.95 9.22
9.95 9.22
9.95 9.22
10.13 9.22
10.13 9.22
10.13 9.22
10.32 9.22
10.32 9.22
10.32 9.22
8.12 9.40
8.12 9.40
8.12 9.40
8.31 9.40
8.31 9.40
8.31 9.40
8.49 9.40
8.49 9.40
8.49 9.40
8.67 9.40
8.67 9.40
8.67 9.40
9.77 9.40
9.77 9.40
9.77 9.40
9.95 9.40
9.95 9.40
9.95 9.40
10.32 9.40
10.32 9.40
10.32 9.40
7.94 9.59
7.94 9.59
7.94 9.59
9.22 9.59
9.22 9.59
9.22 9.59
9.40 9.59
9.40 9.59
9.40 9.59
10.68 9.59
10.68 9.59
10.68 9.59
10.86 9.59
10.86 9.59
10.86 9.59
11.05 9.59
11.05 9.59
11.05 9.59
7.94 9.77
7.94 9.77
7.94 9.77
8.12 9.77
8.12 9.77
8.12 9.77
8.31 9.77
8.31 9.77
8.31 9.77
8.49 9.77
8.49 9.77
8.49 9.77
8.67 9.77
8.67 9.77
8.67 9.77
8.85 9.77
8.85 9.77
8.85 9.77
9.04 9.77
9.04 9.77
9.04 9.77
9.59 9.77
9.59 9.77
9.59 9.77
7.94 9.95
7.94 9.95
7.94 9.95
9.40 9.95
9.40 9.95
9.40 9.95
7.94 10.13
7.94 10.13
7.94 10.13
8.12 10.13
8.12 10.13
8.12 10.13
9.40 10.13
9.40 10.13
9.40 10.13
10.68 10.13
10.68 10.13
10.68 10.13
10.86 10.13
10.86 10.13
10.86 10.13
11.05 10.13
11.05 10.13
11.05 10.13
8.67 10.32
8.67 10.32
8.67 10.32
8.85 10.32
8.85 10.32
8.85 10.32
10.50 10.32
10.50 10.32
10.50 10.32
10.68 10.32
10.68 10.32
10.68 10.32
10.86 10.32
10.86 10.32
10.86 10.32
11.05 10.32
11.05 10.32
11.05 10.32
8.12 10.50
8.12 10.50
8.12 10.50
8.31 10.50
8.31 10.50
8.31 10.50
8.85 10.50
8.85 10.50
8.85 10.50
9.04 10.50
9.04 10.50
9.04 10.50
9.22 10.50
9.22 10.50
9.22 10.50
11.05 10.50
11.05 10.50
11.05 10.50
11.41 10.50
11.41 10.50
11.41 10.50
11.59 10.50
11.59 10.50
11.59 10.50
8.31 10.68
8.31 10.68
8.31 10.68
8.49 10.68
8.49 10.68
8.49 10.68
8.67 10.68
8.67 10.68
8.67 10.68
9.04 10.68
9.04 10.68
9.04 10.68
9.22 10.68
9.22 10.68
9.22 10.68
8.67 10.86
8.67 10.86
8.67 10.86
9.77 10.86
9.77 10.86
9.77 10.86
9.95 10.86
9.95 10.86
9.95 10.86
10.13 10.86
10.13 10.86
10.13 10.86
10.32 10.86
10.32 10.86
10.32 10.86
10.50 10.86
10.50 10.86
10.50 10.86
11.59 10.86
11.59 10.86
11.59 10.86
8.49 11.05
8.49 11.05
8.49 11.05
8.85 11.05
8.85 11.05
8.85 11.05
9.40 11.05
9.40 11.05
9.40 11.05
11.05 11.05
11.05 11.05
11.05 11.05
11.23 11.05
11.23 11.05
11.23 11.05
11.41 11.05
11.41 11.05
11.41 11.05
11.59 11.05
11.59 11.05
11.59 11.05
11.78 11.05
11.78 11.05
11.78 11.05
11.96 11.05
11.96 11.05
11.96 11.05
12.14 11.05
12.14 11.05
12.14 11.05
12.32 11.05
12.32 11.05
12.32 11.05
8.49 11.23
8.49 11.23
8.49 11.23
8.67 11.23
8.67 11.23
8.67 11.23
9.04 11.23
9.04 11.23
9.04 11.23
9.22 11.23
9.22 11.23
9.22 11.23
11.41 11.23
11.41 11.23
11.41 11.23
11.59 11.23
11.59 11.23
11.59 11.23
11.78 11.23
11.78 11.23
11.78 11.23
9.22 11.41
9.22 11.41
9.22 11.41
9.40 11.41
9.40 11.41
9.40 11.41
9.59 11.41
9.59 11.41
9.59 11.41
9.77 11.41
9.77 11.41
9.77 11.41
9.95 11.41
9.95 11.41
9.95 11.41
10.13 11.41
10.13 11.41
10.13 11.41
11.23 11.41
11.23 11.41
11.23 11.41
11.41 11.41
11.41 11.41
11.41 11.41
11.59 11.41
11.59 11.41
11.59 11.41
11.78 11.41
11.78 11.41
11.78 11.41
11.96 11.41
11.96 11.41
11.96 11.41
9.40 11.59
9.40 11.59
9.40 11.59
9.59 11.59
9.59 11.59
9.59 11.59
9.77 11.59
9.77 11.59
9.77 11.59
9.95 11.59
9.95 11.59
9.95 11.59
11.05 11.59
11.05 11.59
11.05 11.59
11.23 11.59
11.23 11.59
11.23 11.59
11.41 11.59
11.41 11.59
11.41 11.59
11.59 11.59
11.59 11.59
11.59 11.59
11.78 11.59
11.78 11.59
11.78 11.59
11.96 11.59
11.96 11.59
11.96 11.59
9.22 11.78
9.22 11.78
9.22 11.78
9.40 11.78
9.40 11.78
9.40 11.78
9.59 11.78
9.59 11.78
9.59 11.78
10.68 11.78
10.68 11.78
10.68 11.78
10.86 11.78
10.86 11.78
10.86 11.78
11.05 11.78
11.05 11.78
11.05 11.78
11.23 11.78
11.23 11.78
11.23 11.78
11.41 11.78
11.41 11.78
11.41 11.78
10.68 11.96
10.68 11.96
10.68 11.96
10.86 11.96
10.86 11.96
10.86 11.96
11.05 11.96
11.05 11.96
11.05 11.96
11.23 11.96
11.23 11.96
11.23 11.96
12.14 11.96
12.14 11.96
12.14 11.96
12.32 11.96
12.32 11.96
12.32 11.96
12.51 11.96
12.51 11.96
12.51 11.96
12.87 11.96
12.87 11.96
12.87 11.96
10.13 12.14
10.13 12.14
10.13 12.14
10.32 12.14
10.32 12.14
10.32 12.14
10.50 12.14
10.50 12.14
10.50 12.14
10.68 12.14
10.68 12.14
10.68 12.14
11.78 12.14
11.78 12.14
11.78 12.14
11.96 12.14
11.96 12.14
11.96 12.14
12.14 12.14
12.14 12.14
12.14 12.14
12.32 12.14
12.32 12.14
12.32 12.14
12.51 12.14
12.51 12.14
12.51 12.14
12.87 12.14
12.87 12.14
12.87 12.14
9.40 12.32
9.40 12.32
9.40 12.32
9.77 12.32
9.77 12.32
9.77 12.32
9.95 12.32
9.95 12.32
9.95 12.32
10.13 12.32
10.13 12.32
10.13 12.32
10.32 12.32
10.32 12.32
10.32 12.32
10.50 12.32
10.50 12.32
10.50 12.32
12.51 12.32
12.51 12.32
12.51 12.32
12.87 12.32
12.87 12.32
12.87 12.32
13.05 12.32
13.05 12.32
13.05 12.32
13.24 12.32
13.24 12.32
13.24 12.32
9.22 12.51
9.22 12.51
9.22 12.51
9.59 12.51
9.59 12.51
9.59 12.51
9.77 12.51
9.77 12.51
9.77 12.51
10.13 12.51
10.13 12.51
10.13 12.51
10.32 12.51
10.32 12.51
10.32 12.51
10.50 12.51
10.50 12.51
10.50 12.51
12.32 12.51
12.32 12.51
12.32 12.51
12.69 12.51
12.69 12.51
12.69 12.51
13.24 12.51
13.24 12.51
13.24 12.51
13.42 12.51
13.42 12.51
13.42 12.51
9.40 12.69
9.40 12.69
9.40 12.69
9.77 12.69
9.77 12.69
9.77 12.69
10.68 12.69
10.68 12.69
10.68 12.69
10.86 12.69
10.86 12.69
10.86 12.69
11.96 12.69
11.96 12.69
11.96 12.69
12.14 12.69
12.14 12.69
12.14 12.69
12.32 12.69
12.32 12.69
12.32 12.69
12.51 12.69
12.51 12.69
12.51 12.69
13.05 12.69
13.05 12.69
13.05 12.69
10.50 12.87
10.50 12.87
10.50 12.87
11.96 12.87
11.96 12.87
11.96 12.87
12.14 12.87
12.14 12.87
12.14 12.87
12.32 12.87
12.32 12.87
12.32 12.87
12.51 12.87
12.51 12.87
12.51 12.87
12.87 12.87
12.87 12.87
12.87 12.87
13.05 12.87
13.05 12.87
13.05 12.87
10.86 13.05
10.86 13.05
10.86 13.05
12.51 13.05
12.51 13.05
12.51 13.05
12.87 13.05
12.87 13.05
12.87 13.05
13.42 13.05
13.42 13.05
13.42 13.05
10.50 13.24
10.50 13.24
10.50 13.24
12.51 13.24
12.51 13.24
12.51 13.24
12.69 13.24
12.69 13.24
12.69 13.24
13.24 13.24
13.24 13.24
13.24 13.24
13.42 13.24
13.42 13.24
13.42 13.24
13.60 13.24
13.60 13.24
13.60 13.24
10.50 13.42
10.50 13.42
10.50 13.42
10.86 13.42
10.86 13.42
10.86 13.42
11.59 13.42
11.59 13.42
11.59 13.42
11.78 13.42
11.78 13.42
11.78 13.42
11.96 13.42
11.96 13.42
11.96 13.42
12.14 13.42
12.14 13.42
12.14 13.42
12.32 13.42
12.32 13.42
12.32 13.42
12.51 13.42
12.51 13.42
12.51 13.42
12.69 13.42
12.69 13.42
12.69 13.42
13.05 13.42
13.05 13.42
13.05 13.42
13.24 13.42
13.24 13.42
13.24 13.42
13.42 13.42
13.42 13.42
13.42 13.42
13.60 13.42
13.60 13.42
13.60 13.42
10.86 13.60
10.86 13.60
10.86 13.60
11.41 13.60
11.41 13.60
11.41 13.60
11.59 13.60
11.59 13.60
11.59 13.60
11.78 13.60
11.78 13.60
11.78 13.60
11.96 13.60
11.96 13.60
11.96 13.60
12.14 13.60
12.14 13.60
12.14 13.60
12.32 13.60
12.32 13.60
12.32 13.60
12.51 13.60
12.51 13.60
12.51 13.60
12.69 13.60
12.69 13.60
12.69 13.60
12.87 13.60
12.87 13.60
12.87 13.60
13.05 13.60
13.05 13.60
13.05 13.60
13.24 13.60
13.24 13.60
13.24 13.60
13.60 13.60
13.60 13.60
13.60 13.60
13.78 13.60
13.78 13.60
13.78 13.60
13.97 13.60
13.97 13.60
13.97 13.60
14.70 13.60
14.70 13.60
14.70 13.60
10.50 13.78
10.50 13.78
10.50 13.78
10.68 13.78
10.68 13.78
10.68 13.78
11.59 13.78
11.59 13.78
11.59 13.78
11.78 13.78
11.78 13.78
11.78 13.78
11.96 13.78
11.96 13.78
11.96 13.78
12.14 13.78
12.14 13.78
12.14 13.78
12.32 13.78
12.32 13.78
12.32 13.78
12.69 13.78
12.69 13.78
12.69 13.78
12.87 13.78
12.87 13.78
12.87 13.78
13.42 13.78
13.42 13.78
13.42 13.78
13.60 13.78
13.60 13.78
13.60 13.78
14.33 13.78
14.33 13.78
14.33 13.78
14.51 13.78
14.51 13.78
14.51 13.78
14.88 13.78
14.88 13.78
14.88 13.78
11.23 13.97
11.23 13.97
11.23 13.97
11.78 13.97
11.78 13.97
11.78 13.97
11.96 13.97
11.96 13.97
11.96 13.97
12.14 13.97
12.14 13.97
12.14 13.97
12.32 13.97
12.32 13.97
12.32 13.97
12.51 13.97
12.51 13.97
12.51 13.97
12.69 13.97
12.69 13.97
12.69 13.97
12.87 13.97
12.87 13.97
12.87 13.97
13.05 13.97
13.05 13.97
13.05 13.97
13.24 13.97
13.24 13.97
13.24 13.97
13.97 13.97
13.97 13.97
13.97 13.97
14.15 13.97
14.15 13.97
14.15 13.97
14.33 13.97
14.33 13.97
14.33 13.97
14.88 13.97
14.88 13.97
14.88 13.97
11.05 14.15
11.05 14.15
11.05 14.15
11.23 14.15
11.23 14.15
11.23 14.15
11.59 14.15
11.59 14.15
11.59 14.15
11.78 14.15
11.78 14.15
11.78 14.15
12.69 14.15
12.69 14.15
12.69 14.15
12.87 14.15
12.87 14.15
12.87 14.15
13.05 14.15
13.05 14.15
13.05 14.15
13.24 14.15
13.24 14.15
13.24 14.15
13.42 14.15
13.42 14.15
13.42 14.15
13.60 14.15
13.60 14.15
13.60 14.15
13.78 14.15
13.78 14.15
13.78 14.15
13.97 14.15
13.97 14.15
13.97 14.15
14.33 14.15
14.33 14.15
14.33 14.15
14.51 14.15
14.51 14.15
14.51 14.15
11.05 14.33
11.05 14.33
11.05 14.33
11.23 14.33
11.23 14.33
11.23 14.33
11.41 14.33
11.41 14.33
11.41 14.33
11.96 14.33
11.96 14.33
11.96 14.33
12.14 14.33
12.14 14.33
12.14 14.33
12.32 14.33
12.32 14.33
12.32 14.33
12.87 14.33
12.87 14.33
12.87 14.33
13.05 14.33
13.05 14.33
13.05 14.33
13.24 14.33
13.24 14.33
13.24 14.33
13.42 14.33
13.42 14.33
13.42 14.33
13.60 14.33
13.60 14.33
13.60 14.33
13.78 14.33
13.78 14.33
13.78 14.33
13.97 14.33
13.97 14.33
13.97 14.33
14.33 14.33
14.33 14.33
14.33 14.33
14.51 14.33
14.51 14.33
14.51 14.33
11.05 14.51
11.05 14.51
11.05 14.51
11.96 14.51
11.96 14.51
11.96 14.51
12.69 14.51
12.69 14.51
12.69 14.51
12.87 14.51
12.87 14.51
12.87 14.51
13.05 14.51
13.05 14.51
13.05 14.51
13.24 14.51
13.24 14.51
13.24 14.51
13.42 14.51
13.42 14.51
13.42 14.51
13.60 14.51
13.60 14.51
13.60 14.51
13.78 14.51
13.78 14.51
13.78 14.51
13.97 14.51
13.97 14.51
13.97 14.51
14.88 14.51
14.88 14.51
14.88 14.51
11.96 14.70
11.96 14.70
11.96 14.70
12.32 14.70
12.32 14.70
12.32 14.70
12.69 14.70
12.69 14.70
12.69 14.70
12.87 14.70
12.87 14.70
12.87 14.70
13.05 14.70
13.05 14.70
13.05 14.70
13.24 14.70
13.24 14.70
13.24 14.70
13.42 14.70
13.42 14.70
13.42 14.70
14.70 14.70
14.70 14.70
14.70 14.70
14.88 14.70
14.88 14.70
14.88 14.70
11.96 14.88
11.96 14.88
11.96 14.88
12.87 14.88
12.87 14.88
12.87 14.88
13.05 14.88
13.05 14.88
13.05 14.88
13.24 14.88
13.24 14.88
13.24 14.88
14.51 14.88
14.51 14.88
14.51 14.88
14.70 14.88
14.70 14.88
14.70 14.88
11.96 15.06
11.96 15.06
11.96 15.06
13.05 15.06
13.05 15.06
13.05 15.06
13.97 15.06
13.97 15.06
13.97 15.06
14.15 15.06
14.15 15.06
14.15 15.06
14.51 15.06
14.51 15.06
14.51 15.06
14.88 15.06
14.88 15.06
14.88 15.06
15.06 15.06
15.06 15.06
15.06 15.06
15.25 15.06
15.25 15.06
15.25 15.06
15.43 15.06
15.43 15.06
15.43 15.06
15.61 15.06
15.61 15.06
15.61 15.06
11.78 15.25
11.78 15.25
11.78 15.25
12.87 15.25
12.87 15.25
12.87 15.25
13.05 15.25
13.05 15.25
13.05 15.25
14.15 15.25
14.15 15.25
14.15 15.25
14.88 15.25
14.88 15.25
14.88 15.25
15.79 15.25
15.79 15.25
15.79 15.25
15.98 15.25
15.98 15.25
15.98 15.25
12.14 15.43
12.14 15.43
12.14 15.43
12.51 15.43
12.51 15.43
12.51 15.43
12.87 15.43
12.87 15.43
12.87 15.43
13.05 15.43
13.05 15.43
13.05 15.43
13.24 15.43
13.24 15.43
13.24 15.43
15.61 15.43
15.61 15.43
15.61 15.43
15.79 15.43
15.79 15.43
15.79 15.43
15.98 15.43
15.98 15.43
15.98 15.43
16.16 15.43
16.16 15.43
16.16 15.43
12.51 15.61
12.51 15.61
12.51 15.61
12.69 15.61
12.69 15.61
12.69 15.61
12.87 15.61
12.87 15.61
12.87 15.61
13.05 15.61
13.05 15.61
13.05 15.61
13.42 15.61
13.42 15.61
13.42 15.61
13.60 15.61
13.60 15.61
13.60 15.61
13.97 15.61
13.97 15.61
13.97 15.61
14.15 15.61
14.15 15.61
14.15 15.61
15.06 15.61
15.06 15.61
15.06 15.61
15.25 15.61
15.25 15.61
15.25 15.61
15.43 15.61
15.43 15.61
15.43 15.61
15.61 15.61
15.61 15.61
15.61 15.61
16.16 15.61
16.16 15.61
16.16 15.61
12.69 15.79
12.69 15.79
12.69 15.79
12.87 15.79
12.87 15.79
12.87 15.79
13.05 15.79
13.05 15.79
13.05 15.79
13.60 15.79
13.60 15.79
13.60 15.79
13.78 15.79
13.78 15.79
13.78 15.79
13.97 15.79
13.97 15.79
13.97 15.79
14.15 15.79
14.15 15.79
14.15 15.79
14.51 15.79
14.51 15.79
14.51 15.79
14.70 15.79
14.70 15.79
14.70 15.79
14.88 15.79
14.88 15.79
14.88 15.79
15.06 15.79
15.06 15.79
15.06 15.79
15.25 15.79
15.25 15.79
15.25 15.79
15.79 15.79
15.79 15.79
15.79 15.79
16.16 15.79
16.16 15.79
16.16 15.79
12.51 15.98
12.51 15.98
12.51 15.98
13.05 15.98
13.05 15.98
13.05 15.98
13.24 15.98
13.24 15.98
13.24 15.98
13.42 15.98
13.42 15.98
13.42 15.98
14.70 15.98
14.70 15.98
14.70 15.98
14.88 15.98
14.88 15.98
14.88 15.98
15.06 15.98
15.06 15.98
15.06 15.98
15.43 15.98
15.43 15.98
15.43 15.98
13.24 16.16
13.24 16.16
13.24 16.16
13.78 16.16
13.78 16.16
13.78 16.16
14.51 16.16
14.51 16.16
14.51 16.16
14.70 16.16
14.70 16.16
14.70 16.16
14.88 16.16
14.88 16.16
14.88 16.16
15.06 16.16
15.06 16.16
15.06 16.16
15.79 16.16
15.79 16.16
15.79 16.16
15.98 16.16
15.98 16.16
15.98 16.16
13.05 16.34
13.05 16.34
13.05 16.34
13.24 16.34
13.24 16.34
13.24 16.34
13.78 16.34
13.78 16.34
13.78 16.34
14.51 16.34
14.51 16.34
14.51 16.34
14.70 16.34
14.70 16.34
14.70 16.34
14.88 16.34
14.88 16.34
14.88 16.34
15.79 16.34
15.79 16.34
15.79 16.34
15.98 16.34
15.98 16.34
15.98 16.34
16.16 16.34
16.16 16.34
16.16 16.34
16.71 16.34
16.71 16.34
16.71 16.34
13.60 16.52
13.60 16.52
13.60 16.52
15.43 16.52
15.43 16.52
15.43 16.52
16.16 16.52
16.16 16.52
16.16 16.52
16.71 16.52
16.71 16.52
16.71 16.52
13.05 16.71
13.05 16.71
13.05 16.71
13.24 16.71
13.24 16.71
13.24 16.71
13.60 16.71
13.60 16.71
13.60 16.71
14.15 16.71
14.15 16.71
14.15 16.71
14.33 16.71
14.33 16.71
14.33 16.71
14.51 16.71
14.51 16.71
14.51 16.71
15.79 16.71
15.79 16.71
15.79 16.71
16.16 16.71
16.16 16.71
16.16 16.71
16.34 16.71
16.34 16.71
16.34 16.71
16.71 16.71
16.71 16.71
16.71 16.71
13.97 16.89
13.97 16.89
13.97 16.89
14.88 16.89
14.88 16.89
14.88 16.89
15.06 16.89
15.06 16.89
15.06 16.89
15.25 16.89
15.25 16.89
15.25 16.89
15.43 16.89
15.43 16.89
15.43 16.89
15.61 16.89
15.61 16.89
15.61 16.89
15.79 16.89
15.79 16.89
15.79 16.89
15.98 16.89
15.98 16.89
15.98 16.89
16.71 16.89
16.71 16.89
16.71 16.89
16.89 16.89
16.89 16.89
16.89 16.89
14.88 17.07
14.88 17.07
14.88 17.07
15.06 17.07
15.06 17.07
15.06 17.07
15.61 17.07
15.61 17.07
15.61 17.07
15.79 17.07
15.79 17.07
15.79 17.07
15.98 17.07
15.98 17.07
15.98 17.07
16.34 17.07
16.34 17.07
16.34 17.07
16.52 17.07
16.52 17.07
16.52 17.07
16.71 17.07
16.71 17.07
16.71 17.07
17.07 17.07
17.07 17.07
17.07 17.07
17.25 17.07
17.25 17.07
17.25 17.07
14.33 17.25
14.33 17.25
14.33 17.25
14.51 17.25
14.51 17.25
14.51 17.25
14.70 17.25
14.70 17.25
14.70 17.25
15.25 17.25
15.25 17.25
15.25 17.25
16.52 17.25
16.52 17.25
16.52 17.25
16.71 17.25
16.71 17.25
16.71 17.25
16.89 17.25
16.89 17.25
16.89 17.25
17.07 17.25
17.07 17.25
17.07 17.25
17.25 17.25
17.25 17.25
17.25 17.25
16.89 17.44
16.89 17.44
16.89 17.44
17.44 17.44
17.44 17.44
17.44 17.44
15.06 17.62
15.06 17.62
15.06 17.62
16.89 17.62
16.89 17.62
16.89 17.62
17.07 17.62
17.07 17.62
17.07 17.62
17.25 17.62
17.25 17.62
17.25 17.62
14.33 17.80
14.33 17.80
14.33 17.80
14.51 17.80
14.51 17.80
14.51 17.80
14.70 17.80
14.70 17.80
14.70 17.80
14.88 17.80
14.88 17.80
14.88 17.80
15.06 17.80
15.06 17.80
15.06 17.80
15.25 17.80
15.25 17.80
15.25 17.80
16.16 17.80
16.16 17.80
16.16 17.80
16.34 17.80
16.34 17.80
16.34 17.80
16.52 17.80
16.52 17.80
16.52 17.80
17.07 17.80
17.07 17.80
17.07 17.80
17.25 17.80
17.25 17.80
17.25 17.80
14.70 17.98
14.70 17.98
14.70 17.98
16.16 17.98
16.16 17.98
16.16 17.98
16.34 17.98
16.34 17.98
16.34 17.98
16.89 17.98
16.89 17.98
16.89 17.98
17.07 17.98
17.07 17.98
17.07 17.98
15.06 18.17
15.06 18.17
15.06 18.17
15.25 18.17
15.25 18.17
15.25 18.17
15.98 18.17
15.98 18.17
15.98 18.17
16.16 18.17
16.16 18.17
16.16 18.17
16.34 18.17
16.34 18.17
16.34 18.17
16.52 18.17
16.52 18.17
16.52 18.17
15.25 18.35
15.25 18.35
15.25 18.35
15.43 18.35
15.43 18.35
15.43 18.35
15.61 18.35
15.61 18.35
15.61 18.35
15.79 18.35
15.79 18.35
15.79 18.35
15.98 18.35
15.98 18.35
15.98 18.35
16.16 18.35
16.16 18.35
16.16 18.35
16.71 18.35
16.71 18.35
16.71 18.35
16.89 18.35
16.89 18.35
16.89 18.35
17.80 18.35
17.80 18.35
17.80 18.35
15.79 18.53
15.79 18.53
15.79 18.53
15.98 18.53
15.98 18.53
15.98 18.53
16.16 18.53
16.16 18.53
16.16 18.53
16.34 18.53
16.34 18.53
16.34 18.53
16.52 18.53
16.52 18.53
16.52 18.53
16.71 18.53
16.71 18.53
16.71 18.53
17.80 18.53
17.80 18.53
17.80 18.53
16.34 18.71
16.34 18.71
16.34 18.71
16.52 18.71
16.52 18.71
16.52 18.71
17.25 18.71
17.25 18.71
17.25 18.71
17.44 18.71
17.44 18.71
17.44 18.71
17.62 18.71
17.62 18.71
17.62 18.71
15.06 18.90
15.06 18.90
15.06 18.90
15.25 18.90
15.25 18.90
15.25 18.90
16.52 18.90
16.52 18.90
16.52 18.90
16.89 18.90
16.89 18.90
16.89 18.90
17.07 18.90
17.07 18.90
17.07 18.90
17.25 18.90
17.25 18.90
17.25 18.90
17.44 18.90
17.44 18.90
17.44 18.90
15.79 19.08
15.79 19.08
15.79 19.08
15.98 19.08
15.98 19.08
15.98 19.08
16.16 19.08
16.16 19.08
16.16 19.08
16.71 19.08
16.71 19.08
16.71 19.08
16.89 19.08
16.89 19.08
16.89 19.08
17.25 19.08
17.25 19.08
17.25 19.08
17.44 19.08
17.44 19.08
17.44 19.08
17.80 19.08
17.80 19.08
17.80 19.08
17.98 19.08
17.98 19.08
17.98 19.08
18.53 19.08
18.53 19.08
18.53 19.08
18.71 19.08
18.71 19.08
18.71 19.08
15.06 19.26
15.06 19.26
15.06 19.26
15.25 19.26
15.25 19.26
15.25 19.26
15.43 19.26
15.43 19.26
15.43 19.26
15.61 19.26
15.61 19.26
15.61 19.26
16.16 19.26
16.16 19.26
16.16 19.26
16.71 19.26
16.71 19.26
16.71 19.26
17.25 19.26
17.25 19.26
17.25 19.26
17.44 19.26
17.44 19.26
17.44 19.26
17.62 19.26
17.62 19.26
17.62 19.26
17.80 19.26
17.80 19.26
17.80 19.26
17.98 19.26
17.98 19.26
17.98 19.26
18.71 19.26
18.71 19.26
18.71 19.26
15.61 19.44
15.61 19.44
15.61 19.44
16.16 19.44
16.16 19.44
16.16 19.44
16.34 19.44
16.34 19.44
16.34 19.44
16.89 19.44
16.89 19.44
16.89 19.44
17.25 19.44
17.25 19.44
17.25 19.44
17.44 19.44
17.44 19.44
17.44 19.44
18.53 19.44
18.53 19.44
18.53 19.44
18.71 19.44
18.71 19.44
18.71 19.44
15.79 19.63
15.79 19.63
15.79 19.63
16.16 19.63
16.16 19.63
16.16 19.63
16.71 19.63
16.71 19.63
16.71 19.63
17.44 19.63
17.44 19.63
17.44 19.63
17.80 19.63
17.80 19.63
17.80 19.63
17.98 19.63
17.98 19.63
17.98 19.63
18.35 19.63
18.35 19.63
18.35 19.63
18.71 19.63
18.71 19.63
18.71 19.63
15.61 19.81
15.61 19.81
15.61 19.81
15.98 19.81
15.98 19.81
15.98 19.81
16.16 19.81
16.16 19.81
16.16 19.81
16.52 19.81
16.52 19.81
16.52 19.81
17.44 19.81
17.44 19.81
17.44 19.81
17.62 19.81
17.62 19.81
17.62 19.81
17.80 19.81
17.80 19.81
17.80 19.81
17.98 19.81
17.98 19.81
17.98 19.81
18.17 19.81
18.17 19.81
18.17 19.81
18.35 19.81
18.35 19.81
18.35 19.81
18.53 19.81
18.53 19.81
18.53 19.81
15.79 19.99
15.79 19.99
15.79 19.99
16.16 19.99
16.16 19.99
16.16 19.99
16.34 19.99
16.34 19.99
16.34 19.99
16.71 20.17
16.71 20.17
16.71 20.17
17.98 20.17
17.98 20.17
17.98 20.17
18.17 20.17
18.17 20.17
18.17 20.17
18.53 20.17
18.53 20.17
18.53 20.17
16.52 20.36
16.52 20.36
16.52 20.36
17.80 20.36
17.80 20.36
17.80 20.36
17.98 20.36
17.98 20.36
17.98 20.36
18.17 20.36
18.17 20.36
18.17 20.36
18.35 20.36
18.35 20.36
18.35 20.36
18.53 20.36
18.53 20.36
18.53 20.36
18.71 20.36
18.71 20.36
18.71 20.36
16.52 20.54
16.52 20.54
16.52 20.54
17.80 20.54
17.80 20.54
17.80 20.54
17.98 20.54
17.98 20.54
17.98 20.54
18.17 20.54
18.17 20.54
18.17 20.54
18.35 20.54
18.35 20.54
18.35 20.54
18.53 20.54
18.53 20.54
18.53 20.54
16.34 20.72
16.34 20.72
16.34 20.72
16.71 20.72
16.71 20.72
16.71 20.72
16.34 20.91
16.34 20.91
16.34 20.91
16.71 20.91
16.71 20.91
16.71 20.91
16.34 21.09
16.34 21.09
16.34 21.09
16.52 21.09
16.52 21.09
16.52 21.09
17.25 21.09
17.25 21.09
17.25 21.09
17.44 21.09
17.44 21.09
17.44 21.09
17.62 21.09
17.62 21.09
17.62 21.09
17.80 21.09
17.80 21.09
17.80 21.09
18.71 21.09
18.71 21.09
18.71 21.09
16.34 21.27
16.34 21.27
16.34 21.27
16.89 21.27
16.89 21.27
16.89 21.27
17.25 21.27
17.25 21.27
17.25 21.27
17.44 21.27
17.44 21.27
17.44 21.27
17.62 21.27
17.62 21.27
17.62 21.27
17.98 21.27
17.98 21.27
17.98 21.27
18.17 21.27
18.17 21.27
18.17 21.27
18.35 21.27
18.35 21.27
18.35 21.27
18.53 21.27
18.53 21.27
18.53 21.27
18.71 21.27
18.71 21.27
18.71 21.27
16.89 21.45
16.89 21.45
16.89 21.45
17.62 21.45
17.62 21.45
17.62 21.45
17.80 21.45
17.80 21.45
17.80 21.45
17.98 21.45
17.98 21.45
17.98 21.45
18.35 21.45
18.35 21.45
18.35 21.45
18.71 21.45
18.71 21.45
18.71 21.45
16.71 21.64
16.71 21.64
16.71 21.64
17.25 21.64
17.25 21.64
17.25 21.64
17.62 21.64
17.62 21.64
17.62 21.64
17.80 21.64
17.80 21.64
17.80 21.64
18.71 21.64
18.71 21.64
18.71 21.64
16.34 21.82
16.34 21.82
16.34 21.82
18.17 21.82
18.17 21.82
18.17 21.82
18.35 21.82
18.35 21.82
18.35 21.82
18.71 21.82
18.71 21.82
18.71 21.82
16.71 22.00
16.71 22.00
16.71 22.00
16.89 22.00
16.89 22.00
16.89 22.00
17.62 22.00
17.62 22.00
17.62 22.00
17.80 22.00
17.80 22.00
17.80 22.00
18.17 22.00
18.17 22.00
18.17 22.00
18.53 22.00
18.53 22.00
18.53 22.00
18.71 22.00
18.71 22.00
18.71 22.00
16.89 22.18
16.89 22.18
16.89 22.18
17.07 22.18
17.07 22.18
17.07 22.18
17.25 22.18
17.25 22.18
17.25 22.18
17.25 22.37
17.25 22.37
17.25 22.37
17.44 22.37
17.44 22.37
17.44 22.37
17.80 22.37
17.80 22.37
17.80 22.37
17.98 22.37
17.98 22.37
17.98 22.37
17.25 22.55
17.25 22.55
17.25 22.55
17.44 22.55
17.44 22.55
17.44 22.55
16.52 22.73
16.52 22.73
16.52 22.73
17.07 22.73
17.07 22.73
17.07 22.73
16.34 22.91
16.34 22.91
16.34 22.91
16.52 22.91
16.52 22.91
16.52 22.91
16.89 22.91
16.89 22.91
16.89 22.91
16.52 23.10
16.52 23.10
16.52 23.10
16.52 23.28
16.52 23.28
16.52 23.28
16.71 23.46
16.71 23.46
16.71 23.46
