2.46 -32.59
2.46 -32.59
2.46 -32.59
2.65 -32.59
2.65 -32.59
2.65 -32.59
2.28 -32.41
2.28 -32.41
2.28 -32.41
2.46 -32.22
2.46 -32.22
2.46 -32.22
2.65 -32.22
2.65 -32.22
2.65 -32.22
2.83 -32.22
2.83 -32.22
2.83 -32.22
3.38 -32.22
3.38 -32.22
3.38 -32.22
3.56 -32.22
3.56 -32.22
3.56 -32.22
2.10 -32.04
2.10 -32.04
2.10 -32.04
2.46 -32.04
2.46 -32.04
2.46 -32.04
2.28 -31.86
2.28 -31.86
2.28 -31.86
2.46 -31.86
2.46 -31.86
2.46 -31.86
1.00 -31.68
1.00 -31.68
1.00 -31.68
1.19 -31.68
1.19 -31.68
1.19 -31.68
1.92 -31.68
1.92 -31.68
1.92 -31.68
2.83 -31.68
2.83 -31.68
2.83 -31.68
1.00 -31.49
1.00 -31.49
1.00 -31.49
1.37 -31.49
1.37 -31.49
1.37 -31.49
1.92 -31.49
1.92 -31.49
1.92 -31.49
2.28 -31.49
2.28 -31.49
2.28 -31.49
2.65 -31.49
2.65 -31.49
2.65 -31.49
2.83 -31.49
2.83 -31.49
2.83 -31.49
1.00 -31.31
1.00 -31.31
1.00 -31.31
1.19 -31.31
1.19 -31.31
1.19 -31.31
1.92 -31.31
1.92 -31.31
1.92 -31.31
2.28 -31.31
2.28 -31.31
2.28 -31.31
2.46 -31.31
2.46 -31.31
2.46 -31.31
2.65 -31.31
2.65 -31.31
2.65 -31.31
2.83 -31.31
2.83 -31.31
2.83 -31.31
1.37 -31.13
1.37 -31.13
1.37 -31.13
1.73 -31.13
1.73 -31.13
1.73 -31.13
1.92 -31.13
1.92 -31.13
1.92 -31.13
2.10 -31.13
2.10 -31.13
2.10 -31.13
2.28 -31.13
2.28 -31.13
2.28 -31.13
2.46 -31.13
2.46 -31.13
2.46 -31.13
2.65 -31.13
2.65 -31.13
2.65 -31.13
2.83 -31.13
2.83 -31.13
2.83 -31.13
1.19 -30.95
1.19 -30.95
1.19 -30.95
1.37 -30.95
1.37 -30.95
1.37 -30.95
1.55 -30.95
1.55 -30.95
1.55 -30.95
1.73 -30.95
1.73 -30.95
1.73 -30.95
1.92 -30.95
1.92 -30.95
1.92 -30.95
2.28 -30.95
2.28 -30.95
2.28 -30.95
2.46 -30.95
2.46 -30.95
2.46 -30.95
0.27 -30.76
0.27 -30.76
0.27 -30.76
0.46 -30.76
0.46 -30.76
0.46 -30.76
1.00 -30.76
1.00 -30.76
1.00 -30.76
1.19 -30.76
1.19 -30.76
1.19 -30.76
1.37 -30.76
1.37 -30.76
1.37 -30.76
1.73 -30.76
1.73 -30.76
1.73 -30.76
2.10 -30.76
2.10 -30.76
2.10 -30.76
2.28 -30.76
2.28 -30.76
2.28 -30.76
2.46 -30.76
2.46 -30.76
2.46 -30.76
0.27 -30.58
0.27 -30.58
0.27 -30.58
0.82 -30.58
0.82 -30.58
0.82 -30.58
1.73 -30.58
1.73 -30.58
1.73 -30.58
2.10 -30.58
2.10 -30.58
2.10 -30.58
2.28 -30.58
2.28 -30.58
2.28 -30.58
2.46 -30.58
2.46 -30.58
2.46 -30.58
2.65 -30.58
2.65 -30.58
2.65 -30.58
2.83 -30.58
2.83 -30.58
2.83 -30.58
0.64 -30.40
0.64 -30.40
0.64 -30.40
0.82 -30.40
0.82 -30.40
0.82 -30.40
1.55 -30.40
1.55 -30.40
1.55 -30.40
2.28 -30.40
2.28 -30.40
2.28 -30.40
2.46 -30.40
2.46 -30.40
2.46 -30.40
2.65 -30.40
2.65 -30.40
2.65 -30.40
2.83 -30.40
2.83 -30.40
2.83 -30.40
0.46 -30.22
0.46 -30.22
0.46 -30.22
0.82 -30.22
0.82 -30.22
0.82 -30.22
1.00 -30.22
1.00 -30.22
1.00 -30.22
1.19 -30.22
1.19 -30.22
1.19 -30.22
1.55 -30.22
1.55 -30.22
1.55 -30.22
2.46 -30.22
2.46 -30.22
2.46 -30.22
2.65 -30.22
2.65 -30.22
2.65 -30.22
0.46 -30.03
0.46 -30.03
0.46 -30.03
1.00 -30.03
1.00 -30.03
1.00 -30.03
1.19 -30.03
1.19 -30.03
1.19 -30.03
1.55 -30.03
1.55 -30.03
1.55 -30.03
1.92 -30.03
1.92 -30.03
1.92 -30.03
2.10 -30.03
2.10 -30.03
2.10 -30.03
2.46 -30.03
2.46 -30.03
2.46 -30.03
0.46 -29.85
0.46 -29.85
0.46 -29.85
0.82 -29.85
0.82 -29.85
0.82 -29.85
1.00 -29.85
1.00 -29.85
1.00 -29.85
1.92 -29.85
1.92 -29.85
1.92 -29.85
2.10 -29.85
2.10 -29.85
2.10 -29.85
-0.27 -29.67
-0.27 -29.67
-0.27 -29.67
-0.09 -29.67
-0.09 -29.67
-0.09 -29.67
0.09 -29.67
0.09 -29.67
0.09 -29.67
0.46 -29.67
0.46 -29.67
0.46 -29.67
0.64 -29.67
0.64 -29.67
0.64 -29.67
-0.27 -29.49
-0.27 -29.49
-0.27 -29.49
-0.09 -29.49
-0.09 -29.49
-0.09 -29.49
1.00 -29.30
1.00 -29.30
1.00 -29.30
1.19 -29.30
1.19 -29.30
1.19 -29.30
1.37 -29.30
1.37 -29.30
1.37 -29.30
1.55 -29.30
1.55 -29.30
1.55 -29.30
1.73 -29.30
1.73 -29.30
1.73 -29.30
1.92 -29.30
1.92 -29.30
1.92 -29.30
2.10 -29.30
2.10 -29.30
2.10 -29.30
0.09 -29.12
0.09 -29.12
0.09 -29.12
1.37 -29.12
1.37 -29.12
1.37 -29.12
1.55 -29.12
1.55 -29.12
1.55 -29.12
1.73 -29.12
1.73 -29.12
1.73 -29.12
1.92 -29.12
1.92 -29.12
1.92 -29.12
2.10 -29.12
2.10 -29.12
2.10 -29.12
0.09 -28.94
0.09 -28.94
0.09 -28.94
0.27 -28.94
0.27 -28.94
0.27 -28.94
1.55 -28.94
1.55 -28.94
1.55 -28.94
1.73 -28.94
1.73 -28.94
1.73 -28.94
1.92 -28.94
1.92 -28.94
1.92 -28.94
2.10 -28.94
2.10 -28.94
2.10 -28.94
0.09 -28.76
0.09 -28.76
0.09 -28.76
1.73 -28.76
1.73 -28.76
1.73 -28.76
1.92 -28.76
1.92 -28.76
1.92 -28.76
2.10 -28.76
2.10 -28.76
2.10 -28.76
0.09 -28.57
0.09 -28.57
0.09 -28.57
-0.09 -28.39
-0.09 -28.39
-0.09 -28.39
0.27 -28.39
0.27 -28.39
0.27 -28.39
-0.09 -28.21
-0.09 -28.21
-0.09 -28.21
0.27 -28.21
0.27 -28.21
0.27 -28.21
0.46 -28.21
0.46 -28.21
0.46 -28.21
0.82 -28.21
0.82 -28.21
0.82 -28.21
1.19 -28.21
1.19 -28.21
1.19 -28.21
1.37 -28.21
1.37 -28.21
1.37 -28.21
1.55 -28.21
1.55 -28.21
1.55 -28.21
0.27 -28.03
0.27 -28.03
0.27 -28.03
0.64 -28.03
0.64 -28.03
0.64 -28.03
0.82 -28.03
0.82 -28.03
0.82 -28.03
1.00 -27.84
1.00 -27.84
1.00 -27.84
1.37 -27.84
1.37 -27.84
1.37 -27.84
1.55 -27.84
1.55 -27.84
1.55 -27.84
0.64 -27.66
0.64 -27.66
0.64 -27.66
0.82 -27.66
0.82 -27.66
0.82 -27.66
1.00 -27.66
1.00 -27.66
1.00 -27.66
1.37 -27.66
1.37 -27.66
1.37 -27.66
1.19 -27.48
1.19 -27.48
1.19 -27.48
1.55 -27.48
1.55 -27.48
1.55 -27.48
-0.46 -27.30
-0.46 -27.30
-0.46 -27.30
0.09 -27.30
0.09 -27.30
0.09 -27.30
-0.46 -27.11
-0.46 -27.11
-0.46 -27.11
-0.27 -27.11
-0.27 -27.11
-0.27 -27.11
-0.09 -27.11
-0.09 -27.11
-0.09 -27.11
0.09 -27.11
0.09 -27.11
0.09 -27.11
-0.27 -26.93
-0.27 -26.93
-0.27 -26.93
-0.09 -26.93
-0.09 -26.93
-0.09 -26.93
0.09 -26.93
0.09 -26.93
0.09 -26.93
-0.64 -26.75
-0.64 -26.75
-0.64 -26.75
-0.46 -26.75
-0.46 -26.75
-0.46 -26.75
-1.00 -26.56
-1.00 -26.56
-1.00 -26.56
-0.27 -26.56
-0.27 -26.56
-0.27 -26.56
-0.09 -26.56
-0.09 -26.56
-0.09 -26.56
0.09 -26.56
0.09 -26.56
0.09 -26.56
-0.46 -26.38
-0.46 -26.38
-0.46 -26.38
-0.27 -26.38
-0.27 -26.38
-0.27 -26.38
-0.09 -26.38
-0.09 -26.38
-0.09 -26.38
0.09 -26.38
0.09 -26.38
0.09 -26.38
-0.27 -26.20
-0.27 -26.20
-0.27 -26.20
0.09 -26.20
0.09 -26.20
0.09 -26.20
-0.46 -26.02
-0.46 -26.02
-0.46 -26.02
-0.27 -26.02
-0.27 -26.02
-0.27 -26.02
-0.64 1.73
-0.64 1.73
-0.64 1.73
0.09 2.10
0.09 2.10
0.09 2.10
-0.46 2.46
-0.46 2.46
-0.46 2.46
0.09 2.65
0.09 2.65
0.09 2.65
0.46 2.65
0.46 2.65
0.46 2.65
0.64 2.65
0.64 2.65
0.64 2.65
0.82 2.65
0.82 2.65
0.82 2.65
1.00 2.65
1.00 2.65
1.00 2.65
1.19 2.65
1.19 2.65
1.19 2.65
1.37 2.65
1.37 2.65
1.37 2.65
3.56 2.65
3.56 2.65
3.56 2.65
1.00 2.83
1.00 2.83
1.00 2.83
3.56 2.83
3.56 2.83
3.56 2.83
3.74 2.83
3.74 2.83
3.74 2.83
4.11 2.83
4.11 2.83
4.11 2.83
1.00 3.01
1.00 3.01
1.00 3.01
1.19 3.01
1.19 3.01
1.19 3.01
3.74 3.01
3.74 3.01
3.74 3.01
0.82 3.20
0.82 3.20
0.82 3.20
1.92 3.20
1.92 3.20
1.92 3.20
3.56 3.20
3.56 3.20
3.56 3.20
3.93 3.20
3.93 3.20
3.93 3.20
1.55 3.38
1.55 3.38
1.55 3.38
2.10 3.38
2.10 3.38
2.10 3.38
2.83 3.38
2.83 3.38
2.83 3.38
3.93 3.38
3.93 3.38
3.93 3.38
2.65 3.56
2.65 3.56
2.65 3.56
3.01 3.56
3.01 3.56
3.01 3.56
3.38 3.56
3.38 3.56
3.38 3.56
3.56 3.56
3.56 3.56
3.56 3.56
3.93 3.56
3.93 3.56
3.93 3.56
4.11 3.56
4.11 3.56
4.11 3.56
4.47 3.56
4.47 3.56
4.47 3.56
3.56 3.74
3.56 3.74
3.56 3.74
3.93 3.74
3.93 3.74
3.93 3.74
4.11 3.74
4.11 3.74
4.11 3.74
4.29 3.74
4.29 3.74
4.29 3.74
4.47 3.74
4.47 3.74
4.47 3.74
5.20 3.74
5.20 3.74
5.20 3.74
5.39 3.74
5.39 3.74
5.39 3.74
3.38 3.93
3.38 3.93
3.38 3.93
5.20 3.93
5.20 3.93
5.20 3.93
5.93 3.93
5.93 3.93
5.93 3.93
2.65 4.11
2.65 4.11
2.65 4.11
3.01 4.11
3.01 4.11
3.01 4.11
4.84 4.11
4.84 4.11
4.84 4.11
5.02 4.11
5.02 4.11
5.02 4.11
5.57 4.11
5.57 4.11
5.57 4.11
5.75 4.11
5.75 4.11
5.75 4.11
5.93 4.11
5.93 4.11
5.93 4.11
6.12 4.11
6.12 4.11
6.12 4.11
3.01 4.29
3.01 4.29
3.01 4.29
3.20 4.29
3.20 4.29
3.20 4.29
5.02 4.29
5.02 4.29
5.02 4.29
5.20 4.29
5.20 4.29
5.20 4.29
5.39 4.29
5.39 4.29
5.39 4.29
4.84 4.47
4.84 4.47
4.84 4.47
5.39 4.47
5.39 4.47
5.39 4.47
5.75 4.47
5.75 4.47
5.75 4.47
5.93 4.47
5.93 4.47
5.93 4.47
6.12 4.47
6.12 4.47
6.12 4.47
4.84 4.66
4.84 4.66
4.84 4.66
5.57 4.66
5.57 4.66
5.57 4.66
3.56 4.84
3.56 4.84
3.56 4.84
3.74 4.84
3.74 4.84
3.74 4.84
4.29 4.84
4.29 4.84
4.29 4.84
4.47 4.84
4.47 4.84
4.47 4.84
4.84 4.84
4.84 4.84
4.84 4.84
5.02 4.84
5.02 4.84
5.02 4.84
5.20 4.84
5.20 4.84
5.20 4.84
5.93 4.84
5.93 4.84
5.93 4.84
6.12 4.84
6.12 4.84
6.12 4.84
4.47 5.02
4.47 5.02
4.47 5.02
4.84 5.02
4.84 5.02
4.84 5.02
5.39 5.02
5.39 5.02
5.39 5.02
5.57 5.02
5.57 5.02
5.57 5.02
5.75 5.02
5.75 5.02
5.75 5.02
5.93 5.02
5.93 5.02
5.93 5.02
4.11 5.20
4.11 5.20
4.11 5.20
4.47 5.20
4.47 5.20
4.47 5.20
5.20 5.20
5.20 5.20
5.20 5.20
5.39 5.20
5.39 5.20
5.39 5.20
5.57 5.20
5.57 5.20
5.57 5.20
5.75 5.20
5.75 5.20
5.75 5.20
5.93 5.20
5.93 5.20
5.93 5.20
4.11 5.39
4.11 5.39
4.11 5.39
4.29 5.39
4.29 5.39
4.29 5.39
4.84 5.39
4.84 5.39
4.84 5.39
5.20 5.39
5.20 5.39
5.20 5.39
5.39 5.39
5.39 5.39
5.39 5.39
5.57 5.39
5.57 5.39
5.57 5.39
6.66 5.39
6.66 5.39
6.66 5.39
4.84 5.57
4.84 5.57
4.84 5.57
5.20 5.57
5.20 5.57
5.20 5.57
5.39 5.57
5.39 5.57
5.39 5.57
4.47 5.75
4.47 5.75
4.47 5.75
4.84 5.75
4.84 5.75
4.84 5.75
5.02 5.75
5.02 5.75
5.02 5.75
6.30 5.75
6.30 5.75
6.30 5.75
6.48 5.75
6.48 5.75
6.48 5.75
6.66 5.75
6.66 5.75
6.66 5.75
6.85 5.75
6.85 5.75
6.85 5.75
7.03 5.75
7.03 5.75
7.03 5.75
4.11 5.93
4.11 5.93
4.11 5.93
4.47 5.93
4.47 5.93
4.47 5.93
4.66 5.93
4.66 5.93
4.66 5.93
5.93 5.93
5.93 5.93
5.93 5.93
6.12 5.93
6.12 5.93
6.12 5.93
6.30 5.93
6.30 5.93
6.30 5.93
6.48 5.93
6.48 5.93
6.48 5.93
7.21 5.93
7.21 5.93
7.21 5.93
7.39 5.93
7.39 5.93
7.39 5.93
4.66 6.12
4.66 6.12
4.66 6.12
4.84 6.12
4.84 6.12
4.84 6.12
5.02 6.12
5.02 6.12
5.02 6.12
5.20 6.12
5.20 6.12
5.20 6.12
5.39 6.12
5.39 6.12
5.39 6.12
5.57 6.12
5.57 6.12
5.57 6.12
5.75 6.12
5.75 6.12
5.75 6.12
5.93 6.12
5.93 6.12
5.93 6.12
6.66 6.12
6.66 6.12
6.66 6.12
6.85 6.12
6.85 6.12
6.85 6.12
7.39 6.12
7.39 6.12
7.39 6.12
5.20 6.30
5.20 6.30
5.20 6.30
5.39 6.30
5.39 6.30
5.39 6.30
5.57 6.30
5.57 6.30
5.57 6.30
7.03 6.30
7.03 6.30
7.03 6.30
7.21 6.30
7.21 6.30
7.21 6.30
5.02 6.48
5.02 6.48
5.02 6.48
5.20 6.48
5.20 6.48
5.20 6.48
5.39 6.48
5.39 6.48
5.39 6.48
6.66 6.48
6.66 6.48
6.66 6.48
7.21 6.48
7.21 6.48
7.21 6.48
7.39 6.48
7.39 6.48
7.39 6.48
7.94 6.48
7.94 6.48
7.94 6.48
4.84 6.66
4.84 6.66
4.84 6.66
5.75 6.66
5.75 6.66
5.75 6.66
6.30 6.66
6.30 6.66
6.30 6.66
6.66 6.66
6.66 6.66
6.66 6.66
6.85 6.66
6.85 6.66
6.85 6.66
7.94 6.66
7.94 6.66
7.94 6.66
5.93 6.85
5.93 6.85
5.93 6.85
6.12 6.85
6.12 6.85
6.12 6.85
6.48 6.85
6.48 6.85
6.48 6.85
5.57 7.03
5.57 7.03
5.57 7.03
5.75 7.03
5.75 7.03
5.75 7.03
5.93 7.03
5.93 7.03
5.93 7.03
6.48 7.03
6.48 7.03
6.48 7.03
8.31 7.03
8.31 7.03
8.31 7.03
8.49 7.03
8.49 7.03
8.49 7.03
6.12 7.21
6.12 7.21
6.12 7.21
6.30 7.21
6.30 7.21
6.30 7.21
6.48 7.21
6.48 7.21
6.48 7.21
6.66 7.21
6.66 7.21
6.66 7.21
6.85 7.21
6.85 7.21
6.85 7.21
7.03 7.21
7.03 7.21
7.03 7.21
7.21 7.21
7.21 7.21
7.21 7.21
8.12 7.21
8.12 7.21
8.12 7.21
8.31 7.21
8.31 7.21
8.31 7.21
9.22 7.21
9.22 7.21
9.22 7.21
9.40 7.21
9.40 7.21
9.40 7.21
5.75 7.39
5.75 7.39
5.75 7.39
5.93 7.39
5.93 7.39
5.93 7.39
6.30 7.39
6.30 7.39
6.30 7.39
6.66 7.39
6.66 7.39
6.66 7.39
6.85 7.39
6.85 7.39
6.85 7.39
7.94 7.39
7.94 7.39
7.94 7.39
8.31 7.39
8.31 7.39
8.31 7.39
8.49 7.39
8.49 7.39
8.49 7.39
8.67 7.39
8.67 7.39
8.67 7.39
9.40 7.39
9.40 7.39
9.40 7.39
6.12 7.58
6.12 7.58
6.12 7.58
6.48 7.58
6.48 7.58
6.48 7.58
6.66 7.58
6.66 7.58
6.66 7.58
7.76 7.58
7.76 7.58
7.76 7.58
7.94 7.58
7.94 7.58
7.94 7.58
8.12 7.58
8.12 7.58
8.12 7.58
8.31 7.58
8.31 7.58
8.31 7.58
9.04 7.58
9.04 7.58
9.04 7.58
9.40 7.58
9.40 7.58
9.40 7.58
6.12 7.76
6.12 7.76
6.12 7.76
6.30 7.76
6.30 7.76
6.30 7.76
6.48 7.76
6.48 7.76
6.48 7.76
6.66 7.76
6.66 7.76
6.66 7.76
6.85 7.76
6.85 7.76
6.85 7.76
7.03 7.76
7.03 7.76
7.03 7.76
7.76 7.76
7.76 7.76
7.76 7.76
7.94 7.76
7.94 7.76
7.94 7.76
8.31 7.76
8.31 7.76
8.31 7.76
8.49 7.76
8.49 7.76
8.49 7.76
9.04 7.76
9.04 7.76
9.04 7.76
9.40 7.76
9.40 7.76
9.40 7.76
6.12 7.94
6.12 7.94
6.12 7.94
6.30 7.94
6.30 7.94
6.30 7.94
6.48 7.94
6.48 7.94
6.48 7.94
6.66 7.94
6.66 7.94
6.66 7.94
6.85 7.94
6.85 7.94
6.85 7.94
7.03 7.94
7.03 7.94
7.03 7.94
8.31 7.94
8.31 7.94
8.31 7.94
8.67 7.94
8.67 7.94
8.67 7.94
9.04 7.94
9.04 7.94
9.04 7.94
9.40 7.94
9.40 7.94
9.40 7.94
6.66 8.12
6.66 8.12
6.66 8.12
8.12 8.12
8.12 8.12
8.12 8.12
9.22 8.12
9.22 8.12
9.22 8.12
9.40 8.12
9.40 8.12
9.40 8.12
6.48 8.31
6.48 8.31
6.48 8.31
7.21 8.31
7.21 8.31
7.21 8.31
7.39 8.31
7.39 8.31
7.39 8.31
7.76 8.31
7.76 8.31
7.76 8.31
7.94 8.31
7.94 8.31
7.94 8.31
8.12 8.31
8.12 8.31
8.12 8.31
8.31 8.31
8.31 8.31
8.31 8.31
6.85 8.49
6.85 8.49
6.85 8.49
7.94 8.49
7.94 8.49
7.94 8.49
8.12 8.49
8.12 8.49
8.12 8.49
8.31 8.49
8.31 8.49
8.31 8.49
8.49 8.49
8.49 8.49
8.49 8.49
8.67 8.49
8.67 8.49
8.67 8.49
9.95 8.49
9.95 8.49
9.95 8.49
7.21 8.67
7.21 8.67
7.21 8.67
7.39 8.67
7.39 8.67
7.39 8.67
7.58 8.67
7.58 8.67
7.58 8.67
7.76 8.67
7.76 8.67
7.76 8.67
9.22 8.67
9.22 8.67
9.22 8.67
9.40 8.67
9.40 8.67
9.40 8.67
9.59 8.67
9.59 8.67
9.59 8.67
9.77 8.67
9.77 8.67
9.77 8.67
6.85 8.85
6.85 8.85
6.85 8.85
9.22 8.85
9.22 8.85
9.22 8.85
9.40 8.85
9.40 8.85
9.40 8.85
9.77 8.85
9.77 8.85
9.77 8.85
9.95 8.85
9.95 8.85
9.95 8.85
7.58 9.04
7.58 9.04
7.58 9.04
9.40 9.04
9.40 9.04
9.40 9.04
9.59 9.04
9.59 9.04
9.59 9.04
9.77 9.04
9.77 9.04
9.77 9.04
7.58 9.22
7.58 9.22
7.58 9.22
7.94 9.22
7.94 9.22
7.94 9.22
8.12 9.22
8.12 9.22
8.12 9.22
8.31 9.22
8.31 9.22
8.31 9.22
9.04 9.22
9.04 9.22
9.04 9.22
9.22 9.22
9.22 9.22
9.22 9.22
9.40 9.22
9.40 9.22
9.40 9.22
9.59 9.22
9.59 9.22
9.59 9.22
10.50 9.22
10.50 9.22
10.50 9.22
10.68 9.22
10.68 9.22
10.68 9.22
7.58 9.40
7.58 9.40
7.58 9.40
7.76 9.40
7.76 9.40
7.76 9.40
8.12 9.40
8.12 9.40
8.12 9.40
8.31 9.40
8.31 9.40
8.31 9.40
8.49 9.40
8.49 9.40
8.49 9.40
8.67 9.40
8.67 9.40
8.67 9.40
8.85 9.40
8.85 9.40
8.85 9.40
9.04 9.40
9.04 9.40
9.04 9.40
9.22 9.40
9.22 9.40
9.22 9.40
9.40 9.40
9.40 9.40
9.40 9.40
9.59 9.40
9.59 9.40
9.59 9.40
10.32 9.40
10.32 9.40
10.32 9.40
10.68 9.40
10.68 9.40
10.68 9.40
7.76 9.59
7.76 9.59
7.76 9.59
8.12 9.59
8.12 9.59
8.12 9.59
8.31 9.59
8.31 9.59
8.31 9.59
8.49 9.59
8.49 9.59
8.49 9.59
8.67 9.59
8.67 9.59
8.67 9.59
8.85 9.59
8.85 9.59
8.85 9.59
9.04 9.59
9.04 9.59
9.04 9.59
9.22 9.59
9.22 9.59
9.22 9.59
9.40 9.59
9.40 9.59
9.40 9.59
9.77 9.59
9.77 9.59
9.77 9.59
9.95 9.59
9.95 9.59
9.95 9.59
7.58 9.77
7.58 9.77
7.58 9.77
7.76 9.77
7.76 9.77
7.76 9.77
8.12 9.77
8.12 9.77
8.12 9.77
8.31 9.77
8.31 9.77
8.31 9.77
8.49 9.77
8.49 9.77
8.49 9.77
8.67 9.77
8.67 9.77
8.67 9.77
8.85 9.77
8.85 9.77
8.85 9.77
9.04 9.77
9.04 9.77
9.04 9.77
9.22 9.77
9.22 9.77
9.22 9.77
9.40 9.77
9.40 9.77
9.40 9.77
9.59 9.77
9.59 9.77
9.59 9.77
9.77 9.77
9.77 9.77
9.77 9.77
7.94 9.95
7.94 9.95
7.94 9.95
8.12 9.95
8.12 9.95
8.12 9.95
8.31 9.95
8.31 9.95
8.31 9.95
8.49 9.95
8.49 9.95
8.49 9.95
8.67 9.95
8.67 9.95
8.67 9.95
8.85 9.95
8.85 9.95
8.85 9.95
9.04 9.95
9.04 9.95
9.04 9.95
9.22 9.95
9.22 9.95
9.22 9.95
9.40 9.95
9.40 9.95
9.40 9.95
10.32 9.95
10.32 9.95
10.32 9.95
7.58 10.13
7.58 10.13
7.58 10.13
8.31 10.13
8.31 10.13
8.31 10.13
8.49 10.13
8.49 10.13
8.49 10.13
8.67 10.13
8.67 10.13
8.67 10.13
8.85 10.13
8.85 10.13
8.85 10.13
9.04 10.13
9.04 10.13
9.04 10.13
9.22 10.13
9.22 10.13
9.22 10.13
9.40 10.13
9.40 10.13
9.40 10.13
9.59 10.13
9.59 10.13
9.59 10.13
9.95 10.13
9.95 10.13
9.95 10.13
10.86 10.13
10.86 10.13
10.86 10.13
8.12 10.32
8.12 10.32
8.12 10.32
8.31 10.32
8.31 10.32
8.31 10.32
8.49 10.32
8.49 10.32
8.49 10.32
8.67 10.32
8.67 10.32
8.67 10.32
8.85 10.32
8.85 10.32
8.85 10.32
9.95 10.32
9.95 10.32
9.95 10.32
10.32 10.32
10.32 10.32
10.32 10.32
11.05 10.32
11.05 10.32
11.05 10.32
8.12 10.50
8.12 10.50
8.12 10.50
8.31 10.50
8.31 10.50
8.31 10.50
8.49 10.50
8.49 10.50
8.49 10.50
8.67 10.50
8.67 10.50
8.67 10.50
10.68 10.50
10.68 10.50
10.68 10.50
10.86 10.50
10.86 10.50
10.86 10.50
11.23 10.50
11.23 10.50
11.23 10.50
8.12 10.68
8.12 10.68
8.12 10.68
8.31 10.68
8.31 10.68
8.31 10.68
8.49 10.68
8.49 10.68
8.49 10.68
10.86 10.68
10.86 10.68
10.86 10.68
8.12 10.86
8.12 10.86
8.12 10.86
8.31 10.86
8.31 10.86
8.31 10.86
9.22 10.86
9.22 10.86
9.22 10.86
9.40 10.86
9.40 10.86
9.40 10.86
11.23 10.86
11.23 10.86
11.23 10.86
8.31 11.05
8.31 11.05
8.31 11.05
8.49 11.05
8.49 11.05
8.49 11.05
9.04 11.05
9.04 11.05
9.04 11.05
9.22 11.05
9.22 11.05
9.22 11.05
10.32 11.05
10.32 11.05
10.32 11.05
10.86 11.05
10.86 11.05
10.86 11.05
11.41 11.05
11.41 11.05
11.41 11.05
11.78 11.05
11.78 11.05
11.78 11.05
8.12 11.23
8.12 11.23
8.12 11.23
8.49 11.23
8.49 11.23
8.49 11.23
8.67 11.23
8.67 11.23
8.67 11.23
8.85 11.23
8.85 11.23
8.85 11.23
9.40 11.23
9.40 11.23
9.40 11.23
9.59 11.23
9.59 11.23
9.59 11.23
10.32 11.23
10.32 11.23
10.32 11.23
10.86 11.23
10.86 11.23
10.86 11.23
11.78 11.23
11.78 11.23
11.78 11.23
8.12 11.41
8.12 11.41
8.12 11.41
8.49 11.41
8.49 11.41
8.49 11.41
9.04 11.41
9.04 11.41
9.04 11.41
9.77 11.41
9.77 11.41
9.77 11.41
9.95 11.41
9.95 11.41
9.95 11.41
10.68 11.41
10.68 11.41
10.68 11.41
11.41 11.41
11.41 11.41
11.41 11.41
11.59 11.41
11.59 11.41
11.59 11.41
11.78 11.41
11.78 11.41
11.78 11.41
11.96 11.41
11.96 11.41
11.96 11.41
12.14 11.41
12.14 11.41
12.14 11.41
12.51 11.41
12.51 11.41
12.51 11.41
8.12 11.59
8.12 11.59
8.12 11.59
9.22 11.59
9.22 11.59
9.22 11.59
9.40 11.59
9.40 11.59
9.40 11.59
9.77 11.59
9.77 11.59
9.77 11.59
9.95 11.59
9.95 11.59
9.95 11.59
10.13 11.59
10.13 11.59
10.13 11.59
10.50 11.59
10.50 11.59
10.50 11.59
11.23 11.59
11.23 11.59
11.23 11.59
11.41 11.59
11.41 11.59
11.41 11.59
12.14 11.59
12.14 11.59
12.14 11.59
12.32 11.59
12.32 11.59
12.32 11.59
8.85 11.78
8.85 11.78
8.85 11.78
9.22 11.78
9.22 11.78
9.22 11.78
9.59 11.78
9.59 11.78
9.59 11.78
9.77 11.78
9.77 11.78
9.77 11.78
9.95 11.78
9.95 11.78
9.95 11.78
10.13 11.78
10.13 11.78
10.13 11.78
10.86 11.78
10.86 11.78
10.86 11.78
11.23 11.78
11.23 11.78
11.23 11.78
11.41 11.78
11.41 11.78
11.41 11.78
9.22 11.96
9.22 11.96
9.22 11.96
9.40 11.96
9.40 11.96
9.40 11.96
10.13 11.96
10.13 11.96
10.13 11.96
10.32 11.96
10.32 11.96
10.32 11.96
10.86 11.96
10.86 11.96
10.86 11.96
11.78 11.96
11.78 11.96
11.78 11.96
11.96 11.96
11.96 11.96
11.96 11.96
12.14 11.96
12.14 11.96
12.14 11.96
12.32 11.96
12.32 11.96
12.32 11.96
12.51 11.96
12.51 11.96
12.51 11.96
13.05 11.96
13.05 11.96
13.05 11.96
9.40 12.14
9.40 12.14
9.40 12.14
9.59 12.14
9.59 12.14
9.59 12.14
9.77 12.14
9.77 12.14
9.77 12.14
9.95 12.14
9.95 12.14
9.95 12.14
10.13 12.14
10.13 12.14
10.13 12.14
10.32 12.14
10.32 12.14
10.32 12.14
10.50 12.14
10.50 12.14
10.50 12.14
11.05 12.14
11.05 12.14
11.05 12.14
12.51 12.14
12.51 12.14
12.51 12.14
12.87 12.14
12.87 12.14
12.87 12.14
9.59 12.32
9.59 12.32
9.59 12.32
9.77 12.32
9.77 12.32
9.77 12.32
10.50 12.32
10.50 12.32
10.50 12.32
10.68 12.32
10.68 12.32
10.68 12.32
11.59 12.32
11.59 12.32
11.59 12.32
11.78 12.32
11.78 12.32
11.78 12.32
11.96 12.32
11.96 12.32
11.96 12.32
12.14 12.32
12.14 12.32
12.14 12.32
12.87 12.32
12.87 12.32
12.87 12.32
13.24 12.32
13.24 12.32
13.24 12.32
9.95 12.51
9.95 12.51
9.95 12.51
10.13 12.51
10.13 12.51
10.13 12.51
10.68 12.51
10.68 12.51
10.68 12.51
11.05 12.51
11.05 12.51
11.05 12.51
11.23 12.51
11.23 12.51
11.23 12.51
11.41 12.51
11.41 12.51
11.41 12.51
11.59 12.51
11.59 12.51
11.59 12.51
11.78 12.51
11.78 12.51
11.78 12.51
11.96 12.51
11.96 12.51
11.96 12.51
12.14 12.51
12.14 12.51
12.14 12.51
13.05 12.51
13.05 12.51
13.05 12.51
13.24 12.51
13.24 12.51
13.24 12.51
13.42 12.51
13.42 12.51
13.42 12.51
13.60 12.51
13.60 12.51
13.60 12.51
13.78 12.51
13.78 12.51
13.78 12.51
10.13 12.69
10.13 12.69
10.13 12.69
10.32 12.69
10.32 12.69
10.32 12.69
10.86 12.69
10.86 12.69
10.86 12.69
11.41 12.69
11.41 12.69
11.41 12.69
11.59 12.69
11.59 12.69
11.59 12.69
11.78 12.69
11.78 12.69
11.78 12.69
11.96 12.69
11.96 12.69
11.96 12.69
12.14 12.69
12.14 12.69
12.14 12.69
12.32 12.69
12.32 12.69
12.32 12.69
12.51 12.69
12.51 12.69
12.51 12.69
12.69 12.69
12.69 12.69
12.69 12.69
12.87 12.69
12.87 12.69
12.87 12.69
13.05 12.69
13.05 12.69
13.05 12.69
13.24 12.69
13.24 12.69
13.24 12.69
13.42 12.69
13.42 12.69
13.42 12.69
13.60 12.69
13.60 12.69
13.60 12.69
13.78 12.69
13.78 12.69
13.78 12.69
10.32 12.87
10.32 12.87
10.32 12.87
10.86 12.87
10.86 12.87
10.86 12.87
12.14 12.87
12.14 12.87
12.14 12.87
12.32 12.87
12.32 12.87
12.32 12.87
12.51 12.87
12.51 12.87
12.51 12.87
12.69 12.87
12.69 12.87
12.69 12.87
12.87 12.87
12.87 12.87
12.87 12.87
13.05 12.87
13.05 12.87
13.05 12.87
13.24 12.87
13.24 12.87
13.24 12.87
13.42 12.87
13.42 12.87
13.42 12.87
13.60 12.87
13.60 12.87
13.60 12.87
13.78 12.87
13.78 12.87
13.78 12.87
10.32 13.05
10.32 13.05
10.32 13.05
10.50 13.05
10.50 13.05
10.50 13.05
10.68 13.05
10.68 13.05
10.68 13.05
12.32 13.05
12.32 13.05
12.32 13.05
13.05 13.05
13.05 13.05
13.05 13.05
13.24 13.05
13.24 13.05
13.24 13.05
13.42 13.05
13.42 13.05
13.42 13.05
10.86 13.24
10.86 13.24
10.86 13.24
11.05 13.24
11.05 13.24
11.05 13.24
11.23 13.24
11.23 13.24
11.23 13.24
11.41 13.24
11.41 13.24
11.41 13.24
11.59 13.24
11.59 13.24
11.59 13.24
11.78 13.24
11.78 13.24
11.78 13.24
11.96 13.24
11.96 13.24
11.96 13.24
13.05 13.24
13.05 13.24
13.05 13.24
13.24 13.24
13.24 13.24
13.24 13.24
13.42 13.24
13.42 13.24
13.42 13.24
12.69 13.42
12.69 13.42
12.69 13.42
12.87 13.42
12.87 13.42
12.87 13.42
13.05 13.42
13.05 13.42
13.05 13.42
13.24 13.42
13.24 13.42
13.24 13.42
13.42 13.42
13.42 13.42
13.42 13.42
10.86 13.60
10.86 13.60
10.86 13.60
12.51 13.60
12.51 13.60
12.51 13.60
12.69 13.60
12.69 13.60
12.69 13.60
12.87 13.60
12.87 13.60
12.87 13.60
13.60 13.60
13.60 13.60
13.60 13.60
13.78 13.60
13.78 13.60
13.78 13.60
14.33 13.60
14.33 13.60
14.33 13.60
14.51 13.60
14.51 13.60
14.51 13.60
11.05 13.78
11.05 13.78
11.05 13.78
12.14 13.78
12.14 13.78
12.14 13.78
12.32 13.78
12.32 13.78
12.32 13.78
13.60 13.78
13.60 13.78
13.60 13.78
13.78 13.78
13.78 13.78
13.78 13.78
13.97 13.78
13.97 13.78
13.97 13.78
11.41 13.97
11.41 13.97
11.41 13.97
11.59 13.97
11.59 13.97
11.59 13.97
11.78 13.97
11.78 13.97
11.78 13.97
12.14 13.97
12.14 13.97
12.14 13.97
12.32 13.97
12.32 13.97
12.32 13.97
12.51 13.97
12.51 13.97
12.51 13.97
13.24 13.97
13.24 13.97
13.24 13.97
13.42 13.97
13.42 13.97
13.42 13.97
13.60 13.97
13.60 13.97
13.60 13.97
13.78 13.97
13.78 13.97
13.78 13.97
13.97 13.97
13.97 13.97
13.97 13.97
11.41 14.15
11.41 14.15
11.41 14.15
11.59 14.15
11.59 14.15
11.59 14.15
11.78 14.15
11.78 14.15
11.78 14.15
12.32 14.15
12.32 14.15
12.32 14.15
13.24 14.15
13.24 14.15
13.24 14.15
13.42 14.15
13.42 14.15
13.42 14.15
13.60 14.15
13.60 14.15
13.60 14.15
14.33 14.15
14.33 14.15
14.33 14.15
11.41 14.33
11.41 14.33
11.41 14.33
11.96 14.33
11.96 14.33
11.96 14.33
12.14 14.33
12.14 14.33
12.14 14.33
13.24 14.33
13.24 14.33
13.24 14.33
13.42 14.33
13.42 14.33
13.42 14.33
13.60 14.33
13.60 14.33
13.60 14.33
14.15 14.33
14.15 14.33
14.15 14.33
11.41 14.51
11.41 14.51
11.41 14.51
12.32 14.51
12.32 14.51
12.32 14.51
13.05 14.51
13.05 14.51
13.05 14.51
13.24 14.51
13.24 14.51
13.24 14.51
13.42 14.51
13.42 14.51
13.42 14.51
13.60 14.51
13.60 14.51
13.60 14.51
14.51 14.51
14.51 14.51
14.51 14.51
14.70 14.51
14.70 14.51
14.70 14.51
12.51 14.70
12.51 14.70
12.51 14.70
12.69 14.70
12.69 14.70
12.69 14.70
12.87 14.70
12.87 14.70
12.87 14.70
13.05 14.70
13.05 14.70
13.05 14.70
14.15 14.70
14.15 14.70
14.15 14.70
14.70 14.70
14.70 14.70
14.70 14.70
14.88 14.70
14.88 14.70
14.88 14.70
12.14 14.88
12.14 14.88
12.14 14.88
12.51 14.88
12.51 14.88
12.51 14.88
12.69 14.88
12.69 14.88
12.69 14.88
13.97 14.88
13.97 14.88
13.97 14.88
14.15 14.88
14.15 14.88
14.15 14.88
14.33 14.88
14.33 14.88
14.33 14.88
14.51 14.88
14.51 14.88
14.51 14.88
14.70 14.88
14.70 14.88
14.70 14.88
12.51 15.06
12.51 15.06
12.51 15.06
12.69 15.06
12.69 15.06
12.69 15.06
13.78 15.06
13.78 15.06
13.78 15.06
13.97 15.06
13.97 15.06
13.97 15.06
14.88 15.06
14.88 15.06
14.88 15.06
15.06 15.06
15.06 15.06
15.06 15.06
12.32 15.25
12.32 15.25
12.32 15.25
12.51 15.25
12.51 15.25
12.51 15.25
12.69 15.25
12.69 15.25
12.69 15.25
13.78 15.25
13.78 15.25
13.78 15.25
13.97 15.25
13.97 15.25
13.97 15.25
15.06 15.25
15.06 15.25
15.06 15.25
15.61 15.25
15.61 15.25
15.61 15.25
15.79 15.25
15.79 15.25
15.79 15.25
12.87 15.43
12.87 15.43
12.87 15.43
13.05 15.43
13.05 15.43
13.05 15.43
13.42 15.43
13.42 15.43
13.42 15.43
15.25 15.43
15.25 15.43
15.25 15.43
15.61 15.43
15.61 15.43
15.61 15.43
12.69 15.61
12.69 15.61
12.69 15.61
12.87 15.61
12.87 15.61
12.87 15.61
13.24 15.61
13.24 15.61
13.24 15.61
13.60 15.61
13.60 15.61
13.60 15.61
13.78 15.61
13.78 15.61
13.78 15.61
13.97 15.61
13.97 15.61
13.97 15.61
14.15 15.61
14.15 15.61
14.15 15.61
14.33 15.61
14.33 15.61
14.33 15.61
14.88 15.61
14.88 15.61
14.88 15.61
15.06 15.61
15.06 15.61
15.06 15.61
15.25 15.61
15.25 15.61
15.25 15.61
15.43 15.61
15.43 15.61
15.43 15.61
12.87 15.79
12.87 15.79
12.87 15.79
13.24 15.79
13.24 15.79
13.24 15.79
13.60 15.79
13.60 15.79
13.60 15.79
13.97 15.79
13.97 15.79
13.97 15.79
14.15 15.79
14.15 15.79
14.15 15.79
14.33 15.79
14.33 15.79
14.33 15.79
15.06 15.79
15.06 15.79
15.06 15.79
15.25 15.79
15.25 15.79
15.25 15.79
15.61 15.79
15.61 15.79
15.61 15.79
15.79 15.79
15.79 15.79
15.79 15.79
12.87 15.98
12.87 15.98
12.87 15.98
13.05 15.98
13.05 15.98
13.05 15.98
13.24 15.98
13.24 15.98
13.24 15.98
13.60 15.98
13.60 15.98
13.60 15.98
15.43 15.98
15.43 15.98
15.43 15.98
12.69 16.16
12.69 16.16
12.69 16.16
13.78 16.16
13.78 16.16
13.78 16.16
13.97 16.16
13.97 16.16
13.97 16.16
14.15 16.16
14.15 16.16
14.15 16.16
14.33 16.16
14.33 16.16
14.33 16.16
14.51 16.16
14.51 16.16
14.51 16.16
14.70 16.16
14.70 16.16
14.70 16.16
14.88 16.16
14.88 16.16
14.88 16.16
15.43 16.16
15.43 16.16
15.43 16.16
12.87 16.34
12.87 16.34
12.87 16.34
13.42 16.34
13.42 16.34
13.42 16.34
13.97 16.34
13.97 16.34
13.97 16.34
14.15 16.34
14.15 16.34
14.15 16.34
14.33 16.34
14.33 16.34
14.33 16.34
14.51 16.34
14.51 16.34
14.51 16.34
14.70 16.34
14.70 16.34
14.70 16.34
14.88 16.34
14.88 16.34
14.88 16.34
15.06 16.34
15.06 16.34
15.06 16.34
15.25 16.34
15.25 16.34
15.25 16.34
15.79 16.34
15.79 16.34
15.79 16.34
16.34 16.34
16.34 16.34
16.34 16.34
13.42 16.52
13.42 16.52
13.42 16.52
13.78 16.52
13.78 16.52
13.78 16.52
13.97 16.52
13.97 16.52
13.97 16.52
14.15 16.52
14.15 16.52
14.15 16.52
14.33 16.52
14.33 16.52
14.33 16.52
15.43 16.52
15.43 16.52
15.43 16.52
15.61 16.52
15.61 16.52
15.61 16.52
16.16 16.52
16.16 16.52
16.16 16.52
16.89 16.52
16.89 16.52
16.89 16.52
13.97 16.71
13.97 16.71
13.97 16.71
14.15 16.71
14.15 16.71
14.15 16.71
15.06 16.71
15.06 16.71
15.06 16.71
15.25 16.71
15.25 16.71
15.25 16.71
15.43 16.71
15.43 16.71
15.43 16.71
15.98 16.71
15.98 16.71
15.98 16.71
16.34 16.71
16.34 16.71
16.34 16.71
16.71 16.71
16.71 16.71
16.71 16.71
16.89 16.71
16.89 16.71
16.89 16.71
17.07 16.71
17.07 16.71
17.07 16.71
13.97 16.89
13.97 16.89
13.97 16.89
14.15 16.89
14.15 16.89
14.15 16.89
15.06 16.89
15.06 16.89
15.06 16.89
15.43 16.89
15.43 16.89
15.43 16.89
15.61 16.89
15.61 16.89
15.61 16.89
15.79 16.89
15.79 16.89
15.79 16.89
15.98 16.89
15.98 16.89
15.98 16.89
16.16 16.89
16.16 16.89
16.16 16.89
16.52 16.89
16.52 16.89
16.52 16.89
16.71 16.89
16.71 16.89
16.71 16.89
16.89 16.89
16.89 16.89
16.89 16.89
14.15 17.07
14.15 17.07
14.15 17.07
14.88 17.07
14.88 17.07
14.88 17.07
15.06 17.07
15.06 17.07
15.06 17.07
15.25 17.07
15.25 17.07
15.25 17.07
13.97 17.25
13.97 17.25
13.97 17.25
14.33 17.25
14.33 17.25
14.33 17.25
14.51 17.25
14.51 17.25
14.51 17.25
14.70 17.25
14.70 17.25
14.70 17.25
16.71 17.25
16.71 17.25
16.71 17.25
17.07 17.25
17.07 17.25
17.07 17.25
13.97 17.44
13.97 17.44
13.97 17.44
14.33 17.44
14.33 17.44
14.33 17.44
14.51 17.44
14.51 17.44
14.51 17.44
14.70 17.44
14.70 17.44
14.70 17.44
14.88 17.44
14.88 17.44
14.88 17.44
15.25 17.44
15.25 17.44
15.25 17.44
15.61 17.44
15.61 17.44
15.61 17.44
15.79 17.44
15.79 17.44
15.79 17.44
15.98 17.44
15.98 17.44
15.98 17.44
16.16 17.44
16.16 17.44
16.16 17.44
16.34 17.44
16.34 17.44
16.34 17.44
16.52 17.44
16.52 17.44
16.52 17.44
16.71 17.44
16.71 17.44
16.71 17.44
17.07 17.44
17.07 17.44
17.07 17.44
14.15 17.62
14.15 17.62
14.15 17.62
14.33 17.62
14.33 17.62
14.33 17.62
14.88 17.62
14.88 17.62
14.88 17.62
15.43 17.62
15.43 17.62
15.43 17.62
15.61 17.62
15.61 17.62
15.61 17.62
15.79 17.62
15.79 17.62
15.79 17.62
15.98 17.62
15.98 17.62
15.98 17.62
16.16 17.62
16.16 17.62
16.16 17.62
16.89 17.62
16.89 17.62
16.89 17.62
17.07 17.62
17.07 17.62
17.07 17.62
13.97 17.80
13.97 17.80
13.97 17.80
14.70 17.80
14.70 17.80
14.70 17.80
15.25 17.80
15.25 17.80
15.25 17.80
15.79 17.80
15.79 17.80
15.79 17.80
14.70 17.98
14.70 17.98
14.70 17.98
15.79 17.98
15.79 17.98
15.79 17.98
15.98 17.98
15.98 17.98
15.98 17.98
16.89 17.98
16.89 17.98
16.89 17.98
15.06 18.17
15.06 18.17
15.06 18.17
15.25 18.17
15.25 18.17
15.25 18.17
15.61 18.17
15.61 18.17
15.61 18.17
15.79 18.17
15.79 18.17
15.79 18.17
15.98 18.17
15.98 18.17
15.98 18.17
16.16 18.17
16.16 18.17
16.16 18.17
16.34 18.17
16.34 18.17
16.34 18.17
16.52 18.17
16.52 18.17
16.52 18.17
16.71 18.17
16.71 18.17
16.71 18.17
17.07 18.17
17.07 18.17
17.07 18.17
14.70 18.35
14.70 18.35
14.70 18.35
15.06 18.35
15.06 18.35
15.06 18.35
15.25 18.35
15.25 18.35
15.25 18.35
15.61 18.35
15.61 18.35
15.61 18.35
15.79 18.35
15.79 18.35
15.79 18.35
15.98 18.35
15.98 18.35
15.98 18.35
16.16 18.35
16.16 18.35
16.16 18.35
16.34 18.35
16.34 18.35
16.34 18.35
16.52 18.35
16.52 18.35
16.52 18.35
16.71 18.35
16.71 18.35
16.71 18.35
16.89 18.35
16.89 18.35
16.89 18.35
17.44 18.35
17.44 18.35
17.44 18.35
14.70 18.53
14.70 18.53
14.70 18.53
14.88 18.53
14.88 18.53
14.88 18.53
15.79 18.53
15.79 18.53
15.79 18.53
15.98 18.53
15.98 18.53
15.98 18.53
16.16 18.53
16.16 18.53
16.16 18.53
16.34 18.53
16.34 18.53
16.34 18.53
16.52 18.53
16.52 18.53
16.52 18.53
17.07 18.53
17.07 18.53
17.07 18.53
17.25 18.53
17.25 18.53
17.25 18.53
17.44 18.53
17.44 18.53
17.44 18.53
15.98 18.71
15.98 18.71
15.98 18.71
16.16 18.71
16.16 18.71
16.16 18.71
16.34 18.71
16.34 18.71
16.34 18.71
16.52 18.71
16.52 18.71
16.52 18.71
16.71 18.71
16.71 18.71
16.71 18.71
16.89 18.71
16.89 18.71
16.89 18.71
17.62 18.71
17.62 18.71
17.62 18.71
15.43 18.90
15.43 18.90
15.43 18.90
16.52 18.90
16.52 18.90
16.52 18.90
16.71 18.90
16.71 18.90
16.71 18.90
16.89 18.90
16.89 18.90
16.89 18.90
17.44 18.90
17.44 18.90
17.44 18.90
15.25 19.08
15.25 19.08
15.25 19.08
16.52 19.08
16.52 19.08
16.52 19.08
16.71 19.08
16.71 19.08
16.71 19.08
16.89 19.08
16.89 19.08
16.89 19.08
17.07 19.08
17.07 19.08
17.07 19.08
17.25 19.08
17.25 19.08
17.25 19.08
17.44 19.08
17.44 19.08
17.44 19.08
18.17 19.08
18.17 19.08
18.17 19.08
15.25 19.26
15.25 19.26
15.25 19.26
16.89 19.26
16.89 19.26
16.89 19.26
17.07 19.26
17.07 19.26
17.07 19.26
17.62 19.26
17.62 19.26
17.62 19.26
17.80 19.26
17.80 19.26
17.80 19.26
17.98 19.26
17.98 19.26
17.98 19.26
18.35 19.26
18.35 19.26
18.35 19.26
15.98 19.44
15.98 19.44
15.98 19.44
16.16 19.44
16.16 19.44
16.16 19.44
16.34 19.44
16.34 19.44
16.34 19.44
17.07 19.44
17.07 19.44
17.07 19.44
17.80 19.44
17.80 19.44
17.80 19.44
17.98 19.44
17.98 19.44
17.98 19.44
18.17 19.44
18.17 19.44
18.17 19.44
18.35 19.44
18.35 19.44
18.35 19.44
15.25 19.63
15.25 19.63
15.25 19.63
17.07 19.63
17.07 19.63
17.07 19.63
18.35 19.63
18.35 19.63
18.35 19.63
16.16 19.81
16.16 19.81
16.16 19.81
16.34 19.81
16.34 19.81
16.34 19.81
16.89 19.81
16.89 19.81
16.89 19.81
17.07 19.81
17.07 19.81
17.07 19.81
15.25 19.99
15.25 19.99
15.25 19.99
15.61 19.99
15.61 19.99
15.61 19.99
15.79 19.99
15.79 19.99
15.79 19.99
16.52 19.99
16.52 19.99
16.52 19.99
16.71 19.99
16.71 19.99
16.71 19.99
15.25 20.17
15.25 20.17
15.25 20.17
15.61 20.17
15.61 20.17
15.61 20.17
15.79 20.17
15.79 20.17
15.79 20.17
15.98 20.17
15.98 20.17
15.98 20.17
16.16 20.17
16.16 20.17
16.16 20.17
16.52 20.17
16.52 20.17
16.52 20.17
15.25 20.36
15.25 20.36
15.25 20.36
15.43 20.36
15.43 20.36
15.43 20.36
16.16 20.36
16.16 20.36
16.16 20.36
16.52 20.36
16.52 20.36
16.52 20.36
16.71 20.36
16.71 20.36
16.71 20.36
17.25 20.36
17.25 20.36
17.25 20.36
18.35 20.36
18.35 20.36
18.35 20.36
15.43 20.54
15.43 20.54
15.43 20.54
15.79 20.54
15.79 20.54
15.79 20.54
15.98 20.54
15.98 20.54
15.98 20.54
16.16 20.54
16.16 20.54
16.16 20.54
16.89 20.54
16.89 20.54
16.89 20.54
17.07 20.54
17.07 20.54
17.07 20.54
17.25 20.54
17.25 20.54
17.25 20.54
17.44 20.54
17.44 20.54
17.44 20.54
18.17 20.54
18.17 20.54
18.17 20.54
18.35 20.54
18.35 20.54
18.35 20.54
16.16 20.72
16.16 20.72
16.16 20.72
16.34 20.72
16.34 20.72
16.34 20.72
16.52 20.72
16.52 20.72
16.52 20.72
16.89 20.72
16.89 20.72
16.89 20.72
17.07 20.72
17.07 20.72
17.07 20.72
17.25 20.72
17.25 20.72
17.25 20.72
17.98 20.72
17.98 20.72
17.98 20.72
18.17 20.72
18.17 20.72
18.17 20.72
18.35 20.72
18.35 20.72
18.35 20.72
16.71 20.91
16.71 20.91
16.71 20.91
16.52 21.09
16.52 21.09
16.52 21.09
17.62 21.27
17.62 21.27
17.62 21.27
17.25 21.45
17.25 21.45
17.25 21.45
17.44 21.45
17.44 21.45
17.44 21.45
17.80 21.45
17.80 21.45
17.80 21.45
17.98 21.45
17.98 21.45
17.98 21.45
18.17 21.45
18.17 21.45
18.17 21.45
16.52 21.64
16.52 21.64
16.52 21.64
16.71 21.64
16.71 21.64
16.71 21.64
16.89 21.64
16.89 21.64
16.89 21.64
17.25 21.64
17.25 21.64
17.25 21.64
16.71 21.82
16.71 21.82
16.71 21.82
17.07 21.82
17.07 21.82
17.07 21.82
17.62 21.82
17.62 21.82
17.62 21.82
16.71 22.00
16.71 22.00
16.71 22.00
17.07 22.00
17.07 22.00
17.07 22.00
16.89 22.18
16.89 22.18
16.89 22.18
17.07 22.18
17.07 22.18
17.07 22.18
16.52 22.37
16.52 22.37
16.52 22.37
16.52 22.73
16.52 22.73
16.52 22.73
