0.64 -31.86
0.64 -31.86
0.64 -31.86
0.82 -31.68
0.82 -31.68
0.82 -31.68
1.00 -31.68
1.00 -31.68
1.00 -31.68
0.09 -31.13
0.09 -31.13
0.09 -31.13
0.27 -31.13
0.27 -31.13
0.27 -31.13
-0.09 -30.76
-0.09 -30.76
-0.09 -30.76
0.09 -30.76
0.09 -30.76
0.09 -30.76
0.27 -30.76
0.27 -30.76
0.27 -30.76
0.46 -30.76
0.46 -30.76
0.46 -30.76
-0.09 -30.58
-0.09 -30.58
-0.09 -30.58
0.09 -30.58
0.09 -30.58
0.09 -30.58
-0.09 -30.40
-0.09 -30.40
-0.09 -30.40
0.46 -30.40
0.46 -30.40
0.46 -30.40
-0.64 -30.22
-0.64 -30.22
-0.64 -30.22
-0.46 -30.22
-0.46 -30.22
-0.46 -30.22
-0.27 -30.22
-0.27 -30.22
-0.27 -30.22
-0.09 -30.22
-0.09 -30.22
-0.09 -30.22
0.09 -30.22
0.09 -30.22
0.09 -30.22
0.46 -30.22
0.46 -30.22
0.46 -30.22
-0.27 -30.03
-0.27 -30.03
-0.27 -30.03
-0.09 -30.03
-0.09 -30.03
-0.09 -30.03
0.09 -30.03
0.09 -30.03
0.09 -30.03
0.46 -30.03
0.46 -30.03
0.46 -30.03
0.09 -29.85
0.09 -29.85
0.09 -29.85
-0.64 -29.67
-0.64 -29.67
-0.64 -29.67
-0.46 -29.67
-0.46 -29.67
-0.46 -29.67
-0.27 -29.67
-0.27 -29.67
-0.27 -29.67
-0.09 -29.49
-0.09 -29.49
-0.09 -29.49
0.27 -29.49
0.27 -29.49
0.27 -29.49
0.46 -29.49
0.46 -29.49
0.46 -29.49
-0.64 -29.30
-0.64 -29.30
-0.64 -29.30
-0.46 -29.12
-0.46 -29.12
-0.46 -29.12
-0.64 -28.57
-0.64 -28.57
-0.64 -28.57
-0.27 -28.57
-0.27 -28.57
-0.27 -28.57
-0.64 -28.39
-0.64 -28.39
-0.64 -28.39
-0.27 -28.39
-0.27 -28.39
-0.27 -28.39
-0.27 -28.21
-0.27 -28.21
-0.27 -28.21
-0.64 -28.03
-0.64 -28.03
-0.64 -28.03
-0.46 -28.03
-0.46 -28.03
-0.46 -28.03
-0.46 -27.84
-0.46 -27.84
-0.46 -27.84
-0.64 -27.66
-0.64 -27.66
-0.64 -27.66
-0.46 -27.66
-0.46 -27.66
-0.46 -27.66
-0.27 -27.66
-0.27 -27.66
-0.27 -27.66
-0.27 2.83
-0.27 2.83
-0.27 2.83
0.64 3.20
0.64 3.20
0.64 3.20
0.82 3.20
0.82 3.20
0.82 3.20
1.00 3.20
1.00 3.20
1.00 3.20
0.46 3.38
0.46 3.38
0.46 3.38
1.37 3.38
1.37 3.38
1.37 3.38
1.55 3.38
1.55 3.38
1.55 3.38
1.19 3.56
1.19 3.56
1.19 3.56
1.73 3.56
1.73 3.56
1.73 3.56
1.55 3.74
1.55 3.74
1.55 3.74
4.11 3.74
4.11 3.74
4.11 3.74
1.19 3.93
1.19 3.93
1.19 3.93
1.37 3.93
1.37 3.93
1.37 3.93
2.10 3.93
2.10 3.93
2.10 3.93
4.29 3.93
4.29 3.93
4.29 3.93
1.92 4.11
1.92 4.11
1.92 4.11
2.28 4.11
2.28 4.11
2.28 4.11
4.11 4.11
4.11 4.11
4.11 4.11
4.29 4.11
4.29 4.11
4.29 4.11
2.10 4.29
2.10 4.29
2.10 4.29
3.74 4.29
3.74 4.29
3.74 4.29
3.93 4.29
3.93 4.29
3.93 4.29
4.47 4.29
4.47 4.29
4.47 4.29
4.66 4.29
4.66 4.29
4.66 4.29
4.84 4.29
4.84 4.29
4.84 4.29
5.02 4.29
5.02 4.29
5.02 4.29
2.46 4.47
2.46 4.47
2.46 4.47
2.65 4.47
2.65 4.47
2.65 4.47
4.11 4.47
4.11 4.47
4.11 4.47
4.29 4.47
4.29 4.47
4.29 4.47
2.65 4.66
2.65 4.66
2.65 4.66
2.83 4.66
2.83 4.66
2.83 4.66
3.20 4.66
3.20 4.66
3.20 4.66
3.74 4.66
3.74 4.66
3.74 4.66
2.46 4.84
2.46 4.84
2.46 4.84
2.83 4.84
2.83 4.84
2.83 4.84
3.20 4.84
3.20 4.84
3.20 4.84
5.20 4.84
5.20 4.84
5.20 4.84
5.57 4.84
5.57 4.84
5.57 4.84
3.38 5.02
3.38 5.02
3.38 5.02
3.56 5.02
3.56 5.02
3.56 5.02
5.20 5.02
5.20 5.02
5.20 5.02
5.57 5.02
5.57 5.02
5.57 5.02
3.74 5.20
3.74 5.20
3.74 5.20
5.39 5.20
5.39 5.20
5.39 5.20
3.20 5.39
3.20 5.39
3.20 5.39
3.56 5.39
3.56 5.39
3.56 5.39
5.75 5.39
5.75 5.39
5.75 5.39
6.12 5.57
6.12 5.57
6.12 5.57
6.30 5.57
6.30 5.57
6.30 5.57
4.11 5.75
4.11 5.75
4.11 5.75
4.29 5.75
4.29 5.75
4.29 5.75
5.75 5.75
5.75 5.75
5.75 5.75
6.12 5.75
6.12 5.75
6.12 5.75
6.30 5.75
6.30 5.75
6.30 5.75
7.03 5.75
7.03 5.75
7.03 5.75
4.29 5.93
4.29 5.93
4.29 5.93
5.39 5.93
5.39 5.93
5.39 5.93
6.48 5.93
6.48 5.93
6.48 5.93
6.66 5.93
6.66 5.93
6.66 5.93
7.03 5.93
7.03 5.93
7.03 5.93
3.93 6.12
3.93 6.12
3.93 6.12
4.11 6.12
4.11 6.12
4.11 6.12
4.29 6.12
4.29 6.12
4.29 6.12
5.02 6.12
5.02 6.12
5.02 6.12
6.66 6.12
6.66 6.12
6.66 6.12
7.03 6.12
7.03 6.12
7.03 6.12
3.93 6.30
3.93 6.30
3.93 6.30
4.47 6.30
4.47 6.30
4.47 6.30
4.66 6.30
4.66 6.30
4.66 6.30
6.48 6.30
6.48 6.30
6.48 6.30
4.84 6.48
4.84 6.48
4.84 6.48
5.93 6.48
5.93 6.48
5.93 6.48
6.12 6.48
6.12 6.48
6.12 6.48
6.30 6.48
6.30 6.48
6.30 6.48
6.66 6.48
6.66 6.48
6.66 6.48
7.39 6.48
7.39 6.48
7.39 6.48
7.58 6.48
7.58 6.48
7.58 6.48
5.20 6.66
5.20 6.66
5.20 6.66
5.93 6.66
5.93 6.66
5.93 6.66
6.12 6.66
6.12 6.66
6.12 6.66
6.48 6.66
6.48 6.66
6.48 6.66
6.85 6.66
6.85 6.66
6.85 6.66
7.03 6.66
7.03 6.66
7.03 6.66
7.39 6.66
7.39 6.66
7.39 6.66
4.47 6.85
4.47 6.85
4.47 6.85
4.84 6.85
4.84 6.85
4.84 6.85
5.57 6.85
5.57 6.85
5.57 6.85
5.75 6.85
5.75 6.85
5.75 6.85
5.93 6.85
5.93 6.85
5.93 6.85
6.12 6.85
6.12 6.85
6.12 6.85
6.66 6.85
6.66 6.85
6.66 6.85
7.03 6.85
7.03 6.85
7.03 6.85
7.21 6.85
7.21 6.85
7.21 6.85
7.58 6.85
7.58 6.85
7.58 6.85
4.47 7.03
4.47 7.03
4.47 7.03
4.84 7.03
4.84 7.03
4.84 7.03
5.02 7.03
5.02 7.03
5.02 7.03
5.20 7.03
5.20 7.03
5.20 7.03
5.39 7.03
5.39 7.03
5.39 7.03
6.30 7.03
6.30 7.03
6.30 7.03
6.48 7.03
6.48 7.03
6.48 7.03
6.85 7.03
6.85 7.03
6.85 7.03
7.21 7.03
7.21 7.03
7.21 7.03
7.39 7.03
7.39 7.03
7.39 7.03
7.58 7.03
7.58 7.03
7.58 7.03
7.76 7.03
7.76 7.03
7.76 7.03
8.12 7.03
8.12 7.03
8.12 7.03
8.31 7.03
8.31 7.03
8.31 7.03
4.66 7.21
4.66 7.21
4.66 7.21
4.84 7.21
4.84 7.21
4.84 7.21
5.20 7.21
5.20 7.21
5.20 7.21
5.75 7.21
5.75 7.21
5.75 7.21
5.93 7.21
5.93 7.21
5.93 7.21
6.30 7.21
6.30 7.21
6.30 7.21
6.85 7.21
6.85 7.21
6.85 7.21
7.03 7.21
7.03 7.21
7.03 7.21
7.94 7.21
7.94 7.21
7.94 7.21
5.57 7.39
5.57 7.39
5.57 7.39
5.93 7.39
5.93 7.39
5.93 7.39
6.30 7.39
6.30 7.39
6.30 7.39
7.76 7.39
7.76 7.39
7.76 7.39
8.12 7.39
8.12 7.39
8.12 7.39
5.39 7.58
5.39 7.58
5.39 7.58
5.57 7.58
5.57 7.58
5.57 7.58
5.93 7.58
5.93 7.58
5.93 7.58
6.12 7.58
6.12 7.58
6.12 7.58
6.30 7.58
6.30 7.58
6.30 7.58
7.76 7.58
7.76 7.58
7.76 7.58
8.31 7.58
8.31 7.58
8.31 7.58
5.20 7.76
5.20 7.76
5.20 7.76
5.75 7.76
5.75 7.76
5.75 7.76
7.94 7.76
7.94 7.76
7.94 7.76
8.12 7.76
8.12 7.76
8.12 7.76
8.31 7.76
8.31 7.76
8.31 7.76
8.67 7.76
8.67 7.76
8.67 7.76
8.85 7.76
8.85 7.76
8.85 7.76
9.04 7.76
9.04 7.76
9.04 7.76
5.93 7.94
5.93 7.94
5.93 7.94
7.21 7.94
7.21 7.94
7.21 7.94
7.76 7.94
7.76 7.94
7.76 7.94
7.94 7.94
7.94 7.94
7.94 7.94
8.12 7.94
8.12 7.94
8.12 7.94
8.49 7.94
8.49 7.94
8.49 7.94
8.67 7.94
8.67 7.94
8.67 7.94
9.04 7.94
9.04 7.94
9.04 7.94
5.93 8.12
5.93 8.12
5.93 8.12
7.21 8.12
7.21 8.12
7.21 8.12
7.39 8.12
7.39 8.12
7.39 8.12
7.58 8.12
7.58 8.12
7.58 8.12
7.76 8.12
7.76 8.12
7.76 8.12
7.94 8.12
7.94 8.12
7.94 8.12
8.12 8.12
8.12 8.12
8.12 8.12
8.85 8.12
8.85 8.12
8.85 8.12
6.30 8.31
6.30 8.31
6.30 8.31
6.48 8.31
6.48 8.31
6.48 8.31
6.66 8.31
6.66 8.31
6.66 8.31
6.85 8.31
6.85 8.31
6.85 8.31
7.03 8.31
7.03 8.31
7.03 8.31
7.21 8.31
7.21 8.31
7.21 8.31
7.39 8.31
7.39 8.31
7.39 8.31
7.58 8.31
7.58 8.31
7.58 8.31
7.76 8.31
7.76 8.31
7.76 8.31
7.94 8.31
7.94 8.31
7.94 8.31
8.12 8.31
8.12 8.31
8.12 8.31
8.31 8.31
8.31 8.31
8.31 8.31
9.04 8.31
9.04 8.31
9.04 8.31
9.22 8.31
9.22 8.31
9.22 8.31
5.75 8.49
5.75 8.49
5.75 8.49
6.30 8.49
6.30 8.49
6.30 8.49
6.66 8.49
6.66 8.49
6.66 8.49
6.85 8.49
6.85 8.49
6.85 8.49
7.03 8.49
7.03 8.49
7.03 8.49
8.49 8.49
8.49 8.49
8.49 8.49
9.04 8.49
9.04 8.49
9.04 8.49
9.22 8.49
9.22 8.49
9.22 8.49
9.40 8.49
9.40 8.49
9.40 8.49
6.48 8.67
6.48 8.67
6.48 8.67
6.66 8.67
6.66 8.67
6.66 8.67
6.85 8.67
6.85 8.67
6.85 8.67
8.12 8.67
8.12 8.67
8.12 8.67
9.04 8.67
9.04 8.67
9.04 8.67
9.59 8.67
9.59 8.67
9.59 8.67
6.66 8.85
6.66 8.85
6.66 8.85
6.85 8.85
6.85 8.85
6.85 8.85
8.31 8.85
8.31 8.85
8.31 8.85
8.49 8.85
8.49 8.85
8.49 8.85
9.22 8.85
9.22 8.85
9.22 8.85
9.40 8.85
9.40 8.85
9.40 8.85
9.95 8.85
9.95 8.85
9.95 8.85
10.32 8.85
10.32 8.85
10.32 8.85
6.48 9.04
6.48 9.04
6.48 9.04
8.49 9.04
8.49 9.04
8.49 9.04
8.67 9.04
8.67 9.04
8.67 9.04
8.85 9.04
8.85 9.04
8.85 9.04
8.12 9.22
8.12 9.22
8.12 9.22
8.31 9.22
8.31 9.22
8.31 9.22
8.85 9.22
8.85 9.22
8.85 9.22
9.04 9.22
9.04 9.22
9.04 9.22
9.22 9.22
9.22 9.22
9.22 9.22
9.40 9.22
9.40 9.22
9.40 9.22
10.13 9.22
10.13 9.22
10.13 9.22
6.48 9.40
6.48 9.40
6.48 9.40
6.66 9.40
6.66 9.40
6.66 9.40
6.85 9.40
6.85 9.40
6.85 9.40
8.49 9.40
8.49 9.40
8.49 9.40
8.67 9.40
8.67 9.40
8.67 9.40
8.85 9.40
8.85 9.40
8.85 9.40
9.04 9.40
9.04 9.40
9.04 9.40
9.59 9.40
9.59 9.40
9.59 9.40
9.95 9.40
9.95 9.40
9.95 9.40
10.32 9.40
10.32 9.40
10.32 9.40
7.39 9.59
7.39 9.59
7.39 9.59
7.58 9.59
7.58 9.59
7.58 9.59
7.76 9.59
7.76 9.59
7.76 9.59
7.94 9.59
7.94 9.59
7.94 9.59
8.12 9.59
8.12 9.59
8.12 9.59
8.85 9.59
8.85 9.59
8.85 9.59
9.04 9.59
9.04 9.59
9.04 9.59
9.22 9.59
9.22 9.59
9.22 9.59
9.59 9.59
9.59 9.59
9.59 9.59
9.95 9.59
9.95 9.59
9.95 9.59
10.13 9.59
10.13 9.59
10.13 9.59
7.76 9.77
7.76 9.77
7.76 9.77
8.31 9.77
8.31 9.77
8.31 9.77
8.49 9.77
8.49 9.77
8.49 9.77
8.67 9.77
8.67 9.77
8.67 9.77
9.40 9.77
9.40 9.77
9.40 9.77
9.59 9.77
9.59 9.77
9.59 9.77
10.13 9.77
10.13 9.77
10.13 9.77
10.32 9.77
10.32 9.77
10.32 9.77
7.21 9.95
7.21 9.95
7.21 9.95
7.76 9.95
7.76 9.95
7.76 9.95
8.12 9.95
8.12 9.95
8.12 9.95
8.67 9.95
8.67 9.95
8.67 9.95
8.85 9.95
8.85 9.95
8.85 9.95
9.04 9.95
9.04 9.95
9.04 9.95
9.22 9.95
9.22 9.95
9.22 9.95
9.59 9.95
9.59 9.95
9.59 9.95
9.77 9.95
9.77 9.95
9.77 9.95
9.95 9.95
9.95 9.95
9.95 9.95
10.32 9.95
10.32 9.95
10.32 9.95
10.86 9.95
10.86 9.95
10.86 9.95
7.76 10.13
7.76 10.13
7.76 10.13
7.94 10.13
7.94 10.13
7.94 10.13
8.12 10.13
8.12 10.13
8.12 10.13
8.49 10.13
8.49 10.13
8.49 10.13
8.67 10.13
8.67 10.13
8.67 10.13
9.40 10.13
9.40 10.13
9.40 10.13
9.77 10.13
9.77 10.13
9.77 10.13
9.95 10.13
9.95 10.13
9.95 10.13
10.68 10.13
10.68 10.13
10.68 10.13
10.86 10.13
10.86 10.13
10.86 10.13
7.94 10.32
7.94 10.32
7.94 10.32
8.12 10.32
8.12 10.32
8.12 10.32
8.49 10.32
8.49 10.32
8.49 10.32
8.67 10.32
8.67 10.32
8.67 10.32
9.40 10.32
9.40 10.32
9.40 10.32
7.76 10.50
7.76 10.50
7.76 10.50
8.12 10.50
8.12 10.50
8.12 10.50
8.31 10.50
8.31 10.50
8.31 10.50
9.04 10.50
9.04 10.50
9.04 10.50
10.68 10.50
10.68 10.50
10.68 10.50
10.86 10.50
10.86 10.50
10.86 10.50
11.05 10.50
11.05 10.50
11.05 10.50
11.59 10.50
11.59 10.50
11.59 10.50
7.76 10.68
7.76 10.68
7.76 10.68
7.94 10.68
7.94 10.68
7.94 10.68
8.31 10.68
8.31 10.68
8.31 10.68
8.85 10.68
8.85 10.68
8.85 10.68
11.59 10.68
11.59 10.68
11.59 10.68
7.94 10.86
7.94 10.86
7.94 10.86
8.12 10.86
8.12 10.86
8.12 10.86
8.49 10.86
8.49 10.86
8.49 10.86
8.67 10.86
8.67 10.86
8.67 10.86
9.04 10.86
9.04 10.86
9.04 10.86
10.13 10.86
10.13 10.86
10.13 10.86
10.50 10.86
10.50 10.86
10.50 10.86
11.41 10.86
11.41 10.86
11.41 10.86
7.76 11.05
7.76 11.05
7.76 11.05
8.12 11.05
8.12 11.05
8.12 11.05
8.31 11.05
8.31 11.05
8.31 11.05
8.49 11.05
8.49 11.05
8.49 11.05
8.85 11.05
8.85 11.05
8.85 11.05
9.04 11.05
9.04 11.05
9.04 11.05
9.22 11.05
9.22 11.05
9.22 11.05
9.59 11.05
9.59 11.05
9.59 11.05
9.77 11.05
9.77 11.05
9.77 11.05
10.13 11.05
10.13 11.05
10.13 11.05
10.32 11.05
10.32 11.05
10.32 11.05
11.05 11.05
11.05 11.05
11.05 11.05
11.41 11.05
11.41 11.05
11.41 11.05
8.67 11.23
8.67 11.23
8.67 11.23
8.85 11.23
8.85 11.23
8.85 11.23
9.22 11.23
9.22 11.23
9.22 11.23
9.40 11.23
9.40 11.23
9.40 11.23
9.59 11.23
9.59 11.23
9.59 11.23
10.32 11.23
10.32 11.23
10.32 11.23
10.50 11.23
10.50 11.23
10.50 11.23
10.68 11.23
10.68 11.23
10.68 11.23
11.41 11.23
11.41 11.23
11.41 11.23
11.59 11.23
11.59 11.23
11.59 11.23
7.94 11.41
7.94 11.41
7.94 11.41
9.22 11.41
9.22 11.41
9.22 11.41
9.59 11.41
9.59 11.41
9.59 11.41
9.77 11.41
9.77 11.41
9.77 11.41
9.95 11.41
9.95 11.41
9.95 11.41
10.13 11.41
10.13 11.41
10.13 11.41
10.50 11.41
10.50 11.41
10.50 11.41
10.68 11.41
10.68 11.41
10.68 11.41
11.05 11.41
11.05 11.41
11.05 11.41
11.96 11.41
11.96 11.41
11.96 11.41
12.14 11.41
12.14 11.41
12.14 11.41
8.67 11.59
8.67 11.59
8.67 11.59
8.85 11.59
8.85 11.59
8.85 11.59
9.04 11.59
9.04 11.59
9.04 11.59
9.22 11.59
9.22 11.59
9.22 11.59
9.95 11.59
9.95 11.59
9.95 11.59
10.13 11.59
10.13 11.59
10.13 11.59
10.68 11.59
10.68 11.59
10.68 11.59
11.05 11.59
11.05 11.59
11.05 11.59
11.59 11.59
11.59 11.59
11.59 11.59
11.78 11.59
11.78 11.59
11.78 11.59
11.96 11.59
11.96 11.59
11.96 11.59
8.49 11.78
8.49 11.78
8.49 11.78
9.40 11.78
9.40 11.78
9.40 11.78
10.13 11.78
10.13 11.78
10.13 11.78
11.05 11.78
11.05 11.78
11.05 11.78
12.69 11.78
12.69 11.78
12.69 11.78
9.04 11.96
9.04 11.96
9.04 11.96
9.59 11.96
9.59 11.96
9.59 11.96
9.77 11.96
9.77 11.96
9.77 11.96
10.32 11.96
10.32 11.96
10.32 11.96
10.50 11.96
10.50 11.96
10.50 11.96
11.23 11.96
11.23 11.96
11.23 11.96
11.41 11.96
11.41 11.96
11.41 11.96
11.59 11.96
11.59 11.96
11.59 11.96
9.22 12.14
9.22 12.14
9.22 12.14
9.40 12.14
9.40 12.14
9.40 12.14
9.77 12.14
9.77 12.14
9.77 12.14
9.95 12.14
9.95 12.14
9.95 12.14
10.32 12.14
10.32 12.14
10.32 12.14
10.50 12.14
10.50 12.14
10.50 12.14
12.14 12.14
12.14 12.14
12.14 12.14
12.32 12.14
12.32 12.14
12.32 12.14
12.51 12.14
12.51 12.14
12.51 12.14
12.69 12.14
12.69 12.14
12.69 12.14
9.95 12.32
9.95 12.32
9.95 12.32
10.50 12.32
10.50 12.32
10.50 12.32
10.86 12.32
10.86 12.32
10.86 12.32
11.23 12.32
11.23 12.32
11.23 12.32
11.78 12.32
11.78 12.32
11.78 12.32
13.05 12.32
13.05 12.32
13.05 12.32
9.95 12.51
9.95 12.51
9.95 12.51
10.32 12.51
10.32 12.51
10.32 12.51
10.86 12.51
10.86 12.51
10.86 12.51
11.23 12.51
11.23 12.51
11.23 12.51
11.41 12.51
11.41 12.51
11.41 12.51
12.69 12.51
12.69 12.51
12.69 12.51
13.05 12.51
13.05 12.51
13.05 12.51
10.50 12.69
10.50 12.69
10.50 12.69
10.86 12.69
10.86 12.69
10.86 12.69
13.24 12.69
13.24 12.69
13.24 12.69
13.42 12.69
13.42 12.69
13.42 12.69
10.13 12.87
10.13 12.87
10.13 12.87
10.32 12.87
10.32 12.87
10.32 12.87
12.32 12.87
12.32 12.87
12.32 12.87
12.51 12.87
12.51 12.87
12.51 12.87
13.24 12.87
13.24 12.87
13.24 12.87
9.77 13.05
9.77 13.05
9.77 13.05
10.68 13.05
10.68 13.05
10.68 13.05
10.86 13.05
10.86 13.05
10.86 13.05
11.96 13.05
11.96 13.05
11.96 13.05
12.87 13.05
12.87 13.05
12.87 13.05
13.24 13.05
13.24 13.05
13.24 13.05
10.32 13.24
10.32 13.24
10.32 13.24
10.50 13.24
10.50 13.24
10.50 13.24
10.68 13.24
10.68 13.24
10.68 13.24
11.23 13.24
11.23 13.24
11.23 13.24
11.59 13.24
11.59 13.24
11.59 13.24
11.78 13.24
11.78 13.24
11.78 13.24
12.14 13.24
12.14 13.24
12.14 13.24
12.32 13.24
12.32 13.24
12.32 13.24
12.87 13.24
12.87 13.24
12.87 13.24
13.05 13.24
13.05 13.24
13.05 13.24
13.42 13.24
13.42 13.24
13.42 13.24
11.23 13.42
11.23 13.42
11.23 13.42
12.32 13.42
12.32 13.42
12.32 13.42
10.50 13.60
10.50 13.60
10.50 13.60
11.41 13.60
11.41 13.60
11.41 13.60
11.59 13.60
11.59 13.60
11.59 13.60
11.78 13.60
11.78 13.60
11.78 13.60
11.96 13.60
11.96 13.60
11.96 13.60
12.32 13.60
12.32 13.60
12.32 13.60
13.05 13.60
13.05 13.60
13.05 13.60
13.24 13.60
13.24 13.60
13.24 13.60
13.42 13.60
13.42 13.60
13.42 13.60
10.50 13.78
10.50 13.78
10.50 13.78
10.86 13.78
10.86 13.78
10.86 13.78
11.05 13.78
11.05 13.78
11.05 13.78
11.23 13.78
11.23 13.78
11.23 13.78
12.14 13.78
12.14 13.78
12.14 13.78
12.32 13.78
12.32 13.78
12.32 13.78
12.51 13.78
12.51 13.78
12.51 13.78
12.69 13.78
12.69 13.78
12.69 13.78
12.87 13.78
12.87 13.78
12.87 13.78
13.05 13.78
13.05 13.78
13.05 13.78
13.42 13.78
13.42 13.78
13.42 13.78
13.78 13.78
13.78 13.78
13.78 13.78
13.97 13.78
13.97 13.78
13.97 13.78
10.68 13.97
10.68 13.97
10.68 13.97
10.86 13.97
10.86 13.97
10.86 13.97
11.23 13.97
11.23 13.97
11.23 13.97
11.96 13.97
11.96 13.97
11.96 13.97
12.14 13.97
12.14 13.97
12.14 13.97
12.69 13.97
12.69 13.97
12.69 13.97
12.87 13.97
12.87 13.97
12.87 13.97
13.24 13.97
13.24 13.97
13.24 13.97
13.42 13.97
13.42 13.97
13.42 13.97
13.78 13.97
13.78 13.97
13.78 13.97
11.05 14.15
11.05 14.15
11.05 14.15
11.59 14.15
11.59 14.15
11.59 14.15
12.32 14.15
12.32 14.15
12.32 14.15
12.51 14.15
12.51 14.15
12.51 14.15
12.69 14.15
12.69 14.15
12.69 14.15
13.05 14.15
13.05 14.15
13.05 14.15
13.60 14.15
13.60 14.15
13.60 14.15
11.59 14.33
11.59 14.33
11.59 14.33
11.78 14.33
11.78 14.33
11.78 14.33
11.96 14.33
11.96 14.33
11.96 14.33
12.14 14.33
12.14 14.33
12.14 14.33
12.69 14.33
12.69 14.33
12.69 14.33
13.05 14.33
13.05 14.33
13.05 14.33
13.60 14.33
13.60 14.33
13.60 14.33
14.15 14.33
14.15 14.33
14.15 14.33
11.41 14.51
11.41 14.51
11.41 14.51
11.59 14.51
11.59 14.51
11.59 14.51
12.14 14.51
12.14 14.51
12.14 14.51
12.32 14.51
12.32 14.51
12.32 14.51
12.51 14.51
12.51 14.51
12.51 14.51
12.69 14.51
12.69 14.51
12.69 14.51
14.15 14.51
14.15 14.51
14.15 14.51
14.70 14.51
14.70 14.51
14.70 14.51
14.88 14.51
14.88 14.51
14.88 14.51
11.78 14.70
11.78 14.70
11.78 14.70
12.14 14.70
12.14 14.70
12.14 14.70
12.87 14.70
12.87 14.70
12.87 14.70
13.05 14.70
13.05 14.70
13.05 14.70
13.24 14.70
13.24 14.70
13.24 14.70
13.78 14.70
13.78 14.70
13.78 14.70
14.33 14.70
14.33 14.70
14.33 14.70
14.51 14.70
14.51 14.70
14.51 14.70
14.88 14.70
14.88 14.70
14.88 14.70
11.78 14.88
11.78 14.88
11.78 14.88
11.96 14.88
11.96 14.88
11.96 14.88
12.32 14.88
12.32 14.88
12.32 14.88
12.51 14.88
12.51 14.88
12.51 14.88
12.69 14.88
12.69 14.88
12.69 14.88
13.60 14.88
13.60 14.88
13.60 14.88
14.15 14.88
14.15 14.88
14.15 14.88
14.33 14.88
14.33 14.88
14.33 14.88
14.70 14.88
14.70 14.88
14.70 14.88
14.88 14.88
14.88 14.88
14.88 14.88
15.25 14.88
15.25 14.88
15.25 14.88
11.96 15.06
11.96 15.06
11.96 15.06
12.32 15.06
12.32 15.06
12.32 15.06
14.51 15.06
14.51 15.06
14.51 15.06
14.70 15.06
14.70 15.06
14.70 15.06
12.51 15.25
12.51 15.25
12.51 15.25
12.69 15.25
12.69 15.25
12.69 15.25
14.33 15.25
14.33 15.25
14.33 15.25
15.06 15.25
15.06 15.25
15.06 15.25
12.32 15.43
12.32 15.43
12.32 15.43
12.51 15.43
12.51 15.43
12.51 15.43
12.69 15.43
12.69 15.43
12.69 15.43
12.87 15.43
12.87 15.43
12.87 15.43
14.88 15.43
14.88 15.43
14.88 15.43
15.06 15.43
15.06 15.43
15.06 15.43
12.87 15.61
12.87 15.61
12.87 15.61
13.42 15.61
13.42 15.61
13.42 15.61
14.33 15.61
14.33 15.61
14.33 15.61
15.06 15.61
15.06 15.61
15.06 15.61
15.25 15.61
15.25 15.61
15.25 15.61
15.43 15.61
15.43 15.61
15.43 15.61
13.60 15.79
13.60 15.79
13.60 15.79
13.97 15.79
13.97 15.79
13.97 15.79
14.15 15.79
14.15 15.79
14.15 15.79
14.70 15.79
14.70 15.79
14.70 15.79
15.25 15.79
15.25 15.79
15.25 15.79
13.05 15.98
13.05 15.98
13.05 15.98
13.60 15.98
13.60 15.98
13.60 15.98
14.51 15.98
14.51 15.98
14.51 15.98
14.70 15.98
14.70 15.98
14.70 15.98
14.88 15.98
14.88 15.98
14.88 15.98
15.25 15.98
15.25 15.98
15.25 15.98
15.43 15.98
15.43 15.98
15.43 15.98
13.42 16.16
13.42 16.16
13.42 16.16
13.60 16.16
13.60 16.16
13.60 16.16
15.06 16.16
15.06 16.16
15.06 16.16
15.25 16.16
15.25 16.16
15.25 16.16
15.43 16.16
15.43 16.16
15.43 16.16
15.61 16.16
15.61 16.16
15.61 16.16
15.98 16.16
15.98 16.16
15.98 16.16
13.05 16.34
13.05 16.34
13.05 16.34
13.24 16.34
13.24 16.34
13.24 16.34
13.78 16.34
13.78 16.34
13.78 16.34
14.15 16.34
14.15 16.34
14.15 16.34
14.33 16.34
14.33 16.34
14.33 16.34
15.06 16.34
15.06 16.34
15.06 16.34
15.25 16.34
15.25 16.34
15.25 16.34
15.61 16.34
15.61 16.34
15.61 16.34
16.16 16.34
16.16 16.34
16.16 16.34
13.24 16.52
13.24 16.52
13.24 16.52
13.42 16.52
13.42 16.52
13.42 16.52
14.70 16.52
14.70 16.52
14.70 16.52
14.88 16.52
14.88 16.52
14.88 16.52
15.06 16.52
15.06 16.52
15.06 16.52
15.43 16.52
15.43 16.52
15.43 16.52
13.05 16.71
13.05 16.71
13.05 16.71
13.42 16.71
13.42 16.71
13.42 16.71
13.60 16.71
13.60 16.71
13.60 16.71
14.88 16.71
14.88 16.71
14.88 16.71
15.06 16.71
15.06 16.71
15.06 16.71
15.25 16.71
15.25 16.71
15.25 16.71
15.43 16.71
15.43 16.71
15.43 16.71
15.61 16.71
15.61 16.71
15.61 16.71
15.79 16.71
15.79 16.71
15.79 16.71
15.98 16.71
15.98 16.71
15.98 16.71
16.34 16.71
16.34 16.71
16.34 16.71
16.52 16.71
16.52 16.71
16.52 16.71
16.71 16.71
16.71 16.71
16.71 16.71
14.51 16.89
14.51 16.89
14.51 16.89
14.70 16.89
14.70 16.89
14.70 16.89
14.88 16.89
14.88 16.89
14.88 16.89
15.25 16.89
15.25 16.89
15.25 16.89
15.61 16.89
15.61 16.89
15.61 16.89
15.79 16.89
15.79 16.89
15.79 16.89
15.98 16.89
15.98 16.89
15.98 16.89
16.16 16.89
16.16 16.89
16.16 16.89
16.52 16.89
16.52 16.89
16.52 16.89
13.78 17.07
13.78 17.07
13.78 17.07
13.97 17.07
13.97 17.07
13.97 17.07
14.15 17.07
14.15 17.07
14.15 17.07
14.33 17.07
14.33 17.07
14.33 17.07
15.06 17.07
15.06 17.07
15.06 17.07
15.61 17.07
15.61 17.07
15.61 17.07
15.98 17.07
15.98 17.07
15.98 17.07
16.34 17.07
16.34 17.07
16.34 17.07
16.52 17.07
16.52 17.07
16.52 17.07
16.71 17.07
16.71 17.07
16.71 17.07
16.89 17.07
16.89 17.07
16.89 17.07
17.07 17.07
17.07 17.07
17.07 17.07
17.25 17.07
17.25 17.07
17.25 17.07
13.97 17.25
13.97 17.25
13.97 17.25
14.33 17.25
14.33 17.25
14.33 17.25
14.51 17.25
14.51 17.25
14.51 17.25
14.70 17.25
14.70 17.25
14.70 17.25
15.25 17.25
15.25 17.25
15.25 17.25
15.43 17.25
15.43 17.25
15.43 17.25
15.98 17.25
15.98 17.25
15.98 17.25
16.34 17.25
16.34 17.25
16.34 17.25
13.60 17.44
13.60 17.44
13.60 17.44
13.78 17.44
13.78 17.44
13.78 17.44
14.33 17.44
14.33 17.44
14.33 17.44
14.51 17.44
14.51 17.44
14.51 17.44
14.88 17.44
14.88 17.44
14.88 17.44
15.06 17.44
15.06 17.44
15.06 17.44
16.16 17.44
16.16 17.44
16.16 17.44
16.52 17.44
16.52 17.44
16.52 17.44
16.71 17.44
16.71 17.44
16.71 17.44
16.89 17.44
16.89 17.44
16.89 17.44
17.25 17.44
17.25 17.44
17.25 17.44
14.15 17.62
14.15 17.62
14.15 17.62
14.88 17.62
14.88 17.62
14.88 17.62
16.34 17.62
16.34 17.62
16.34 17.62
16.89 17.62
16.89 17.62
16.89 17.62
13.60 17.80
13.60 17.80
13.60 17.80
13.97 17.80
13.97 17.80
13.97 17.80
14.15 17.80
14.15 17.80
14.15 17.80
14.51 17.80
14.51 17.80
14.51 17.80
14.70 17.80
14.70 17.80
14.70 17.80
16.71 17.80
16.71 17.80
16.71 17.80
13.97 17.98
13.97 17.98
13.97 17.98
14.15 17.98
14.15 17.98
14.15 17.98
14.33 17.98
14.33 17.98
14.33 17.98
14.51 17.98
14.51 17.98
14.51 17.98
14.88 17.98
14.88 17.98
14.88 17.98
15.98 17.98
15.98 17.98
15.98 17.98
16.34 17.98
16.34 17.98
16.34 17.98
16.52 17.98
16.52 17.98
16.52 17.98
16.89 17.98
16.89 17.98
16.89 17.98
13.78 18.17
13.78 18.17
13.78 18.17
13.97 18.17
13.97 18.17
13.97 18.17
14.33 18.17
14.33 18.17
14.33 18.17
14.51 18.17
14.51 18.17
14.51 18.17
14.88 18.17
14.88 18.17
14.88 18.17
15.25 18.17
15.25 18.17
15.25 18.17
15.43 18.17
15.43 18.17
15.43 18.17
15.61 18.17
15.61 18.17
15.61 18.17
15.98 18.17
15.98 18.17
15.98 18.17
16.52 18.17
16.52 18.17
16.52 18.17
16.71 18.17
16.71 18.17
16.71 18.17
16.89 18.17
16.89 18.17
16.89 18.17
17.07 18.17
17.07 18.17
17.07 18.17
17.44 18.17
17.44 18.17
17.44 18.17
14.33 18.35
14.33 18.35
14.33 18.35
14.51 18.35
14.51 18.35
14.51 18.35
14.70 18.35
14.70 18.35
14.70 18.35
15.06 18.35
15.06 18.35
15.06 18.35
15.43 18.35
15.43 18.35
15.43 18.35
15.61 18.35
15.61 18.35
15.61 18.35
15.79 18.35
15.79 18.35
15.79 18.35
17.25 18.35
17.25 18.35
17.25 18.35
17.44 18.35
17.44 18.35
17.44 18.35
17.62 18.35
17.62 18.35
17.62 18.35
17.80 18.35
17.80 18.35
17.80 18.35
17.98 18.35
17.98 18.35
17.98 18.35
14.88 18.53
14.88 18.53
14.88 18.53
15.06 18.53
15.06 18.53
15.06 18.53
15.25 18.53
15.25 18.53
15.25 18.53
15.43 18.53
15.43 18.53
15.43 18.53
15.61 18.53
15.61 18.53
15.61 18.53
15.79 18.53
15.79 18.53
15.79 18.53
15.98 18.53
15.98 18.53
15.98 18.53
17.25 18.53
17.25 18.53
17.25 18.53
17.44 18.53
17.44 18.53
17.44 18.53
17.62 18.53
17.62 18.53
17.62 18.53
17.80 18.53
17.80 18.53
17.80 18.53
17.98 18.53
17.98 18.53
17.98 18.53
15.06 18.71
15.06 18.71
15.06 18.71
15.25 18.71
15.25 18.71
15.25 18.71
15.43 18.71
15.43 18.71
15.43 18.71
15.61 18.71
15.61 18.71
15.61 18.71
15.79 18.71
15.79 18.71
15.79 18.71
15.98 18.71
15.98 18.71
15.98 18.71
16.16 18.71
16.16 18.71
16.16 18.71
16.34 18.71
16.34 18.71
16.34 18.71
17.25 18.71
17.25 18.71
17.25 18.71
17.44 18.71
17.44 18.71
17.44 18.71
17.62 18.71
17.62 18.71
17.62 18.71
17.80 18.71
17.80 18.71
17.80 18.71
17.98 18.71
17.98 18.71
17.98 18.71
14.88 18.90
14.88 18.90
14.88 18.90
15.06 18.90
15.06 18.90
15.06 18.90
15.43 18.90
15.43 18.90
15.43 18.90
15.61 18.90
15.61 18.90
15.61 18.90
15.79 18.90
15.79 18.90
15.79 18.90
15.98 18.90
15.98 18.90
15.98 18.90
16.16 18.90
16.16 18.90
16.16 18.90
16.34 18.90
16.34 18.90
16.34 18.90
17.25 18.90
17.25 18.90
17.25 18.90
17.44 18.90
17.44 18.90
17.44 18.90
17.62 18.90
17.62 18.90
17.62 18.90
17.80 18.90
17.80 18.90
17.80 18.90
17.98 18.90
17.98 18.90
17.98 18.90
14.88 19.08
14.88 19.08
14.88 19.08
15.06 19.08
15.06 19.08
15.06 19.08
15.43 19.08
15.43 19.08
15.43 19.08
15.61 19.08
15.61 19.08
15.61 19.08
15.79 19.08
15.79 19.08
15.79 19.08
15.98 19.08
15.98 19.08
15.98 19.08
16.16 19.08
16.16 19.08
16.16 19.08
16.34 19.08
16.34 19.08
16.34 19.08
17.25 19.08
17.25 19.08
17.25 19.08
17.44 19.08
17.44 19.08
17.44 19.08
17.62 19.08
17.62 19.08
17.62 19.08
17.80 19.08
17.80 19.08
17.80 19.08
17.98 19.08
17.98 19.08
17.98 19.08
15.25 19.26
15.25 19.26
15.25 19.26
15.43 19.26
15.43 19.26
15.43 19.26
15.61 19.26
15.61 19.26
15.61 19.26
15.79 19.26
15.79 19.26
15.79 19.26
15.98 19.26
15.98 19.26
15.98 19.26
16.16 19.26
16.16 19.26
16.16 19.26
16.34 19.26
16.34 19.26
16.34 19.26
17.25 19.26
17.25 19.26
17.25 19.26
17.44 19.26
17.44 19.26
17.44 19.26
17.62 19.26
17.62 19.26
17.62 19.26
17.80 19.26
17.80 19.26
17.80 19.26
17.98 19.26
17.98 19.26
17.98 19.26
14.88 19.44
14.88 19.44
14.88 19.44
15.06 19.44
15.06 19.44
15.06 19.44
15.43 19.44
15.43 19.44
15.43 19.44
15.61 19.44
15.61 19.44
15.61 19.44
15.79 19.44
15.79 19.44
15.79 19.44
15.98 19.44
15.98 19.44
15.98 19.44
16.16 19.44
16.16 19.44
16.16 19.44
16.34 19.44
16.34 19.44
16.34 19.44
17.25 19.44
17.25 19.44
17.25 19.44
17.44 19.44
17.44 19.44
17.44 19.44
17.62 19.44
17.62 19.44
17.62 19.44
17.80 19.44
17.80 19.44
17.80 19.44
17.98 19.44
17.98 19.44
17.98 19.44
15.25 19.63
15.25 19.63
15.25 19.63
15.43 19.63
15.43 19.63
15.43 19.63
15.61 19.63
15.61 19.63
15.61 19.63
15.79 19.63
15.79 19.63
15.79 19.63
15.98 19.63
15.98 19.63
15.98 19.63
16.16 19.63
16.16 19.63
16.16 19.63
16.34 19.63
16.34 19.63
16.34 19.63
17.25 19.63
17.25 19.63
17.25 19.63
17.44 19.63
17.44 19.63
17.44 19.63
17.62 19.63
17.62 19.63
17.62 19.63
17.80 19.63
17.80 19.63
17.80 19.63
17.98 19.63
17.98 19.63
17.98 19.63
14.88 19.81
14.88 19.81
14.88 19.81
15.06 19.81
15.06 19.81
15.06 19.81
15.43 19.81
15.43 19.81
15.43 19.81
15.61 19.81
15.61 19.81
15.61 19.81
15.79 19.81
15.79 19.81
15.79 19.81
16.34 19.81
16.34 19.81
16.34 19.81
16.52 19.81
16.52 19.81
16.52 19.81
16.89 19.81
16.89 19.81
16.89 19.81
17.07 19.81
17.07 19.81
17.07 19.81
17.25 19.81
17.25 19.81
17.25 19.81
17.80 19.81
17.80 19.81
17.80 19.81
17.98 19.81
17.98 19.81
17.98 19.81
15.06 19.99
15.06 19.99
15.06 19.99
15.25 19.99
15.25 19.99
15.25 19.99
15.43 19.99
15.43 19.99
15.43 19.99
15.79 19.99
15.79 19.99
15.79 19.99
15.98 19.99
15.98 19.99
15.98 19.99
16.16 19.99
16.16 19.99
16.16 19.99
16.34 19.99
16.34 19.99
16.34 19.99
16.52 19.99
16.52 19.99
16.52 19.99
17.44 19.99
17.44 19.99
17.44 19.99
17.62 19.99
17.62 19.99
17.62 19.99
17.80 19.99
17.80 19.99
17.80 19.99
14.88 20.17
14.88 20.17
14.88 20.17
15.25 20.17
15.25 20.17
15.25 20.17
15.43 20.17
15.43 20.17
15.43 20.17
15.61 20.17
15.61 20.17
15.61 20.17
15.98 20.17
15.98 20.17
15.98 20.17
16.16 20.17
16.16 20.17
16.16 20.17
16.34 20.17
16.34 20.17
16.34 20.17
16.89 20.17
16.89 20.17
16.89 20.17
17.07 20.17
17.07 20.17
17.07 20.17
17.25 20.17
17.25 20.17
17.25 20.17
17.44 20.17
17.44 20.17
17.44 20.17
17.62 20.17
17.62 20.17
17.62 20.17
17.80 20.17
17.80 20.17
17.80 20.17
17.98 20.17
17.98 20.17
17.98 20.17
14.88 20.36
14.88 20.36
14.88 20.36
15.25 20.36
15.25 20.36
15.25 20.36
15.61 20.36
15.61 20.36
15.61 20.36
15.98 20.36
15.98 20.36
15.98 20.36
16.16 20.36
16.16 20.36
16.16 20.36
16.34 20.36
16.34 20.36
16.34 20.36
16.71 20.36
16.71 20.36
16.71 20.36
17.25 20.36
17.25 20.36
17.25 20.36
17.62 20.36
17.62 20.36
17.62 20.36
17.80 20.36
17.80 20.36
17.80 20.36
15.61 20.54
15.61 20.54
15.61 20.54
15.79 20.54
15.79 20.54
15.79 20.54
16.34 20.54
16.34 20.54
16.34 20.54
16.71 20.54
16.71 20.54
16.71 20.54
16.89 20.54
16.89 20.54
16.89 20.54
17.25 20.54
17.25 20.54
17.25 20.54
17.44 20.54
17.44 20.54
17.44 20.54
15.79 20.72
15.79 20.72
15.79 20.72
15.98 20.72
15.98 20.72
15.98 20.72
16.16 20.72
16.16 20.72
16.16 20.72
16.34 20.72
16.34 20.72
16.34 20.72
16.71 20.72
16.71 20.72
16.71 20.72
16.89 20.72
16.89 20.72
16.89 20.72
17.07 20.72
17.07 20.72
17.07 20.72
17.25 20.72
17.25 20.72
17.25 20.72
17.44 20.72
17.44 20.72
17.44 20.72
15.98 20.91
15.98 20.91
15.98 20.91
16.16 20.91
16.16 20.91
16.16 20.91
16.34 20.91
16.34 20.91
16.34 20.91
16.71 20.91
16.71 20.91
16.71 20.91
16.89 20.91
16.89 20.91
16.89 20.91
17.44 20.91
17.44 20.91
17.44 20.91
15.61 21.09
15.61 21.09
15.61 21.09
15.79 21.09
15.79 21.09
15.79 21.09
15.98 21.09
15.98 21.09
15.98 21.09
16.16 21.09
16.16 21.09
16.16 21.09
16.34 21.09
16.34 21.09
16.34 21.09
16.71 21.09
16.71 21.09
16.71 21.09
17.07 21.09
17.07 21.09
17.07 21.09
15.61 21.27
15.61 21.27
15.61 21.27
15.79 21.27
15.79 21.27
15.79 21.27
15.98 21.27
15.98 21.27
15.98 21.27
15.79 21.64
15.79 21.64
15.79 21.64
15.98 21.64
15.98 21.64
15.98 21.64
16.16 21.64
16.16 21.64
16.16 21.64
15.61 21.82
15.61 21.82
15.61 21.82
15.61 22.00
15.61 22.00
15.61 22.00
15.79 22.00
15.79 22.00
15.79 22.00
15.98 22.00
15.98 22.00
15.98 22.00
