1.19 4.47
1.19 4.47
1.19 4.47
2.28 4.66
2.28 4.66
2.28 4.66
2.46 4.66
2.46 4.66
2.46 4.66
1.92 4.84
1.92 4.84
1.92 4.84
2.10 4.84
2.10 4.84
2.10 4.84
5.39 4.84
5.39 4.84
5.39 4.84
5.57 4.84
5.57 4.84
5.57 4.84
1.92 5.02
1.92 5.02
1.92 5.02
2.28 5.02
2.28 5.02
2.28 5.02
2.46 5.02
2.46 5.02
2.46 5.02
5.20 5.02
5.20 5.02
5.20 5.02
5.75 5.02
5.75 5.02
5.75 5.02
2.65 5.20
2.65 5.20
2.65 5.20
2.83 5.20
2.83 5.20
2.83 5.20
3.01 5.20
3.01 5.20
3.01 5.20
5.20 5.20
5.20 5.20
5.20 5.20
5.57 5.20
5.57 5.20
5.57 5.20
5.75 5.20
5.75 5.20
5.75 5.20
3.01 5.39
3.01 5.39
3.01 5.39
3.38 5.39
3.38 5.39
3.38 5.39
3.74 5.39
3.74 5.39
3.74 5.39
5.39 5.39
5.39 5.39
5.39 5.39
6.12 5.39
6.12 5.39
6.12 5.39
6.30 5.39
6.30 5.39
6.30 5.39
3.38 5.57
3.38 5.57
3.38 5.57
3.56 5.57
3.56 5.57
3.56 5.57
5.93 5.57
5.93 5.57
5.93 5.57
6.30 5.57
6.30 5.57
6.30 5.57
3.20 5.75
3.20 5.75
3.20 5.75
5.93 5.75
5.93 5.75
5.93 5.75
6.30 5.75
6.30 5.75
6.30 5.75
3.20 5.93
3.20 5.93
3.20 5.93
3.38 5.93
3.38 5.93
3.38 5.93
3.56 5.93
3.56 5.93
3.56 5.93
4.11 5.93
4.11 5.93
4.11 5.93
5.93 5.93
5.93 5.93
5.93 5.93
6.12 5.93
6.12 5.93
6.12 5.93
6.48 5.93
6.48 5.93
6.48 5.93
6.66 5.93
6.66 5.93
6.66 5.93
6.85 5.93
6.85 5.93
6.85 5.93
7.03 5.93
7.03 5.93
7.03 5.93
3.20 6.12
3.20 6.12
3.20 6.12
3.93 6.12
3.93 6.12
3.93 6.12
4.47 6.12
4.47 6.12
4.47 6.12
6.48 6.12
6.48 6.12
6.48 6.12
6.85 6.12
6.85 6.12
6.85 6.12
7.03 6.12
7.03 6.12
7.03 6.12
4.47 6.30
4.47 6.30
4.47 6.30
6.66 6.30
6.66 6.30
6.66 6.30
4.11 6.48
4.11 6.48
4.11 6.48
4.66 6.48
4.66 6.48
4.66 6.48
4.84 6.48
4.84 6.48
4.84 6.48
6.48 6.48
6.48 6.48
6.48 6.48
7.03 6.48
7.03 6.48
7.03 6.48
7.76 6.48
7.76 6.48
7.76 6.48
4.84 6.66
4.84 6.66
4.84 6.66
6.48 6.66
6.48 6.66
6.48 6.66
6.66 6.66
6.66 6.66
6.66 6.66
7.21 6.66
7.21 6.66
7.21 6.66
5.02 6.85
5.02 6.85
5.02 6.85
6.85 6.85
6.85 6.85
6.85 6.85
7.39 6.85
7.39 6.85
7.39 6.85
7.76 6.85
7.76 6.85
7.76 6.85
4.66 7.03
4.66 7.03
4.66 7.03
4.84 7.03
4.84 7.03
4.84 7.03
5.57 7.03
5.57 7.03
5.57 7.03
6.30 7.03
6.30 7.03
6.30 7.03
6.48 7.03
6.48 7.03
6.48 7.03
6.85 7.03
6.85 7.03
6.85 7.03
7.76 7.03
7.76 7.03
7.76 7.03
4.47 7.21
4.47 7.21
4.47 7.21
5.02 7.21
5.02 7.21
5.02 7.21
5.20 7.21
5.20 7.21
5.20 7.21
5.39 7.21
5.39 7.21
5.39 7.21
5.57 7.21
5.57 7.21
5.57 7.21
5.75 7.21
5.75 7.21
5.75 7.21
6.30 7.21
6.30 7.21
6.30 7.21
6.48 7.21
6.48 7.21
6.48 7.21
7.21 7.21
7.21 7.21
7.21 7.21
7.76 7.21
7.76 7.21
7.76 7.21
5.75 7.39
5.75 7.39
5.75 7.39
6.12 7.39
6.12 7.39
6.12 7.39
6.30 7.39
6.30 7.39
6.30 7.39
6.66 7.39
6.66 7.39
6.66 7.39
5.39 7.58
5.39 7.58
5.39 7.58
5.75 7.58
5.75 7.58
5.75 7.58
6.30 7.58
6.30 7.58
6.30 7.58
8.31 7.58
8.31 7.58
8.31 7.58
5.93 7.76
5.93 7.76
5.93 7.76
6.12 7.76
6.12 7.76
6.12 7.76
7.94 7.76
7.94 7.76
7.94 7.76
8.12 7.76
8.12 7.76
8.12 7.76
8.31 7.76
8.31 7.76
8.31 7.76
5.20 7.94
5.20 7.94
5.20 7.94
5.57 7.94
5.57 7.94
5.57 7.94
7.58 7.94
7.58 7.94
7.58 7.94
7.94 7.94
7.94 7.94
7.94 7.94
8.12 7.94
8.12 7.94
8.12 7.94
8.67 7.94
8.67 7.94
8.67 7.94
5.20 8.12
5.20 8.12
5.20 8.12
6.30 8.12
6.30 8.12
6.30 8.12
6.85 8.12
6.85 8.12
6.85 8.12
7.03 8.12
7.03 8.12
7.03 8.12
7.21 8.12
7.21 8.12
7.21 8.12
7.39 8.12
7.39 8.12
7.39 8.12
7.58 8.12
7.58 8.12
7.58 8.12
8.31 8.12
8.31 8.12
8.31 8.12
8.85 8.12
8.85 8.12
8.85 8.12
6.48 8.31
6.48 8.31
6.48 8.31
7.03 8.31
7.03 8.31
7.03 8.31
7.94 8.31
7.94 8.31
7.94 8.31
8.12 8.31
8.12 8.31
8.12 8.31
8.85 8.31
8.85 8.31
8.85 8.31
9.59 8.31
9.59 8.31
9.59 8.31
5.93 8.49
5.93 8.49
5.93 8.49
6.48 8.49
6.48 8.49
6.48 8.49
6.66 8.49
6.66 8.49
6.66 8.49
6.85 8.49
6.85 8.49
6.85 8.49
7.03 8.49
7.03 8.49
7.03 8.49
7.21 8.49
7.21 8.49
7.21 8.49
7.39 8.49
7.39 8.49
7.39 8.49
7.58 8.49
7.58 8.49
7.58 8.49
8.49 8.49
8.49 8.49
8.49 8.49
8.67 8.49
8.67 8.49
8.67 8.49
8.85 8.49
8.85 8.49
8.85 8.49
9.22 8.49
9.22 8.49
9.22 8.49
9.40 8.49
9.40 8.49
9.40 8.49
6.30 8.67
6.30 8.67
6.30 8.67
6.66 8.67
6.66 8.67
6.66 8.67
7.58 8.67
7.58 8.67
7.58 8.67
7.76 8.67
7.76 8.67
7.76 8.67
7.94 8.67
7.94 8.67
7.94 8.67
8.12 8.67
8.12 8.67
8.12 8.67
8.31 8.67
8.31 8.67
8.31 8.67
8.49 8.67
8.49 8.67
8.49 8.67
9.04 8.67
9.04 8.67
9.04 8.67
9.22 8.67
9.22 8.67
9.22 8.67
9.59 8.67
9.59 8.67
9.59 8.67
6.85 8.85
6.85 8.85
6.85 8.85
7.03 8.85
7.03 8.85
7.03 8.85
7.21 8.85
7.21 8.85
7.21 8.85
7.39 8.85
7.39 8.85
7.39 8.85
8.12 8.85
8.12 8.85
8.12 8.85
8.31 8.85
8.31 8.85
8.31 8.85
9.22 8.85
9.22 8.85
9.22 8.85
9.40 8.85
9.40 8.85
9.40 8.85
9.59 8.85
9.59 8.85
9.59 8.85
6.66 9.04
6.66 9.04
6.66 9.04
6.85 9.04
6.85 9.04
6.85 9.04
7.58 9.04
7.58 9.04
7.58 9.04
7.76 9.04
7.76 9.04
7.76 9.04
8.49 9.04
8.49 9.04
8.49 9.04
8.67 9.04
8.67 9.04
8.67 9.04
6.48 9.22
6.48 9.22
6.48 9.22
6.85 9.22
6.85 9.22
6.85 9.22
7.03 9.22
7.03 9.22
7.03 9.22
7.21 9.22
7.21 9.22
7.21 9.22
8.31 9.22
8.31 9.22
8.31 9.22
8.49 9.22
8.49 9.22
8.49 9.22
9.04 9.22
9.04 9.22
9.04 9.22
9.22 9.22
9.22 9.22
9.22 9.22
7.39 9.40
7.39 9.40
7.39 9.40
7.94 9.40
7.94 9.40
7.94 9.40
8.12 9.40
8.12 9.40
8.12 9.40
8.31 9.40
8.31 9.40
8.31 9.40
8.49 9.40
8.49 9.40
8.49 9.40
8.85 9.40
8.85 9.40
8.85 9.40
9.04 9.40
9.04 9.40
9.04 9.40
9.22 9.40
9.22 9.40
9.22 9.40
9.40 9.40
9.40 9.40
9.40 9.40
9.59 9.40
9.59 9.40
9.59 9.40
7.76 9.59
7.76 9.59
7.76 9.59
7.94 9.59
7.94 9.59
7.94 9.59
8.31 9.59
8.31 9.59
8.31 9.59
8.85 9.59
8.85 9.59
8.85 9.59
10.13 9.59
10.13 9.59
10.13 9.59
7.21 9.77
7.21 9.77
7.21 9.77
7.76 9.77
7.76 9.77
7.76 9.77
7.94 9.77
7.94 9.77
7.94 9.77
8.12 9.77
8.12 9.77
8.12 9.77
9.95 9.77
9.95 9.77
9.95 9.77
10.32 9.77
10.32 9.77
10.32 9.77
7.21 9.95
7.21 9.95
7.21 9.95
7.39 9.95
7.39 9.95
7.39 9.95
7.58 9.95
7.58 9.95
7.58 9.95
7.76 9.95
7.76 9.95
7.76 9.95
9.95 9.95
9.95 9.95
9.95 9.95
7.94 10.13
7.94 10.13
7.94 10.13
8.12 10.13
8.12 10.13
8.12 10.13
8.31 10.13
8.31 10.13
8.31 10.13
9.59 10.13
9.59 10.13
9.59 10.13
10.13 10.13
10.13 10.13
10.13 10.13
10.32 10.13
10.32 10.13
10.32 10.13
11.05 10.13
11.05 10.13
11.05 10.13
8.31 10.32
8.31 10.32
8.31 10.32
8.67 10.32
8.67 10.32
8.67 10.32
9.04 10.32
9.04 10.32
9.04 10.32
9.22 10.32
9.22 10.32
9.22 10.32
9.40 10.32
9.40 10.32
9.40 10.32
10.32 10.32
10.32 10.32
10.32 10.32
10.68 10.32
10.68 10.32
10.68 10.32
10.86 10.32
10.86 10.32
10.86 10.32
7.94 10.50
7.94 10.50
7.94 10.50
8.67 10.50
8.67 10.50
8.67 10.50
8.85 10.50
8.85 10.50
8.85 10.50
10.32 10.50
10.32 10.50
10.32 10.50
10.50 10.50
10.50 10.50
10.50 10.50
10.68 10.50
10.68 10.50
10.68 10.50
11.05 10.50
11.05 10.50
11.05 10.50
8.12 10.68
8.12 10.68
8.12 10.68
8.31 10.68
8.31 10.68
8.31 10.68
9.22 10.68
9.22 10.68
9.22 10.68
9.59 10.68
9.59 10.68
9.59 10.68
9.95 10.68
9.95 10.68
9.95 10.68
10.68 10.68
10.68 10.68
10.68 10.68
10.86 10.68
10.86 10.68
10.86 10.68
8.67 10.86
8.67 10.86
8.67 10.86
9.22 10.86
9.22 10.86
9.22 10.86
9.77 10.86
9.77 10.86
9.77 10.86
9.95 10.86
9.95 10.86
9.95 10.86
10.13 10.86
10.13 10.86
10.13 10.86
10.50 10.86
10.50 10.86
10.50 10.86
8.49 11.05
8.49 11.05
8.49 11.05
8.85 11.05
8.85 11.05
8.85 11.05
9.22 11.05
9.22 11.05
9.22 11.05
9.59 11.05
9.59 11.05
9.59 11.05
9.77 11.05
9.77 11.05
9.77 11.05
8.49 11.23
8.49 11.23
8.49 11.23
8.67 11.23
8.67 11.23
8.67 11.23
9.40 11.23
9.40 11.23
9.40 11.23
9.59 11.23
9.59 11.23
9.59 11.23
11.05 11.23
11.05 11.23
11.05 11.23
11.59 11.23
11.59 11.23
11.59 11.23
8.49 11.41
8.49 11.41
8.49 11.41
9.04 11.41
9.04 11.41
9.04 11.41
9.40 11.59
9.40 11.59
9.40 11.59
11.23 11.59
11.23 11.59
11.23 11.59
9.22 11.78
9.22 11.78
9.22 11.78
9.59 11.78
9.59 11.78
9.59 11.78
9.77 11.78
9.77 11.78
9.77 11.78
11.23 11.78
11.23 11.78
11.23 11.78
11.59 11.78
11.59 11.78
11.59 11.78
11.78 11.78
11.78 11.78
11.78 11.78
9.40 11.96
9.40 11.96
9.40 11.96
9.59 11.96
9.59 11.96
9.59 11.96
9.77 11.96
9.77 11.96
9.77 11.96
9.95 11.96
9.95 11.96
9.95 11.96
10.13 11.96
10.13 11.96
10.13 11.96
10.50 11.96
10.50 11.96
10.50 11.96
10.68 11.96
10.68 11.96
10.68 11.96
11.78 11.96
11.78 11.96
11.78 11.96
11.96 11.96
11.96 11.96
11.96 11.96
12.14 11.96
12.14 11.96
12.14 11.96
12.32 11.96
12.32 11.96
12.32 11.96
12.69 11.96
12.69 11.96
12.69 11.96
12.87 11.96
12.87 11.96
12.87 11.96
9.77 12.14
9.77 12.14
9.77 12.14
9.95 12.14
9.95 12.14
9.95 12.14
10.13 12.14
10.13 12.14
10.13 12.14
10.32 12.14
10.32 12.14
10.32 12.14
10.50 12.14
10.50 12.14
10.50 12.14
10.68 12.14
10.68 12.14
10.68 12.14
11.23 12.14
11.23 12.14
11.23 12.14
11.41 12.14
11.41 12.14
11.41 12.14
11.59 12.14
11.59 12.14
11.59 12.14
12.32 12.14
12.32 12.14
12.32 12.14
12.51 12.14
12.51 12.14
12.51 12.14
9.95 12.32
9.95 12.32
9.95 12.32
10.13 12.32
10.13 12.32
10.13 12.32
10.68 12.32
10.68 12.32
10.68 12.32
11.05 12.32
11.05 12.32
11.05 12.32
11.41 12.32
11.41 12.32
11.41 12.32
11.59 12.32
11.59 12.32
11.59 12.32
11.96 12.32
11.96 12.32
11.96 12.32
12.51 12.32
12.51 12.32
12.51 12.32
12.87 12.32
12.87 12.32
12.87 12.32
9.95 12.51
9.95 12.51
9.95 12.51
10.68 12.51
10.68 12.51
10.68 12.51
10.86 12.51
10.86 12.51
10.86 12.51
11.05 12.51
11.05 12.51
11.05 12.51
11.23 12.51
11.23 12.51
11.23 12.51
12.32 12.51
12.32 12.51
12.32 12.51
12.51 12.51
12.51 12.51
12.51 12.51
12.69 12.51
12.69 12.51
12.69 12.51
12.87 12.51
12.87 12.51
12.87 12.51
9.77 12.69
9.77 12.69
9.77 12.69
9.95 12.69
9.95 12.69
9.95 12.69
10.13 12.69
10.13 12.69
10.13 12.69
10.32 12.69
10.32 12.69
10.32 12.69
10.50 12.69
10.50 12.69
10.50 12.69
10.68 12.69
10.68 12.69
10.68 12.69
11.05 12.69
11.05 12.69
11.05 12.69
11.23 12.69
11.23 12.69
11.23 12.69
11.41 12.69
11.41 12.69
11.41 12.69
11.59 12.69
11.59 12.69
11.59 12.69
11.78 12.69
11.78 12.69
11.78 12.69
13.24 12.69
13.24 12.69
13.24 12.69
13.60 12.69
13.60 12.69
13.60 12.69
9.77 12.87
9.77 12.87
9.77 12.87
10.13 12.87
10.13 12.87
10.13 12.87
10.32 12.87
10.32 12.87
10.32 12.87
10.50 12.87
10.50 12.87
10.50 12.87
10.86 12.87
10.86 12.87
10.86 12.87
11.05 12.87
11.05 12.87
11.05 12.87
11.23 12.87
11.23 12.87
11.23 12.87
11.41 12.87
11.41 12.87
11.41 12.87
11.59 12.87
11.59 12.87
11.59 12.87
11.78 12.87
11.78 12.87
11.78 12.87
9.77 13.05
9.77 13.05
9.77 13.05
9.95 13.05
9.95 13.05
9.95 13.05
10.13 13.05
10.13 13.05
10.13 13.05
10.50 13.05
10.50 13.05
10.50 13.05
11.05 13.05
11.05 13.05
11.05 13.05
12.32 13.05
12.32 13.05
12.32 13.05
12.51 13.05
12.51 13.05
12.51 13.05
12.69 13.05
12.69 13.05
12.69 13.05
10.50 13.24
10.50 13.24
10.50 13.24
10.68 13.24
10.68 13.24
10.68 13.24
10.86 13.24
10.86 13.24
10.86 13.24
11.05 13.24
11.05 13.24
11.05 13.24
12.32 13.24
12.32 13.24
12.32 13.24
12.51 13.24
12.51 13.24
12.51 13.24
12.69 13.24
12.69 13.24
12.69 13.24
13.24 13.24
13.24 13.24
13.24 13.24
13.42 13.24
13.42 13.24
13.42 13.24
11.05 13.42
11.05 13.42
11.05 13.42
12.32 13.42
12.32 13.42
12.32 13.42
12.69 13.42
12.69 13.42
12.69 13.42
10.50 13.60
10.50 13.60
10.50 13.60
10.68 13.60
10.68 13.60
10.68 13.60
10.86 13.60
10.86 13.60
10.86 13.60
11.05 13.60
11.05 13.60
11.05 13.60
11.23 13.60
11.23 13.60
11.23 13.60
11.41 13.60
11.41 13.60
11.41 13.60
11.59 13.60
11.59 13.60
11.59 13.60
11.78 13.60
11.78 13.60
11.78 13.60
11.96 13.60
11.96 13.60
11.96 13.60
12.69 13.60
12.69 13.60
12.69 13.60
10.68 13.78
10.68 13.78
10.68 13.78
11.23 13.78
11.23 13.78
11.23 13.78
11.41 13.78
11.41 13.78
11.41 13.78
11.59 13.78
11.59 13.78
11.59 13.78
12.87 13.78
12.87 13.78
12.87 13.78
13.05 13.78
13.05 13.78
13.05 13.78
13.24 13.78
13.24 13.78
13.24 13.78
10.50 13.97
10.50 13.97
10.50 13.97
11.05 13.97
11.05 13.97
11.05 13.97
11.23 13.97
11.23 13.97
11.23 13.97
11.41 13.97
11.41 13.97
11.41 13.97
11.59 13.97
11.59 13.97
11.59 13.97
11.78 13.97
11.78 13.97
11.78 13.97
12.51 13.97
12.51 13.97
12.51 13.97
12.69 13.97
12.69 13.97
12.69 13.97
13.05 13.97
13.05 13.97
13.05 13.97
13.24 13.97
13.24 13.97
13.24 13.97
13.60 13.97
13.60 13.97
13.60 13.97
11.05 14.15
11.05 14.15
11.05 14.15
11.23 14.15
11.23 14.15
11.23 14.15
11.41 14.15
11.41 14.15
11.41 14.15
12.14 14.15
12.14 14.15
12.14 14.15
12.32 14.15
12.32 14.15
12.32 14.15
12.87 14.15
12.87 14.15
12.87 14.15
13.24 14.15
13.24 14.15
13.24 14.15
13.42 14.15
13.42 14.15
13.42 14.15
13.60 14.15
13.60 14.15
13.60 14.15
13.78 14.15
13.78 14.15
13.78 14.15
11.05 14.33
11.05 14.33
11.05 14.33
11.23 14.33
11.23 14.33
11.23 14.33
12.14 14.33
12.14 14.33
12.14 14.33
12.32 14.33
12.32 14.33
12.32 14.33
12.51 14.33
12.51 14.33
12.51 14.33
12.69 14.33
12.69 14.33
12.69 14.33
13.05 14.33
13.05 14.33
13.05 14.33
13.78 14.33
13.78 14.33
13.78 14.33
13.97 14.33
13.97 14.33
13.97 14.33
14.15 14.33
14.15 14.33
14.15 14.33
11.05 14.51
11.05 14.51
11.05 14.51
11.23 14.51
11.23 14.51
11.23 14.51
12.14 14.51
12.14 14.51
12.14 14.51
12.32 14.51
12.32 14.51
12.32 14.51
12.51 14.51
12.51 14.51
12.51 14.51
12.69 14.51
12.69 14.51
12.69 14.51
13.05 14.51
13.05 14.51
13.05 14.51
13.42 14.51
13.42 14.51
13.42 14.51
13.60 14.51
13.60 14.51
13.60 14.51
13.97 14.51
13.97 14.51
13.97 14.51
11.05 14.70
11.05 14.70
11.05 14.70
11.23 14.70
11.23 14.70
11.23 14.70
12.14 14.70
12.14 14.70
12.14 14.70
12.32 14.70
12.32 14.70
12.32 14.70
12.69 14.70
12.69 14.70
12.69 14.70
12.87 14.70
12.87 14.70
12.87 14.70
13.05 14.70
13.05 14.70
13.05 14.70
13.24 14.70
13.24 14.70
13.24 14.70
13.78 14.70
13.78 14.70
13.78 14.70
14.15 14.70
14.15 14.70
14.15 14.70
14.33 14.70
14.33 14.70
14.33 14.70
14.51 14.70
14.51 14.70
14.51 14.70
14.70 14.70
14.70 14.70
14.70 14.70
14.88 14.70
14.88 14.70
14.88 14.70
11.05 14.88
11.05 14.88
11.05 14.88
11.23 14.88
11.23 14.88
11.23 14.88
12.14 14.88
12.14 14.88
12.14 14.88
12.32 14.88
12.32 14.88
12.32 14.88
12.51 14.88
12.51 14.88
12.51 14.88
12.69 14.88
12.69 14.88
12.69 14.88
12.87 14.88
12.87 14.88
12.87 14.88
14.15 14.88
14.15 14.88
14.15 14.88
14.51 14.88
14.51 14.88
14.51 14.88
11.05 15.06
11.05 15.06
11.05 15.06
11.23 15.06
11.23 15.06
11.23 15.06
12.51 15.06
12.51 15.06
12.51 15.06
12.69 15.06
12.69 15.06
12.69 15.06
13.05 15.06
13.05 15.06
13.05 15.06
13.24 15.06
13.24 15.06
13.24 15.06
14.88 15.06
14.88 15.06
14.88 15.06
11.05 15.25
11.05 15.25
11.05 15.25
11.23 15.25
11.23 15.25
11.23 15.25
12.87 15.25
12.87 15.25
12.87 15.25
14.70 15.25
14.70 15.25
14.70 15.25
12.51 15.43
12.51 15.43
12.51 15.43
14.51 15.43
14.51 15.43
14.51 15.43
14.70 15.43
14.70 15.43
14.70 15.43
12.51 15.61
12.51 15.61
12.51 15.61
14.33 15.61
14.33 15.61
14.33 15.61
14.88 15.61
14.88 15.61
14.88 15.61
15.06 15.61
15.06 15.61
15.06 15.61
12.51 15.79
12.51 15.79
12.51 15.79
12.69 15.79
12.69 15.79
12.69 15.79
12.87 15.79
12.87 15.79
12.87 15.79
14.33 15.79
14.33 15.79
14.33 15.79
14.88 15.79
14.88 15.79
14.88 15.79
15.06 15.79
15.06 15.79
15.06 15.79
15.25 15.79
15.25 15.79
15.25 15.79
15.43 15.79
15.43 15.79
15.43 15.79
13.78 15.98
13.78 15.98
13.78 15.98
13.97 15.98
13.97 15.98
13.97 15.98
14.70 15.98
14.70 15.98
14.70 15.98
14.88 15.98
14.88 15.98
14.88 15.98
12.51 16.16
12.51 16.16
12.51 16.16
12.69 16.16
12.69 16.16
12.69 16.16
13.24 16.16
13.24 16.16
13.24 16.16
13.60 16.16
13.60 16.16
13.60 16.16
13.97 16.16
13.97 16.16
13.97 16.16
14.15 16.16
14.15 16.16
14.15 16.16
14.33 16.16
14.33 16.16
14.33 16.16
14.51 16.16
14.51 16.16
14.51 16.16
15.06 16.16
15.06 16.16
15.06 16.16
15.25 16.16
15.25 16.16
15.25 16.16
15.43 16.16
15.43 16.16
15.43 16.16
12.87 16.34
12.87 16.34
12.87 16.34
13.05 16.34
13.05 16.34
13.05 16.34
13.78 16.34
13.78 16.34
13.78 16.34
14.33 16.34
14.33 16.34
14.33 16.34
14.51 16.34
14.51 16.34
14.51 16.34
15.06 16.34
15.06 16.34
15.06 16.34
12.51 16.52
12.51 16.52
12.51 16.52
12.87 16.52
12.87 16.52
12.87 16.52
13.05 16.52
13.05 16.52
13.05 16.52
13.42 16.52
13.42 16.52
13.42 16.52
13.60 16.52
13.60 16.52
13.60 16.52
13.97 16.52
13.97 16.52
13.97 16.52
14.51 16.52
14.51 16.52
14.51 16.52
14.70 16.52
14.70 16.52
14.70 16.52
14.88 16.52
14.88 16.52
14.88 16.52
16.34 16.52
16.34 16.52
16.34 16.52
16.52 16.52
16.52 16.52
16.52 16.52
16.71 16.52
16.71 16.52
16.71 16.52
12.69 16.71
12.69 16.71
12.69 16.71
13.24 16.71
13.24 16.71
13.24 16.71
13.78 16.71
13.78 16.71
13.78 16.71
14.15 16.71
14.15 16.71
14.15 16.71
14.33 16.71
14.33 16.71
14.33 16.71
15.79 16.71
15.79 16.71
15.79 16.71
16.16 16.71
16.16 16.71
16.16 16.71
16.34 16.71
16.34 16.71
16.34 16.71
16.71 16.71
16.71 16.71
16.71 16.71
13.42 16.89
13.42 16.89
13.42 16.89
14.70 16.89
14.70 16.89
14.70 16.89
14.88 16.89
14.88 16.89
14.88 16.89
15.06 16.89
15.06 16.89
15.06 16.89
15.25 16.89
15.25 16.89
15.25 16.89
15.61 16.89
15.61 16.89
15.61 16.89
15.79 16.89
15.79 16.89
15.79 16.89
15.98 16.89
15.98 16.89
15.98 16.89
16.16 16.89
16.16 16.89
16.16 16.89
16.34 16.89
16.34 16.89
16.34 16.89
13.24 17.07
13.24 17.07
13.24 17.07
15.43 17.07
15.43 17.07
15.43 17.07
15.61 17.07
15.61 17.07
15.61 17.07
15.79 17.07
15.79 17.07
15.79 17.07
15.98 17.07
15.98 17.07
15.98 17.07
16.16 17.07
16.16 17.07
16.16 17.07
13.24 17.25
13.24 17.25
13.24 17.25
13.60 17.25
13.60 17.25
13.60 17.25
15.43 17.25
15.43 17.25
15.43 17.25
15.61 17.25
15.61 17.25
15.61 17.25
15.79 17.25
15.79 17.25
15.79 17.25
13.05 17.44
13.05 17.44
13.05 17.44
13.24 17.44
13.24 17.44
13.24 17.44
13.60 17.44
13.60 17.44
13.60 17.44
13.97 17.44
13.97 17.44
13.97 17.44
14.15 17.44
14.15 17.44
14.15 17.44
14.33 17.44
14.33 17.44
14.33 17.44
14.51 17.44
14.51 17.44
14.51 17.44
15.43 17.44
15.43 17.44
15.43 17.44
15.61 17.44
15.61 17.44
15.61 17.44
15.79 17.44
15.79 17.44
15.79 17.44
15.98 17.44
15.98 17.44
15.98 17.44
13.78 17.62
13.78 17.62
13.78 17.62
14.15 17.62
14.15 17.62
14.15 17.62
14.33 17.62
14.33 17.62
14.33 17.62
14.51 17.62
14.51 17.62
14.51 17.62
14.70 17.62
14.70 17.62
14.70 17.62
15.06 17.62
15.06 17.62
15.06 17.62
15.25 17.62
15.25 17.62
15.25 17.62
15.43 17.62
15.43 17.62
15.43 17.62
15.61 17.62
15.61 17.62
15.61 17.62
15.79 17.62
15.79 17.62
15.79 17.62
15.98 17.62
15.98 17.62
15.98 17.62
16.16 17.62
16.16 17.62
16.16 17.62
16.34 17.62
16.34 17.62
16.34 17.62
14.88 17.80
14.88 17.80
14.88 17.80
15.06 17.80
15.06 17.80
15.06 17.80
15.25 17.80
15.25 17.80
15.25 17.80
15.43 17.80
15.43 17.80
15.43 17.80
15.61 17.80
15.61 17.80
15.61 17.80
15.79 17.80
15.79 17.80
15.79 17.80
15.98 17.80
15.98 17.80
15.98 17.80
16.16 17.80
16.16 17.80
16.16 17.80
16.34 17.80
16.34 17.80
16.34 17.80
13.78 17.98
13.78 17.98
13.78 17.98
14.88 17.98
14.88 17.98
14.88 17.98
15.06 17.98
15.06 17.98
15.06 17.98
15.25 17.98
15.25 17.98
15.25 17.98
15.43 18.17
15.43 18.17
15.43 18.17
16.71 18.17
16.71 18.17
16.71 18.17
13.78 18.35
13.78 18.35
13.78 18.35
14.33 18.35
14.33 18.35
14.33 18.35
15.06 18.35
15.06 18.35
15.06 18.35
15.25 18.35
15.25 18.35
15.25 18.35
15.43 18.35
15.43 18.35
15.43 18.35
15.79 18.35
15.79 18.35
15.79 18.35
15.98 18.35
15.98 18.35
15.98 18.35
16.16 18.35
16.16 18.35
16.16 18.35
16.34 18.35
16.34 18.35
16.34 18.35
13.97 18.53
13.97 18.53
13.97 18.53
14.15 18.53
14.15 18.53
14.15 18.53
14.70 18.53
14.70 18.53
14.70 18.53
15.06 18.53
15.06 18.53
15.06 18.53
15.25 18.53
15.25 18.53
15.25 18.53
15.43 18.53
15.43 18.53
15.43 18.53
15.79 18.53
15.79 18.53
15.79 18.53
15.98 18.53
15.98 18.53
15.98 18.53
16.71 18.53
16.71 18.53
16.71 18.53
14.33 18.71
14.33 18.71
14.33 18.71
14.51 18.71
14.51 18.71
14.51 18.71
14.70 18.71
14.70 18.71
14.70 18.71
16.16 18.71
16.16 18.71
16.16 18.71
16.34 18.71
16.34 18.71
16.34 18.71
15.06 18.90
15.06 18.90
15.06 18.90
15.25 18.90
15.25 18.90
15.25 18.90
15.79 18.90
15.79 18.90
15.79 18.90
14.33 19.08
14.33 19.08
14.33 19.08
14.51 19.08
14.51 19.08
14.51 19.08
14.88 19.08
14.88 19.08
14.88 19.08
15.06 19.08
15.06 19.08
15.06 19.08
15.25 19.08
15.25 19.08
15.25 19.08
16.16 19.08
16.16 19.08
16.16 19.08
16.52 19.08
16.52 19.08
16.52 19.08
14.33 19.26
14.33 19.26
14.33 19.26
14.51 19.26
14.51 19.26
14.51 19.26
14.70 19.26
14.70 19.26
14.70 19.26
14.88 19.26
14.88 19.26
14.88 19.26
15.06 19.26
15.06 19.26
15.06 19.26
15.43 19.26
15.43 19.26
15.43 19.26
15.61 19.26
15.61 19.26
15.61 19.26
15.79 19.26
15.79 19.26
15.79 19.26
16.16 19.26
16.16 19.26
16.16 19.26
14.70 19.44
14.70 19.44
14.70 19.44
14.88 19.44
14.88 19.44
14.88 19.44
15.25 19.44
15.25 19.44
15.25 19.44
16.16 19.44
16.16 19.44
16.16 19.44
14.33 19.63
14.33 19.63
14.33 19.63
15.25 19.63
15.25 19.63
15.25 19.63
15.43 19.63
15.43 19.63
15.43 19.63
14.33 19.81
14.33 19.81
14.33 19.81
15.06 20.36
15.06 20.36
15.06 20.36
15.25 20.36
15.25 20.36
15.25 20.36
15.06 20.54
15.06 20.54
15.06 20.54
15.43 20.54
15.43 20.54
15.43 20.54
