3.93 6.48
3.93 6.48
3.93 6.48
4.47 6.48
4.47 6.48
4.47 6.48
6.30 6.48
6.30 6.48
6.30 6.48
4.11 6.66
4.11 6.66
4.11 6.66
4.47 6.66
4.47 6.66
4.47 6.66
5.93 6.66
5.93 6.66
5.93 6.66
6.48 6.66
6.48 6.66
6.48 6.66
7.03 6.66
7.03 6.66
7.03 6.66
4.29 6.85
4.29 6.85
4.29 6.85
5.57 6.85
5.57 6.85
5.57 6.85
6.12 6.85
6.12 6.85
6.12 6.85
6.85 6.85
6.85 6.85
6.85 6.85
7.03 6.85
7.03 6.85
7.03 6.85
4.66 7.03
4.66 7.03
4.66 7.03
4.84 7.03
4.84 7.03
4.84 7.03
5.93 7.03
5.93 7.03
5.93 7.03
6.12 7.03
6.12 7.03
6.12 7.03
6.30 7.03
6.30 7.03
6.30 7.03
7.21 7.03
7.21 7.03
7.21 7.03
7.76 7.03
7.76 7.03
7.76 7.03
4.47 7.21
4.47 7.21
4.47 7.21
4.84 7.21
4.84 7.21
4.84 7.21
5.02 7.21
5.02 7.21
5.02 7.21
7.39 7.21
7.39 7.21
7.39 7.21
7.58 7.21
7.58 7.21
7.58 7.21
4.47 7.39
4.47 7.39
4.47 7.39
4.66 7.39
4.66 7.39
4.66 7.39
7.21 7.39
7.21 7.39
7.21 7.39
7.39 7.39
7.39 7.39
7.39 7.39
7.76 7.39
7.76 7.39
7.76 7.39
7.21 7.58
7.21 7.58
7.21 7.58
7.58 7.58
7.58 7.58
7.58 7.58
7.76 7.58
7.76 7.58
7.76 7.58
5.39 7.76
5.39 7.76
5.39 7.76
5.93 7.76
5.93 7.76
5.93 7.76
6.12 7.76
6.12 7.76
6.12 7.76
7.03 7.76
7.03 7.76
7.03 7.76
7.58 7.76
7.58 7.76
7.58 7.76
7.76 7.76
7.76 7.76
7.76 7.76
5.20 7.94
5.20 7.94
5.20 7.94
5.57 7.94
5.57 7.94
5.57 7.94
5.75 7.94
5.75 7.94
5.75 7.94
6.12 7.94
6.12 7.94
6.12 7.94
6.48 7.94
6.48 7.94
6.48 7.94
5.93 8.12
5.93 8.12
5.93 8.12
6.30 8.12
6.30 8.12
6.30 8.12
8.31 8.12
8.31 8.12
8.31 8.12
5.93 8.49
5.93 8.49
5.93 8.49
6.12 8.49
6.12 8.49
6.12 8.49
6.30 8.49
6.30 8.49
6.30 8.49
9.59 8.49
9.59 8.49
9.59 8.49
6.12 8.67
6.12 8.67
6.12 8.67
6.30 8.67
6.30 8.67
6.30 8.67
6.48 8.67
6.48 8.67
6.48 8.67
6.66 8.67
6.66 8.67
6.66 8.67
6.85 8.67
6.85 8.67
6.85 8.67
8.49 8.67
8.49 8.67
8.49 8.67
9.04 8.67
9.04 8.67
9.04 8.67
5.93 8.85
5.93 8.85
5.93 8.85
8.85 8.85
8.85 8.85
8.85 8.85
9.04 8.85
9.04 8.85
9.04 8.85
6.48 9.04
6.48 9.04
6.48 9.04
6.85 9.04
6.85 9.04
6.85 9.04
7.03 9.04
7.03 9.04
7.03 9.04
8.49 9.04
8.49 9.04
8.49 9.04
9.59 9.04
9.59 9.04
9.59 9.04
6.48 9.22
6.48 9.22
6.48 9.22
6.66 9.22
6.66 9.22
6.66 9.22
6.85 9.22
6.85 9.22
6.85 9.22
9.22 9.22
9.22 9.22
9.22 9.22
9.40 9.22
9.40 9.22
9.40 9.22
9.59 9.22
9.59 9.22
9.59 9.22
7.21 9.40
7.21 9.40
7.21 9.40
7.58 9.40
7.58 9.40
7.58 9.40
7.76 9.40
7.76 9.40
7.76 9.40
9.22 9.40
9.22 9.40
9.22 9.40
9.40 9.40
9.40 9.40
9.40 9.40
9.77 9.40
9.77 9.40
9.77 9.40
9.95 9.40
9.95 9.40
9.95 9.40
10.13 9.40
10.13 9.40
10.13 9.40
7.03 9.59
7.03 9.59
7.03 9.59
7.39 9.59
7.39 9.59
7.39 9.59
7.58 9.59
7.58 9.59
7.58 9.59
7.76 9.59
7.76 9.59
7.76 9.59
9.22 9.59
9.22 9.59
9.22 9.59
9.40 9.59
9.40 9.59
9.40 9.59
9.95 9.59
9.95 9.59
9.95 9.59
10.13 9.59
10.13 9.59
10.13 9.59
7.76 9.77
7.76 9.77
7.76 9.77
9.04 9.77
9.04 9.77
9.04 9.77
9.59 9.77
9.59 9.77
9.59 9.77
9.77 9.77
9.77 9.77
9.77 9.77
9.95 9.77
9.95 9.77
9.95 9.77
10.32 9.77
10.32 9.77
10.32 9.77
8.31 9.95
8.31 9.95
8.31 9.95
9.04 9.95
9.04 9.95
9.04 9.95
9.22 9.95
9.22 9.95
9.22 9.95
9.40 9.95
9.40 9.95
9.40 9.95
9.77 9.95
9.77 9.95
9.77 9.95
9.95 9.95
9.95 9.95
9.95 9.95
10.32 9.95
10.32 9.95
10.32 9.95
7.76 10.13
7.76 10.13
7.76 10.13
8.85 10.13
8.85 10.13
8.85 10.13
9.59 10.13
9.59 10.13
9.59 10.13
9.95 10.13
9.95 10.13
9.95 10.13
10.32 10.13
10.32 10.13
10.32 10.13
7.76 10.32
7.76 10.32
7.76 10.32
8.31 10.32
8.31 10.32
8.31 10.32
8.49 10.32
8.49 10.32
8.49 10.32
8.67 10.32
8.67 10.32
8.67 10.32
9.22 10.32
9.22 10.32
9.22 10.32
9.40 10.32
9.40 10.32
9.40 10.32
9.59 10.32
9.59 10.32
9.59 10.32
7.94 10.50
7.94 10.50
7.94 10.50
8.85 10.50
8.85 10.50
8.85 10.50
9.04 10.50
9.04 10.50
9.04 10.50
10.68 10.50
10.68 10.50
10.68 10.50
7.76 10.68
7.76 10.68
7.76 10.68
7.94 10.68
7.94 10.68
7.94 10.68
8.12 10.68
8.12 10.68
8.12 10.68
8.31 10.68
8.31 10.68
8.31 10.68
8.67 10.68
8.67 10.68
8.67 10.68
8.85 10.68
8.85 10.68
8.85 10.68
10.86 10.68
10.86 10.68
10.86 10.68
8.67 10.86
8.67 10.86
8.67 10.86
9.04 10.86
9.04 10.86
9.04 10.86
11.05 10.86
11.05 10.86
11.05 10.86
11.59 10.86
11.59 10.86
11.59 10.86
12.14 10.86
12.14 10.86
12.14 10.86
8.49 11.05
8.49 11.05
8.49 11.05
8.85 11.05
8.85 11.05
8.85 11.05
9.22 11.05
9.22 11.05
9.22 11.05
9.59 11.05
9.59 11.05
9.59 11.05
11.05 11.05
11.05 11.05
11.05 11.05
11.23 11.05
11.23 11.05
11.23 11.05
11.59 11.05
11.59 11.05
11.59 11.05
11.78 11.05
11.78 11.05
11.78 11.05
12.14 11.05
12.14 11.05
12.14 11.05
8.85 11.23
8.85 11.23
8.85 11.23
11.59 11.23
11.59 11.23
11.59 11.23
11.78 11.23
11.78 11.23
11.78 11.23
12.14 11.23
12.14 11.23
12.14 11.23
8.49 11.41
8.49 11.41
8.49 11.41
8.67 11.41
8.67 11.41
8.67 11.41
8.85 11.41
8.85 11.41
8.85 11.41
9.04 11.41
9.04 11.41
9.04 11.41
11.78 11.41
11.78 11.41
11.78 11.41
12.14 11.41
12.14 11.41
12.14 11.41
8.49 11.59
8.49 11.59
8.49 11.59
9.59 11.59
9.59 11.59
9.59 11.59
11.23 11.59
11.23 11.59
11.23 11.59
11.41 11.59
11.41 11.59
11.41 11.59
12.14 11.59
12.14 11.59
12.14 11.59
9.40 11.78
9.40 11.78
9.40 11.78
9.59 11.78
9.59 11.78
9.59 11.78
10.68 11.78
10.68 11.78
10.68 11.78
11.05 11.78
11.05 11.78
11.05 11.78
11.23 11.78
11.23 11.78
11.23 11.78
11.41 11.78
11.41 11.78
11.41 11.78
11.78 11.78
11.78 11.78
11.78 11.78
12.14 11.78
12.14 11.78
12.14 11.78
9.95 11.96
9.95 11.96
9.95 11.96
10.13 11.96
10.13 11.96
10.13 11.96
11.05 11.96
11.05 11.96
11.05 11.96
11.23 11.96
11.23 11.96
11.23 11.96
11.41 11.96
11.41 11.96
11.41 11.96
11.59 11.96
11.59 11.96
11.59 11.96
11.78 11.96
11.78 11.96
11.78 11.96
9.59 12.14
9.59 12.14
9.59 12.14
9.77 12.14
9.77 12.14
9.77 12.14
11.41 12.14
11.41 12.14
11.41 12.14
11.59 12.14
11.59 12.14
11.59 12.14
11.78 12.14
11.78 12.14
11.78 12.14
12.14 12.14
12.14 12.14
12.14 12.14
9.22 12.32
9.22 12.32
9.22 12.32
9.40 12.32
9.40 12.32
9.40 12.32
9.95 12.32
9.95 12.32
9.95 12.32
10.32 12.32
10.32 12.32
10.32 12.32
10.68 12.32
10.68 12.32
10.68 12.32
10.86 12.32
10.86 12.32
10.86 12.32
11.05 12.32
11.05 12.32
11.05 12.32
11.59 12.32
11.59 12.32
11.59 12.32
11.78 12.32
11.78 12.32
11.78 12.32
12.14 12.32
12.14 12.32
12.14 12.32
9.77 12.51
9.77 12.51
9.77 12.51
10.32 12.51
10.32 12.51
10.32 12.51
10.50 12.51
10.50 12.51
10.50 12.51
10.68 12.51
10.68 12.51
10.68 12.51
10.86 12.51
10.86 12.51
10.86 12.51
11.41 12.51
11.41 12.51
11.41 12.51
11.59 12.51
11.59 12.51
11.59 12.51
11.78 12.51
11.78 12.51
11.78 12.51
11.96 12.51
11.96 12.51
11.96 12.51
12.69 12.51
12.69 12.51
12.69 12.51
12.87 12.51
12.87 12.51
12.87 12.51
9.95 12.69
9.95 12.69
9.95 12.69
10.13 12.69
10.13 12.69
10.13 12.69
10.50 12.69
10.50 12.69
10.50 12.69
10.68 12.69
10.68 12.69
10.68 12.69
10.86 12.69
10.86 12.69
10.86 12.69
11.05 12.69
11.05 12.69
11.05 12.69
11.23 12.69
11.23 12.69
11.23 12.69
11.41 12.69
11.41 12.69
11.41 12.69
11.59 12.69
11.59 12.69
11.59 12.69
11.78 12.69
11.78 12.69
11.78 12.69
11.96 12.69
11.96 12.69
11.96 12.69
12.14 12.69
12.14 12.69
12.14 12.69
12.32 12.69
12.32 12.69
12.32 12.69
12.51 12.69
12.51 12.69
12.51 12.69
12.69 12.69
12.69 12.69
12.69 12.69
12.87 12.69
12.87 12.69
12.87 12.69
13.05 12.69
13.05 12.69
13.05 12.69
13.24 12.69
13.24 12.69
13.24 12.69
13.42 12.69
13.42 12.69
13.42 12.69
10.13 12.87
10.13 12.87
10.13 12.87
10.68 12.87
10.68 12.87
10.68 12.87
10.86 12.87
10.86 12.87
10.86 12.87
11.05 12.87
11.05 12.87
11.05 12.87
11.23 12.87
11.23 12.87
11.23 12.87
9.77 13.05
9.77 13.05
9.77 13.05
10.13 13.05
10.13 13.05
10.13 13.05
10.32 13.05
10.32 13.05
10.32 13.05
10.50 13.05
10.50 13.05
10.50 13.05
10.68 13.05
10.68 13.05
10.68 13.05
10.86 13.05
10.86 13.05
10.86 13.05
12.69 13.05
12.69 13.05
12.69 13.05
12.87 13.05
12.87 13.05
12.87 13.05
9.77 13.24
9.77 13.24
9.77 13.24
10.50 13.24
10.50 13.24
10.50 13.24
10.68 13.24
10.68 13.24
10.68 13.24
10.86 13.24
10.86 13.24
10.86 13.24
12.69 13.24
12.69 13.24
12.69 13.24
13.05 13.24
13.05 13.24
13.05 13.24
13.24 13.24
13.24 13.24
13.24 13.24
13.42 13.24
13.42 13.24
13.42 13.24
11.59 13.42
11.59 13.42
11.59 13.42
11.78 13.42
11.78 13.42
11.78 13.42
11.96 13.42
11.96 13.42
11.96 13.42
12.69 13.42
12.69 13.42
12.69 13.42
12.87 13.42
12.87 13.42
12.87 13.42
13.05 13.42
13.05 13.42
13.05 13.42
13.24 13.42
13.24 13.42
13.24 13.42
11.41 13.60
11.41 13.60
11.41 13.60
11.59 13.60
11.59 13.60
11.59 13.60
11.78 13.60
11.78 13.60
11.78 13.60
13.24 13.60
13.24 13.60
13.24 13.60
13.42 13.60
13.42 13.60
13.42 13.60
10.86 13.78
10.86 13.78
10.86 13.78
11.05 13.78
11.05 13.78
11.05 13.78
11.23 13.78
11.23 13.78
11.23 13.78
11.41 13.78
11.41 13.78
11.41 13.78
11.59 13.78
11.59 13.78
11.59 13.78
11.78 13.78
11.78 13.78
11.78 13.78
12.51 13.78
12.51 13.78
12.51 13.78
12.87 13.78
12.87 13.78
12.87 13.78
13.05 13.78
13.05 13.78
13.05 13.78
10.50 13.97
10.50 13.97
10.50 13.97
10.68 13.97
10.68 13.97
10.68 13.97
11.05 13.97
11.05 13.97
11.05 13.97
11.23 13.97
11.23 13.97
11.23 13.97
11.41 13.97
11.41 13.97
11.41 13.97
11.59 13.97
11.59 13.97
11.59 13.97
11.96 13.97
11.96 13.97
11.96 13.97
12.14 13.97
12.14 13.97
12.14 13.97
12.51 13.97
12.51 13.97
12.51 13.97
12.87 13.97
12.87 13.97
12.87 13.97
13.05 13.97
13.05 13.97
13.05 13.97
11.41 14.15
11.41 14.15
11.41 14.15
11.59 14.15
11.59 14.15
11.59 14.15
12.14 14.15
12.14 14.15
12.14 14.15
12.69 14.15
12.69 14.15
12.69 14.15
12.87 14.15
12.87 14.15
12.87 14.15
13.60 14.15
13.60 14.15
13.60 14.15
13.97 14.15
13.97 14.15
13.97 14.15
11.41 14.33
11.41 14.33
11.41 14.33
11.59 14.33
11.59 14.33
11.59 14.33
12.32 14.33
12.32 14.33
12.32 14.33
12.51 14.33
12.51 14.33
12.51 14.33
13.05 14.33
13.05 14.33
13.05 14.33
13.24 14.33
13.24 14.33
13.24 14.33
13.60 14.33
13.60 14.33
13.60 14.33
13.97 14.33
13.97 14.33
13.97 14.33
14.15 14.33
14.15 14.33
14.15 14.33
11.05 14.51
11.05 14.51
11.05 14.51
13.60 14.51
13.60 14.51
13.60 14.51
13.78 14.51
13.78 14.51
13.78 14.51
14.15 14.51
14.15 14.51
14.15 14.51
11.05 14.70
11.05 14.70
11.05 14.70
11.96 14.70
11.96 14.70
11.96 14.70
13.78 14.70
13.78 14.70
13.78 14.70
13.97 14.70
13.97 14.70
13.97 14.70
11.05 14.88
11.05 14.88
11.05 14.88
11.23 14.88
11.23 14.88
11.23 14.88
11.96 14.88
11.96 14.88
11.96 14.88
13.60 14.88
13.60 14.88
13.60 14.88
13.78 14.88
13.78 14.88
13.78 14.88
13.97 14.88
13.97 14.88
13.97 14.88
14.15 14.88
14.15 14.88
14.15 14.88
14.33 14.88
14.33 14.88
14.33 14.88
11.05 15.06
11.05 15.06
11.05 15.06
11.23 15.06
11.23 15.06
11.23 15.06
11.41 15.06
11.41 15.06
11.41 15.06
11.96 15.06
11.96 15.06
11.96 15.06
13.05 15.06
13.05 15.06
13.05 15.06
13.97 15.06
13.97 15.06
13.97 15.06
14.33 15.06
14.33 15.06
14.33 15.06
14.51 15.06
14.51 15.06
14.51 15.06
12.14 15.25
12.14 15.25
12.14 15.25
12.32 15.25
12.32 15.25
12.32 15.25
12.51 15.25
12.51 15.25
12.51 15.25
13.42 15.25
13.42 15.25
13.42 15.25
14.33 15.25
14.33 15.25
14.33 15.25
14.51 15.25
14.51 15.25
14.51 15.25
11.78 15.43
11.78 15.43
11.78 15.43
11.96 15.43
11.96 15.43
11.96 15.43
12.14 15.43
12.14 15.43
12.14 15.43
12.51 15.43
12.51 15.43
12.51 15.43
12.87 15.43
12.87 15.43
12.87 15.43
14.33 15.43
14.33 15.43
14.33 15.43
14.70 15.43
14.70 15.43
14.70 15.43
11.96 15.61
11.96 15.61
11.96 15.61
12.32 15.61
12.32 15.61
12.32 15.61
12.87 15.61
12.87 15.61
12.87 15.61
14.33 15.61
14.33 15.61
14.33 15.61
14.51 15.61
14.51 15.61
14.51 15.61
11.78 15.79
11.78 15.79
11.78 15.79
11.96 15.79
11.96 15.79
11.96 15.79
12.32 15.79
12.32 15.79
12.32 15.79
12.51 15.79
12.51 15.79
12.51 15.79
12.69 15.79
12.69 15.79
12.69 15.79
14.51 15.79
14.51 15.79
14.51 15.79
14.70 15.79
14.70 15.79
14.70 15.79
12.69 15.98
12.69 15.98
12.69 15.98
12.87 15.98
12.87 15.98
12.87 15.98
13.05 15.98
13.05 15.98
13.05 15.98
13.42 15.98
13.42 15.98
13.42 15.98
13.97 15.98
13.97 15.98
13.97 15.98
14.15 15.98
14.15 15.98
14.15 15.98
12.51 16.16
12.51 16.16
12.51 16.16
13.05 16.16
13.05 16.16
13.05 16.16
13.24 16.16
13.24 16.16
13.24 16.16
13.60 16.16
13.60 16.16
13.60 16.16
13.78 16.16
13.78 16.16
13.78 16.16
13.97 16.16
13.97 16.16
13.97 16.16
12.69 16.34
12.69 16.34
12.69 16.34
12.87 16.34
12.87 16.34
12.87 16.34
13.05 16.34
13.05 16.34
13.05 16.34
13.42 16.34
13.42 16.34
13.42 16.34
13.60 16.34
13.60 16.34
13.60 16.34
13.97 16.34
13.97 16.34
13.97 16.34
12.87 16.52
12.87 16.52
12.87 16.52
13.05 16.52
13.05 16.52
13.05 16.52
13.24 16.52
13.24 16.52
13.24 16.52
13.42 16.52
13.42 16.52
13.42 16.52
13.60 16.52
13.60 16.52
13.60 16.52
14.15 16.71
14.15 16.71
14.15 16.71
13.24 17.07
13.24 17.07
13.24 17.07
13.42 17.07
13.42 17.07
13.42 17.07
13.42 17.25
13.42 17.25
13.42 17.25
13.24 17.44
13.24 17.44
13.24 17.44
13.97 17.80
13.97 17.80
13.97 17.80
14.15 17.80
14.15 17.80
14.15 17.80
13.60 17.98
13.60 17.98
13.60 17.98
