5.75 6.30
5.75 6.30
5.75 6.30
5.93 6.30
5.93 6.30
5.93 6.30
6.12 6.30
6.12 6.30
6.12 6.30
6.12 6.48
6.12 6.48
6.12 6.48
6.30 6.66
6.30 6.66
6.30 6.66
6.48 6.66
6.48 6.66
6.48 6.66
6.66 6.66
6.66 6.66
6.66 6.66
6.30 6.85
6.30 6.85
6.30 6.85
6.66 7.03
6.66 7.03
6.66 7.03
4.47 7.21
4.47 7.21
4.47 7.21
4.84 7.21
4.84 7.21
4.84 7.21
7.03 7.21
7.03 7.21
7.03 7.21
7.39 7.21
7.39 7.21
7.39 7.21
7.58 7.21
7.58 7.21
7.58 7.21
4.47 7.39
4.47 7.39
4.47 7.39
4.84 7.39
4.84 7.39
4.84 7.39
5.02 7.39
5.02 7.39
5.02 7.39
5.39 7.39
5.39 7.39
5.39 7.39
5.57 7.39
5.57 7.39
5.57 7.39
4.66 7.58
4.66 7.58
4.66 7.58
4.84 7.58
4.84 7.58
4.84 7.58
5.20 7.58
5.20 7.58
5.20 7.58
5.57 7.58
5.57 7.58
5.57 7.58
5.02 7.76
5.02 7.76
5.02 7.76
5.39 7.76
5.39 7.76
5.39 7.76
5.02 7.94
5.02 7.94
5.02 7.94
5.20 7.94
5.20 7.94
5.20 7.94
5.57 7.94
5.57 7.94
5.57 7.94
5.93 7.94
5.93 7.94
5.93 7.94
6.12 7.94
6.12 7.94
6.12 7.94
7.76 7.94
7.76 7.94
7.76 7.94
8.12 7.94
8.12 7.94
8.12 7.94
5.20 8.12
5.20 8.12
5.20 8.12
5.57 8.12
5.57 8.12
5.57 8.12
5.93 8.12
5.93 8.12
5.93 8.12
6.12 8.12
6.12 8.12
6.12 8.12
5.39 8.31
5.39 8.31
5.39 8.31
5.57 8.31
5.57 8.31
5.57 8.31
5.93 8.31
5.93 8.31
5.93 8.31
7.76 8.31
7.76 8.31
7.76 8.31
7.94 8.31
7.94 8.31
7.94 8.31
8.12 8.31
8.12 8.31
8.12 8.31
5.02 8.49
5.02 8.49
5.02 8.49
5.93 8.49
5.93 8.49
5.93 8.49
6.12 8.49
6.12 8.49
6.12 8.49
7.58 8.49
7.58 8.49
7.58 8.49
8.31 8.49
8.31 8.49
8.31 8.49
8.67 8.49
8.67 8.49
8.67 8.49
8.85 8.49
8.85 8.49
8.85 8.49
6.12 8.67
6.12 8.67
6.12 8.67
6.30 8.67
6.30 8.67
6.30 8.67
6.66 8.67
6.66 8.67
6.66 8.67
8.31 8.67
8.31 8.67
8.31 8.67
9.40 8.67
9.40 8.67
9.40 8.67
8.49 8.85
8.49 8.85
8.49 8.85
8.67 8.85
8.67 8.85
8.67 8.85
9.04 8.85
9.04 8.85
9.04 8.85
6.85 9.04
6.85 9.04
6.85 9.04
8.31 9.04
8.31 9.04
8.31 9.04
8.85 9.04
8.85 9.04
8.85 9.04
9.22 9.04
9.22 9.04
9.22 9.04
9.40 9.04
9.40 9.04
9.40 9.04
6.30 9.22
6.30 9.22
6.30 9.22
7.03 9.22
7.03 9.22
7.03 9.22
7.21 9.22
7.21 9.22
7.21 9.22
7.39 9.22
7.39 9.22
7.39 9.22
7.58 9.22
7.58 9.22
7.58 9.22
8.49 9.22
8.49 9.22
8.49 9.22
9.22 9.22
9.22 9.22
9.22 9.22
9.40 9.22
9.40 9.22
9.40 9.22
7.21 9.40
7.21 9.40
7.21 9.40
7.76 9.40
7.76 9.40
7.76 9.40
7.94 9.40
7.94 9.40
7.94 9.40
8.12 9.40
8.12 9.40
8.12 9.40
9.04 9.40
9.04 9.40
9.04 9.40
6.30 9.59
6.30 9.59
6.30 9.59
6.66 9.59
6.66 9.59
6.66 9.59
7.21 9.59
7.21 9.59
7.21 9.59
9.22 9.59
9.22 9.59
9.22 9.59
6.30 9.77
6.30 9.77
6.30 9.77
6.48 9.77
6.48 9.77
6.48 9.77
6.66 9.77
6.66 9.77
6.66 9.77
6.85 9.77
6.85 9.77
6.85 9.77
7.03 9.77
7.03 9.77
7.03 9.77
7.21 9.77
7.21 9.77
7.21 9.77
7.39 9.77
7.39 9.77
7.39 9.77
9.40 9.77
9.40 9.77
9.40 9.77
7.39 9.95
7.39 9.95
7.39 9.95
7.58 9.95
7.58 9.95
7.58 9.95
8.85 9.95
8.85 9.95
8.85 9.95
9.04 9.95
9.04 9.95
9.04 9.95
9.22 9.95
9.22 9.95
9.22 9.95
9.59 9.95
9.59 9.95
9.59 9.95
10.13 9.95
10.13 9.95
10.13 9.95
8.31 10.13
8.31 10.13
8.31 10.13
8.49 10.13
8.49 10.13
8.49 10.13
8.67 10.13
8.67 10.13
8.67 10.13
9.40 10.13
9.40 10.13
9.40 10.13
9.77 10.13
9.77 10.13
9.77 10.13
10.50 10.13
10.50 10.13
10.50 10.13
10.68 10.13
10.68 10.13
10.68 10.13
7.76 10.32
7.76 10.32
7.76 10.32
8.12 10.32
8.12 10.32
8.12 10.32
9.22 10.32
9.22 10.32
9.22 10.32
9.40 10.32
9.40 10.32
9.40 10.32
9.59 10.32
9.59 10.32
9.59 10.32
9.77 10.32
9.77 10.32
9.77 10.32
10.32 10.32
10.32 10.32
10.32 10.32
8.49 10.50
8.49 10.50
8.49 10.50
8.67 10.50
8.67 10.50
8.67 10.50
8.85 10.50
8.85 10.50
8.85 10.50
9.04 10.50
9.04 10.50
9.04 10.50
9.22 10.50
9.22 10.50
9.22 10.50
9.95 10.50
9.95 10.50
9.95 10.50
10.13 10.50
10.13 10.50
10.13 10.50
10.32 10.50
10.32 10.50
10.32 10.50
10.68 10.50
10.68 10.50
10.68 10.50
8.31 10.68
8.31 10.68
8.31 10.68
9.22 10.68
9.22 10.68
9.22 10.68
9.40 10.68
9.40 10.68
9.40 10.68
9.59 10.68
9.59 10.68
9.59 10.68
9.77 10.68
9.77 10.68
9.77 10.68
9.95 10.68
9.95 10.68
9.95 10.68
10.68 10.68
10.68 10.68
10.68 10.68
8.31 10.86
8.31 10.86
8.31 10.86
8.49 10.86
8.49 10.86
8.49 10.86
8.67 10.86
8.67 10.86
8.67 10.86
9.22 10.86
9.22 10.86
9.22 10.86
9.59 10.86
9.59 10.86
9.59 10.86
10.13 10.86
10.13 10.86
10.13 10.86
10.50 10.86
10.50 10.86
10.50 10.86
10.68 10.86
10.68 10.86
10.68 10.86
8.31 11.05
8.31 11.05
8.31 11.05
8.49 11.05
8.49 11.05
8.49 11.05
9.04 11.05
9.04 11.05
9.04 11.05
10.86 11.05
10.86 11.05
10.86 11.05
11.23 11.05
11.23 11.05
11.23 11.05
8.31 11.23
8.31 11.23
8.31 11.23
8.67 11.23
8.67 11.23
8.67 11.23
8.85 11.23
8.85 11.23
8.85 11.23
9.04 11.23
9.04 11.23
9.04 11.23
10.86 11.23
10.86 11.23
10.86 11.23
11.05 11.23
11.05 11.23
11.05 11.23
8.31 11.41
8.31 11.41
8.31 11.41
8.49 11.41
8.49 11.41
8.49 11.41
8.67 11.41
8.67 11.41
8.67 11.41
9.22 11.41
9.22 11.41
9.22 11.41
9.40 11.41
9.40 11.41
9.40 11.41
11.41 11.41
11.41 11.41
11.41 11.41
11.59 11.41
11.59 11.41
11.59 11.41
11.78 11.41
11.78 11.41
11.78 11.41
9.04 11.59
9.04 11.59
9.04 11.59
9.22 11.59
9.22 11.59
9.22 11.59
10.86 11.59
10.86 11.59
10.86 11.59
11.05 11.59
11.05 11.59
11.05 11.59
9.04 11.78
9.04 11.78
9.04 11.78
9.22 11.78
9.22 11.78
9.22 11.78
9.40 11.78
9.40 11.78
9.40 11.78
11.41 11.78
11.41 11.78
11.41 11.78
11.59 11.78
11.59 11.78
11.59 11.78
11.78 11.78
11.78 11.78
11.78 11.78
11.96 11.78
11.96 11.78
11.96 11.78
9.59 11.96
9.59 11.96
9.59 11.96
9.95 11.96
9.95 11.96
9.95 11.96
10.13 11.96
10.13 11.96
10.13 11.96
11.05 11.96
11.05 11.96
11.05 11.96
11.23 11.96
11.23 11.96
11.23 11.96
11.41 11.96
11.41 11.96
11.41 11.96
11.96 11.96
11.96 11.96
11.96 11.96
9.04 12.14
9.04 12.14
9.04 12.14
9.22 12.14
9.22 12.14
9.22 12.14
9.40 12.14
9.40 12.14
9.40 12.14
9.95 12.14
9.95 12.14
9.95 12.14
10.13 12.14
10.13 12.14
10.13 12.14
10.32 12.14
10.32 12.14
10.32 12.14
10.50 12.14
10.50 12.14
10.50 12.14
10.68 12.14
10.68 12.14
10.68 12.14
10.86 12.14
10.86 12.14
10.86 12.14
11.23 12.14
11.23 12.14
11.23 12.14
11.41 12.14
11.41 12.14
11.41 12.14
11.78 12.14
11.78 12.14
11.78 12.14
9.95 12.32
9.95 12.32
9.95 12.32
10.32 12.32
10.32 12.32
10.32 12.32
10.50 12.32
10.50 12.32
10.50 12.32
11.41 12.32
11.41 12.32
11.41 12.32
11.78 12.32
11.78 12.32
11.78 12.32
11.96 12.32
11.96 12.32
11.96 12.32
9.59 12.51
9.59 12.51
9.59 12.51
9.95 12.51
9.95 12.51
9.95 12.51
10.13 12.51
10.13 12.51
10.13 12.51
9.59 12.69
9.59 12.69
9.59 12.69
9.77 12.69
9.77 12.69
9.77 12.69
9.95 12.69
9.95 12.69
9.95 12.69
10.50 12.69
10.50 12.69
10.50 12.69
10.68 12.69
10.68 12.69
10.68 12.69
12.51 12.69
12.51 12.69
12.51 12.69
12.69 12.69
12.69 12.69
12.69 12.69
9.95 12.87
9.95 12.87
9.95 12.87
10.13 12.87
10.13 12.87
10.13 12.87
10.32 12.87
10.32 12.87
10.32 12.87
10.50 12.87
10.50 12.87
10.50 12.87
10.68 12.87
10.68 12.87
10.68 12.87
11.96 12.87
11.96 12.87
11.96 12.87
12.14 12.87
12.14 12.87
12.14 12.87
12.32 12.87
12.32 12.87
12.32 12.87
12.69 12.87
12.69 12.87
12.69 12.87
12.87 12.87
12.87 12.87
12.87 12.87
13.05 12.87
13.05 12.87
13.05 12.87
13.42 12.87
13.42 12.87
13.42 12.87
9.77 13.05
9.77 13.05
9.77 13.05
10.13 13.05
10.13 13.05
10.13 13.05
10.32 13.05
10.32 13.05
10.32 13.05
10.50 13.05
10.50 13.05
10.50 13.05
11.59 13.05
11.59 13.05
11.59 13.05
11.78 13.05
11.78 13.05
11.78 13.05
11.96 13.05
11.96 13.05
11.96 13.05
12.51 13.05
12.51 13.05
12.51 13.05
12.87 13.05
12.87 13.05
12.87 13.05
13.24 13.05
13.24 13.05
13.24 13.05
10.86 13.24
10.86 13.24
10.86 13.24
11.59 13.24
11.59 13.24
11.59 13.24
11.78 13.24
11.78 13.24
11.78 13.24
12.69 13.24
12.69 13.24
12.69 13.24
12.87 13.24
12.87 13.24
12.87 13.24
13.05 13.24
13.05 13.24
13.05 13.24
13.24 13.24
13.24 13.24
13.24 13.24
13.42 13.24
13.42 13.24
13.42 13.24
10.32 13.42
10.32 13.42
10.32 13.42
10.50 13.42
10.50 13.42
10.50 13.42
11.05 13.42
11.05 13.42
11.05 13.42
11.96 13.42
11.96 13.42
11.96 13.42
12.14 13.42
12.14 13.42
12.14 13.42
12.32 13.42
12.32 13.42
12.32 13.42
12.69 13.42
12.69 13.42
12.69 13.42
13.42 13.42
13.42 13.42
13.42 13.42
10.86 13.60
10.86 13.60
10.86 13.60
11.05 13.60
11.05 13.60
11.05 13.60
11.96 13.60
11.96 13.60
11.96 13.60
12.14 13.60
12.14 13.60
12.14 13.60
12.32 13.60
12.32 13.60
12.32 13.60
12.51 13.60
12.51 13.60
12.51 13.60
13.24 13.60
13.24 13.60
13.24 13.60
10.68 13.78
10.68 13.78
10.68 13.78
11.59 13.78
11.59 13.78
11.59 13.78
11.78 13.78
11.78 13.78
11.78 13.78
11.96 13.78
11.96 13.78
11.96 13.78
12.87 13.78
12.87 13.78
12.87 13.78
13.42 13.78
13.42 13.78
13.42 13.78
11.05 13.97
11.05 13.97
11.05 13.97
12.32 13.97
12.32 13.97
12.32 13.97
12.69 13.97
12.69 13.97
12.69 13.97
12.87 13.97
12.87 13.97
12.87 13.97
13.24 13.97
13.24 13.97
13.24 13.97
10.68 14.15
10.68 14.15
10.68 14.15
10.86 14.15
10.86 14.15
10.86 14.15
12.87 14.15
12.87 14.15
12.87 14.15
13.05 14.15
13.05 14.15
13.05 14.15
13.24 14.15
13.24 14.15
13.24 14.15
13.42 14.15
13.42 14.15
13.42 14.15
11.41 14.33
11.41 14.33
11.41 14.33
12.32 14.33
12.32 14.33
12.32 14.33
12.51 14.33
12.51 14.33
12.51 14.33
13.05 14.33
13.05 14.33
13.05 14.33
13.78 14.33
13.78 14.33
13.78 14.33
13.97 14.33
13.97 14.33
13.97 14.33
11.05 14.51
11.05 14.51
11.05 14.51
11.78 14.51
11.78 14.51
11.78 14.51
11.96 14.51
11.96 14.51
11.96 14.51
12.87 14.51
12.87 14.51
12.87 14.51
13.42 14.51
13.42 14.51
13.42 14.51
11.78 14.70
11.78 14.70
11.78 14.70
11.96 14.70
11.96 14.70
11.96 14.70
12.14 14.70
12.14 14.70
12.14 14.70
12.32 14.70
12.32 14.70
12.32 14.70
13.97 14.70
13.97 14.70
13.97 14.70
11.59 14.88
11.59 14.88
11.59 14.88
11.78 14.88
11.78 14.88
11.78 14.88
12.51 14.88
12.51 14.88
12.51 14.88
12.87 14.88
12.87 14.88
12.87 14.88
13.05 14.88
13.05 14.88
13.05 14.88
13.24 14.88
13.24 14.88
13.24 14.88
13.42 14.88
13.42 14.88
13.42 14.88
13.60 14.88
13.60 14.88
13.60 14.88
12.69 15.06
12.69 15.06
12.69 15.06
12.87 15.06
12.87 15.06
12.87 15.06
14.33 15.06
14.33 15.06
14.33 15.06
14.70 15.06
14.70 15.06
14.70 15.06
11.59 15.25
11.59 15.25
11.59 15.25
11.78 15.25
11.78 15.25
11.78 15.25
12.32 15.25
12.32 15.25
12.32 15.25
12.51 15.25
12.51 15.25
12.51 15.25
13.24 15.25
13.24 15.25
13.24 15.25
13.60 15.25
13.60 15.25
13.60 15.25
14.15 15.25
14.15 15.25
14.15 15.25
11.78 15.43
11.78 15.43
11.78 15.43
11.96 15.43
11.96 15.43
11.96 15.43
12.32 15.43
12.32 15.43
12.32 15.43
12.51 15.43
12.51 15.43
12.51 15.43
12.87 15.43
12.87 15.43
12.87 15.43
14.15 15.43
14.15 15.43
14.15 15.43
14.51 15.43
14.51 15.43
14.51 15.43
11.59 15.61
11.59 15.61
11.59 15.61
12.14 15.61
12.14 15.61
12.14 15.61
14.15 15.61
14.15 15.61
14.15 15.61
14.51 15.61
14.51 15.61
14.51 15.61
14.70 15.61
14.70 15.61
14.70 15.61
11.59 15.79
11.59 15.79
11.59 15.79
11.78 15.79
11.78 15.79
11.78 15.79
11.96 15.79
11.96 15.79
11.96 15.79
12.32 15.79
12.32 15.79
12.32 15.79
14.33 15.79
14.33 15.79
14.33 15.79
14.51 15.79
14.51 15.79
14.51 15.79
12.14 15.98
12.14 15.98
12.14 15.98
12.32 15.98
12.32 15.98
12.32 15.98
13.97 15.98
13.97 15.98
13.97 15.98
14.70 15.98
14.70 15.98
14.70 15.98
12.51 16.16
12.51 16.16
12.51 16.16
12.69 16.16
12.69 16.16
12.69 16.16
13.24 16.16
13.24 16.16
13.24 16.16
13.42 16.16
13.42 16.16
13.42 16.16
14.33 16.16
14.33 16.16
14.33 16.16
14.51 16.16
14.51 16.16
14.51 16.16
14.70 16.16
14.70 16.16
14.70 16.16
13.05 16.34
13.05 16.34
13.05 16.34
13.24 16.34
13.24 16.34
13.24 16.34
13.60 16.34
13.60 16.34
13.60 16.34
13.78 16.34
13.78 16.34
13.78 16.34
13.42 16.52
13.42 16.52
13.42 16.52
13.60 16.52
13.60 16.52
13.60 16.52
13.97 16.52
13.97 16.52
13.97 16.52
13.05 16.71
13.05 16.71
13.05 16.71
13.42 16.71
13.42 16.71
13.42 16.71
13.78 16.71
13.78 16.71
13.78 16.71
13.05 16.89
13.05 16.89
13.05 16.89
13.60 16.89
13.60 16.89
13.60 16.89
13.78 16.89
13.78 16.89
13.78 16.89
13.97 16.89
13.97 16.89
13.97 16.89
12.87 17.07
12.87 17.07
12.87 17.07
13.24 17.07
13.24 17.07
13.24 17.07
13.42 17.07
13.42 17.07
13.42 17.07
13.97 17.07
13.97 17.07
13.97 17.07
13.05 17.25
13.05 17.25
13.05 17.25
13.24 17.25
13.24 17.25
13.24 17.25
13.42 17.25
13.42 17.25
13.42 17.25
13.60 17.25
13.60 17.25
13.60 17.25
13.97 17.25
13.97 17.25
13.97 17.25
13.05 17.44
13.05 17.44
13.05 17.44
13.60 17.44
13.60 17.44
13.60 17.44
13.97 17.44
13.97 17.44
13.97 17.44
13.42 17.62
13.42 17.62
13.42 17.62
13.60 17.62
13.60 17.62
13.60 17.62
13.78 17.62
13.78 17.62
13.78 17.62
13.42 17.80
13.42 17.80
13.42 17.80
13.60 17.80
13.60 17.80
13.60 17.80
13.42 17.98
13.42 17.98
13.42 17.98
13.42 18.17
13.42 18.17
13.42 18.17
13.42 18.35
13.42 18.35
13.42 18.35
