2.10 -45.37
2.10 -45.37
2.10 -45.37
2.46 -45.19
2.46 -45.19
2.46 -45.19
1.92 -45.01
1.92 -45.01
1.92 -45.01
2.10 -45.01
2.10 -45.01
2.10 -45.01
2.28 -45.01
2.28 -45.01
2.28 -45.01
1.73 -44.82
1.73 -44.82
1.73 -44.82
1.92 -44.82
1.92 -44.82
1.92 -44.82
2.65 -44.82
2.65 -44.82
2.65 -44.82
2.83 -44.82
2.83 -44.82
2.83 -44.82
3.01 -44.82
3.01 -44.82
3.01 -44.82
2.10 -44.64
2.10 -44.64
2.10 -44.64
2.46 -44.64
2.46 -44.64
2.46 -44.64
3.01 -44.64
3.01 -44.64
3.01 -44.64
3.20 -44.64
3.20 -44.64
3.20 -44.64
5.57 -42.81
5.57 -42.81
5.57 -42.81
4.84 -42.63
4.84 -42.63
4.84 -42.63
5.02 -42.63
5.02 -42.63
5.02 -42.63
5.39 -42.63
5.39 -42.63
5.39 -42.63
5.20 -42.45
5.20 -42.45
5.20 -42.45
5.02 -42.27
5.02 -42.27
5.02 -42.27
5.20 -42.27
5.20 -42.27
5.20 -42.27
5.02 -42.08
5.02 -42.08
5.02 -42.08
4.84 -41.90
4.84 -41.90
4.84 -41.90
5.02 -41.90
5.02 -41.90
5.02 -41.90
5.39 -41.90
5.39 -41.90
5.39 -41.90
4.11 -41.72
4.11 -41.72
4.11 -41.72
4.29 -41.72
4.29 -41.72
4.29 -41.72
4.66 -41.72
4.66 -41.72
4.66 -41.72
5.20 -41.72
5.20 -41.72
5.20 -41.72
4.84 -41.54
4.84 -41.54
4.84 -41.54
4.11 -41.35
4.11 -41.35
4.11 -41.35
4.47 -41.35
4.47 -41.35
4.47 -41.35
5.93 -41.35
5.93 -41.35
5.93 -41.35
6.12 -41.35
6.12 -41.35
6.12 -41.35
5.02 -41.17
5.02 -41.17
5.02 -41.17
5.20 -41.17
5.20 -41.17
5.20 -41.17
5.39 -41.17
5.39 -41.17
5.39 -41.17
5.57 -41.17
5.57 -41.17
5.57 -41.17
4.29 -40.99
4.29 -40.99
4.29 -40.99
4.84 -40.99
4.84 -40.99
4.84 -40.99
5.75 -40.99
5.75 -40.99
5.75 -40.99
5.39 -40.81
5.39 -40.81
5.39 -40.81
5.75 -40.81
5.75 -40.81
5.75 -40.81
5.93 -40.81
5.93 -40.81
5.93 -40.81
6.12 -40.81
6.12 -40.81
6.12 -40.81
5.57 -40.62
5.57 -40.62
5.57 -40.62
5.75 -40.62
5.75 -40.62
5.75 -40.62
6.12 -40.62
6.12 -40.62
6.12 -40.62
5.75 -40.44
5.75 -40.44
5.75 -40.44
6.12 -40.44
6.12 -40.44
6.12 -40.44
5.57 -40.26
5.57 -40.26
5.57 -40.26
5.75 -40.26
5.75 -40.26
5.75 -40.26
6.12 -40.26
6.12 -40.26
6.12 -40.26
5.75 -40.08
5.75 -40.08
5.75 -40.08
5.75 -39.89
5.75 -39.89
5.75 -39.89
6.12 -39.89
6.12 -39.89
6.12 -39.89
0.64 -34.78
0.64 -34.78
0.64 -34.78
0.82 -34.78
0.82 -34.78
0.82 -34.78
1.00 -34.78
1.00 -34.78
1.00 -34.78
1.19 -34.78
1.19 -34.78
1.19 -34.78
-0.09 -34.42
-0.09 -34.42
-0.09 -34.42
0.09 -34.42
0.09 -34.42
0.09 -34.42
0.46 -34.42
0.46 -34.42
0.46 -34.42
1.00 -34.42
1.00 -34.42
1.00 -34.42
-0.27 -34.23
-0.27 -34.23
-0.27 -34.23
-0.09 -34.23
-0.09 -34.23
-0.09 -34.23
0.27 -34.23
0.27 -34.23
0.27 -34.23
0.46 -34.23
0.46 -34.23
0.46 -34.23
-0.27 -34.05
-0.27 -34.05
-0.27 -34.05
0.27 -34.05
0.27 -34.05
0.27 -34.05
0.64 -34.05
0.64 -34.05
0.64 -34.05
1.19 -34.05
1.19 -34.05
1.19 -34.05
-2.65 -33.87
-2.65 -33.87
-2.65 -33.87
0.09 -33.87
0.09 -33.87
0.09 -33.87
0.27 -33.87
0.27 -33.87
0.27 -33.87
0.82 -33.87
0.82 -33.87
0.82 -33.87
1.19 -33.87
1.19 -33.87
1.19 -33.87
1.37 -33.87
1.37 -33.87
1.37 -33.87
1.55 -33.87
1.55 -33.87
1.55 -33.87
1.73 -33.87
1.73 -33.87
1.73 -33.87
-2.10 -33.69
-2.10 -33.69
-2.10 -33.69
-0.46 -33.69
-0.46 -33.69
-0.46 -33.69
-0.27 -33.69
-0.27 -33.69
-0.27 -33.69
0.46 -33.69
0.46 -33.69
0.46 -33.69
0.64 -33.69
0.64 -33.69
0.64 -33.69
0.82 -33.69
0.82 -33.69
0.82 -33.69
1.00 -33.69
1.00 -33.69
1.00 -33.69
1.19 -33.69
1.19 -33.69
1.19 -33.69
1.37 -33.69
1.37 -33.69
1.37 -33.69
1.55 -33.69
1.55 -33.69
1.55 -33.69
1.73 -33.69
1.73 -33.69
1.73 -33.69
-3.56 -33.50
-3.56 -33.50
-3.56 -33.50
-3.01 -33.50
-3.01 -33.50
-3.01 -33.50
-2.46 -33.50
-2.46 -33.50
-2.46 -33.50
-2.28 -33.50
-2.28 -33.50
-2.28 -33.50
-1.73 -33.50
-1.73 -33.50
-1.73 -33.50
-1.19 -33.50
-1.19 -33.50
-1.19 -33.50
-0.09 -33.50
-0.09 -33.50
-0.09 -33.50
0.09 -33.50
0.09 -33.50
0.09 -33.50
0.46 -33.50
0.46 -33.50
0.46 -33.50
1.00 -33.50
1.00 -33.50
1.00 -33.50
1.19 -33.50
1.19 -33.50
1.19 -33.50
1.37 -33.50
1.37 -33.50
1.37 -33.50
1.55 -33.50
1.55 -33.50
1.55 -33.50
1.73 -33.50
1.73 -33.50
1.73 -33.50
1.92 -33.50
1.92 -33.50
1.92 -33.50
-3.38 -33.32
-3.38 -33.32
-3.38 -33.32
-2.65 -33.32
-2.65 -33.32
-2.65 -33.32
-2.46 -33.32
-2.46 -33.32
-2.46 -33.32
-2.10 -33.32
-2.10 -33.32
-2.10 -33.32
-0.27 -33.32
-0.27 -33.32
-0.27 -33.32
0.09 -33.32
0.09 -33.32
0.09 -33.32
1.00 -33.32
1.00 -33.32
1.00 -33.32
1.19 -33.32
1.19 -33.32
1.19 -33.32
1.37 -33.32
1.37 -33.32
1.37 -33.32
1.73 -33.32
1.73 -33.32
1.73 -33.32
1.92 -33.32
1.92 -33.32
1.92 -33.32
-3.56 -33.14
-3.56 -33.14
-3.56 -33.14
-3.38 -33.14
-3.38 -33.14
-3.38 -33.14
-3.01 -33.14
-3.01 -33.14
-3.01 -33.14
-2.83 -33.14
-2.83 -33.14
-2.83 -33.14
-2.28 -33.14
-2.28 -33.14
-2.28 -33.14
-0.27 -33.14
-0.27 -33.14
-0.27 -33.14
1.00 -33.14
1.00 -33.14
1.00 -33.14
1.19 -33.14
1.19 -33.14
1.19 -33.14
1.37 -33.14
1.37 -33.14
1.37 -33.14
-4.29 -32.96
-4.29 -32.96
-4.29 -32.96
-4.11 -32.96
-4.11 -32.96
-4.11 -32.96
-3.93 -32.96
-3.93 -32.96
-3.93 -32.96
-3.74 -32.96
-3.74 -32.96
-3.74 -32.96
-3.56 -32.96
-3.56 -32.96
-3.56 -32.96
-3.38 -32.96
-3.38 -32.96
-3.38 -32.96
-2.65 -32.96
-2.65 -32.96
-2.65 -32.96
-2.46 -32.96
-2.46 -32.96
-2.46 -32.96
-2.10 -32.96
-2.10 -32.96
-2.10 -32.96
-0.09 -32.96
-0.09 -32.96
-0.09 -32.96
0.09 -32.96
0.09 -32.96
0.09 -32.96
0.64 -32.96
0.64 -32.96
0.64 -32.96
1.00 -32.96
1.00 -32.96
1.00 -32.96
1.37 -32.96
1.37 -32.96
1.37 -32.96
-3.74 -32.77
-3.74 -32.77
-3.74 -32.77
-3.56 -32.77
-3.56 -32.77
-3.56 -32.77
-3.38 -32.77
-3.38 -32.77
-3.38 -32.77
-2.10 -32.77
-2.10 -32.77
-2.10 -32.77
-0.64 -32.77
-0.64 -32.77
-0.64 -32.77
0.09 -32.77
0.09 -32.77
0.09 -32.77
-3.93 -32.59
-3.93 -32.59
-3.93 -32.59
-3.74 -32.59
-3.74 -32.59
-3.74 -32.59
-2.10 -32.59
-2.10 -32.59
-2.10 -32.59
-1.92 -32.59
-1.92 -32.59
-1.92 -32.59
-1.73 -32.59
-1.73 -32.59
-1.73 -32.59
-1.55 -32.59
-1.55 -32.59
-1.55 -32.59
-1.37 -32.59
-1.37 -32.59
-1.37 -32.59
-1.19 -32.59
-1.19 -32.59
-1.19 -32.59
-1.00 -32.59
-1.00 -32.59
-1.00 -32.59
-0.82 -32.59
-0.82 -32.59
-0.82 -32.59
-0.46 -32.59
-0.46 -32.59
-0.46 -32.59
-0.27 -32.59
-0.27 -32.59
-0.27 -32.59
-3.93 -32.41
-3.93 -32.41
-3.93 -32.41
-3.20 -32.41
-3.20 -32.41
-3.20 -32.41
-3.01 -32.41
-3.01 -32.41
-3.01 -32.41
-2.83 -32.41
-2.83 -32.41
-2.83 -32.41
-2.65 -32.41
-2.65 -32.41
-2.65 -32.41
-2.46 -32.41
-2.46 -32.41
-2.46 -32.41
-2.28 -32.41
-2.28 -32.41
-2.28 -32.41
-0.64 -32.41
-0.64 -32.41
-0.64 -32.41
-0.46 -32.41
-0.46 -32.41
-0.46 -32.41
0.46 -32.41
0.46 -32.41
0.46 -32.41
0.64 -32.41
0.64 -32.41
0.64 -32.41
-3.93 -32.22
-3.93 -32.22
-3.93 -32.22
-3.20 -32.22
-3.20 -32.22
-3.20 -32.22
-3.01 -32.22
-3.01 -32.22
-3.01 -32.22
-2.83 -32.22
-2.83 -32.22
-2.83 -32.22
-2.65 -32.22
-2.65 -32.22
-2.65 -32.22
-2.46 -32.22
-2.46 -32.22
-2.46 -32.22
-2.28 -32.22
-2.28 -32.22
-2.28 -32.22
-0.09 -32.22
-0.09 -32.22
-0.09 -32.22
0.09 -32.22
0.09 -32.22
0.09 -32.22
0.82 -32.22
0.82 -32.22
0.82 -32.22
-4.47 -32.04
-4.47 -32.04
-4.47 -32.04
-4.29 -32.04
-4.29 -32.04
-4.29 -32.04
-4.11 -32.04
-4.11 -32.04
-4.11 -32.04
-3.93 -32.04
-3.93 -32.04
-3.93 -32.04
-2.10 -32.04
-2.10 -32.04
-2.10 -32.04
-1.92 -32.04
-1.92 -32.04
-1.92 -32.04
-1.73 -32.04
-1.73 -32.04
-1.73 -32.04
-0.64 -32.04
-0.64 -32.04
-0.64 -32.04
0.27 -32.04
0.27 -32.04
0.27 -32.04
0.46 -32.04
0.46 -32.04
0.46 -32.04
-3.93 -31.86
-3.93 -31.86
-3.93 -31.86
-3.74 -31.86
-3.74 -31.86
-3.74 -31.86
-3.56 -31.86
-3.56 -31.86
-3.56 -31.86
-2.10 -31.86
-2.10 -31.86
-2.10 -31.86
-1.92 -31.86
-1.92 -31.86
-1.92 -31.86
-0.82 -31.86
-0.82 -31.86
-0.82 -31.86
-0.27 -31.86
-0.27 -31.86
-0.27 -31.86
-0.09 -31.86
-0.09 -31.86
-0.09 -31.86
0.09 -31.86
0.09 -31.86
0.09 -31.86
-4.47 -31.68
-4.47 -31.68
-4.47 -31.68
-4.29 -31.68
-4.29 -31.68
-4.29 -31.68
-4.11 -31.68
-4.11 -31.68
-4.11 -31.68
-3.56 -31.68
-3.56 -31.68
-3.56 -31.68
-3.38 -31.68
-3.38 -31.68
-3.38 -31.68
-2.46 -31.68
-2.46 -31.68
-2.46 -31.68
-2.28 -31.68
-2.28 -31.68
-2.28 -31.68
-0.64 -31.68
-0.64 -31.68
-0.64 -31.68
-0.46 -31.68
-0.46 -31.68
-0.46 -31.68
-0.27 -31.68
-0.27 -31.68
-0.27 -31.68
0.27 -31.68
0.27 -31.68
0.27 -31.68
-5.20 -31.49
-5.20 -31.49
-5.20 -31.49
-4.84 -31.49
-4.84 -31.49
-4.84 -31.49
-4.47 -31.49
-4.47 -31.49
-4.47 -31.49
-4.11 -31.49
-4.11 -31.49
-4.11 -31.49
-3.74 -31.49
-3.74 -31.49
-3.74 -31.49
-3.56 -31.49
-3.56 -31.49
-3.56 -31.49
-3.38 -31.49
-3.38 -31.49
-3.38 -31.49
-3.20 -31.49
-3.20 -31.49
-3.20 -31.49
-3.01 -31.49
-3.01 -31.49
-3.01 -31.49
-2.83 -31.49
-2.83 -31.49
-2.83 -31.49
-2.65 -31.49
-2.65 -31.49
-2.65 -31.49
-2.46 -31.49
-2.46 -31.49
-2.46 -31.49
-2.28 -31.49
-2.28 -31.49
-2.28 -31.49
-2.10 -31.49
-2.10 -31.49
-2.10 -31.49
-1.92 -31.49
-1.92 -31.49
-1.92 -31.49
-0.82 -31.49
-0.82 -31.49
-0.82 -31.49
-0.64 -31.49
-0.64 -31.49
-0.64 -31.49
-0.27 -31.49
-0.27 -31.49
-0.27 -31.49
-5.20 -31.31
-5.20 -31.31
-5.20 -31.31
-3.01 -31.31
-3.01 -31.31
-3.01 -31.31
-2.83 -31.31
-2.83 -31.31
-2.83 -31.31
-2.65 -31.31
-2.65 -31.31
-2.65 -31.31
-2.46 -31.31
-2.46 -31.31
-2.46 -31.31
-2.10 -31.31
-2.10 -31.31
-2.10 -31.31
-1.92 -31.31
-1.92 -31.31
-1.92 -31.31
-1.73 -31.31
-1.73 -31.31
-1.73 -31.31
-1.55 -31.31
-1.55 -31.31
-1.55 -31.31
-1.37 -31.31
-1.37 -31.31
-1.37 -31.31
-0.64 -31.31
-0.64 -31.31
-0.64 -31.31
0.09 -31.31
0.09 -31.31
0.09 -31.31
-3.01 -31.13
-3.01 -31.13
-3.01 -31.13
-2.83 -31.13
-2.83 -31.13
-2.83 -31.13
-2.65 -31.13
-2.65 -31.13
-2.65 -31.13
-2.46 -31.13
-2.46 -31.13
-2.46 -31.13
-2.28 -31.13
-2.28 -31.13
-2.28 -31.13
-2.10 -31.13
-2.10 -31.13
-2.10 -31.13
-1.92 -31.13
-1.92 -31.13
-1.92 -31.13
-1.73 -31.13
-1.73 -31.13
-1.73 -31.13
-1.55 -31.13
-1.55 -31.13
-1.55 -31.13
-5.20 -30.95
-5.20 -30.95
-5.20 -30.95
-4.66 -30.95
-4.66 -30.95
-4.66 -30.95
-4.47 -30.95
-4.47 -30.95
-4.47 -30.95
-4.29 -30.95
-4.29 -30.95
-4.29 -30.95
-4.11 -30.95
-4.11 -30.95
-4.11 -30.95
-3.93 -30.95
-3.93 -30.95
-3.93 -30.95
-3.74 -30.95
-3.74 -30.95
-3.74 -30.95
-3.56 -30.95
-3.56 -30.95
-3.56 -30.95
-3.38 -30.95
-3.38 -30.95
-3.38 -30.95
-2.46 -30.95
-2.46 -30.95
-2.46 -30.95
-2.28 -30.95
-2.28 -30.95
-2.28 -30.95
-2.10 -30.95
-2.10 -30.95
-2.10 -30.95
-1.92 -30.95
-1.92 -30.95
-1.92 -30.95
-1.73 -30.95
-1.73 -30.95
-1.73 -30.95
-1.55 -30.95
-1.55 -30.95
-1.55 -30.95
-1.37 -30.95
-1.37 -30.95
-1.37 -30.95
-5.02 -30.76
-5.02 -30.76
-5.02 -30.76
-4.84 -30.76
-4.84 -30.76
-4.84 -30.76
-4.66 -30.76
-4.66 -30.76
-4.66 -30.76
-4.47 -30.76
-4.47 -30.76
-4.47 -30.76
-4.29 -30.76
-4.29 -30.76
-4.29 -30.76
-4.11 -30.76
-4.11 -30.76
-4.11 -30.76
-3.93 -30.76
-3.93 -30.76
-3.93 -30.76
-3.74 -30.76
-3.74 -30.76
-3.74 -30.76
-3.56 -30.76
-3.56 -30.76
-3.56 -30.76
-2.28 -30.76
-2.28 -30.76
-2.28 -30.76
-2.10 -30.76
-2.10 -30.76
-2.10 -30.76
-1.92 -30.76
-1.92 -30.76
-1.92 -30.76
-1.73 -30.76
-1.73 -30.76
-1.73 -30.76
-1.55 -30.76
-1.55 -30.76
-1.55 -30.76
-1.37 -30.76
-1.37 -30.76
-1.37 -30.76
-1.19 -30.76
-1.19 -30.76
-1.19 -30.76
-1.00 -30.76
-1.00 -30.76
-1.00 -30.76
-0.82 -30.76
-0.82 -30.76
-0.82 -30.76
-0.64 -30.76
-0.64 -30.76
-0.64 -30.76
-6.12 -30.58
-6.12 -30.58
-6.12 -30.58
-5.39 -30.58
-5.39 -30.58
-5.39 -30.58
-4.84 -30.58
-4.84 -30.58
-4.84 -30.58
-4.66 -30.58
-4.66 -30.58
-4.66 -30.58
-4.47 -30.58
-4.47 -30.58
-4.47 -30.58
-4.29 -30.58
-4.29 -30.58
-4.29 -30.58
-4.11 -30.58
-4.11 -30.58
-4.11 -30.58
-1.55 -30.58
-1.55 -30.58
-1.55 -30.58
-1.37 -30.58
-1.37 -30.58
-1.37 -30.58
-1.19 -30.58
-1.19 -30.58
-1.19 -30.58
-1.00 -30.58
-1.00 -30.58
-1.00 -30.58
-0.82 -30.58
-0.82 -30.58
-0.82 -30.58
-0.64 -30.58
-0.64 -30.58
-0.64 -30.58
-5.75 -30.40
-5.75 -30.40
-5.75 -30.40
-5.57 -30.40
-5.57 -30.40
-5.57 -30.40
-5.20 -30.40
-5.20 -30.40
-5.20 -30.40
-4.84 -30.40
-4.84 -30.40
-4.84 -30.40
-4.66 -30.40
-4.66 -30.40
-4.66 -30.40
-4.47 -30.40
-4.47 -30.40
-4.47 -30.40
-4.29 -30.40
-4.29 -30.40
-4.29 -30.40
-3.38 -30.40
-3.38 -30.40
-3.38 -30.40
-3.20 -30.40
-3.20 -30.40
-3.20 -30.40
-3.01 -30.40
-3.01 -30.40
-3.01 -30.40
-2.83 -30.40
-2.83 -30.40
-2.83 -30.40
-2.65 -30.40
-2.65 -30.40
-2.65 -30.40
-2.46 -30.40
-2.46 -30.40
-2.46 -30.40
-2.10 -30.40
-2.10 -30.40
-2.10 -30.40
-1.92 -30.40
-1.92 -30.40
-1.92 -30.40
-1.73 -30.40
-1.73 -30.40
-1.73 -30.40
-1.55 -30.40
-1.55 -30.40
-1.55 -30.40
-1.37 -30.40
-1.37 -30.40
-1.37 -30.40
-1.19 -30.40
-1.19 -30.40
-1.19 -30.40
-1.00 -30.40
-1.00 -30.40
-1.00 -30.40
-0.82 -30.40
-0.82 -30.40
-0.82 -30.40
-0.64 -30.40
-0.64 -30.40
-0.64 -30.40
-6.12 -30.22
-6.12 -30.22
-6.12 -30.22
-5.75 -30.22
-5.75 -30.22
-5.75 -30.22
-5.20 -30.22
-5.20 -30.22
-5.20 -30.22
-4.66 -30.22
-4.66 -30.22
-4.66 -30.22
-4.47 -30.22
-4.47 -30.22
-4.47 -30.22
-4.29 -30.22
-4.29 -30.22
-4.29 -30.22
-4.11 -30.22
-4.11 -30.22
-4.11 -30.22
-3.93 -30.22
-3.93 -30.22
-3.93 -30.22
-3.74 -30.22
-3.74 -30.22
-3.74 -30.22
-3.56 -30.22
-3.56 -30.22
-3.56 -30.22
-3.38 -30.22
-3.38 -30.22
-3.38 -30.22
-3.20 -30.22
-3.20 -30.22
-3.20 -30.22
-3.01 -30.22
-3.01 -30.22
-3.01 -30.22
-2.83 -30.22
-2.83 -30.22
-2.83 -30.22
-2.65 -30.22
-2.65 -30.22
-2.65 -30.22
-2.46 -30.22
-2.46 -30.22
-2.46 -30.22
-2.28 -30.22
-2.28 -30.22
-2.28 -30.22
-2.10 -30.22
-2.10 -30.22
-2.10 -30.22
-1.92 -30.22
-1.92 -30.22
-1.92 -30.22
-1.73 -30.22
-1.73 -30.22
-1.73 -30.22
-1.55 -30.22
-1.55 -30.22
-1.55 -30.22
-1.37 -30.22
-1.37 -30.22
-1.37 -30.22
-1.19 -30.22
-1.19 -30.22
-1.19 -30.22
-1.00 -30.22
-1.00 -30.22
-1.00 -30.22
-0.82 -30.22
-0.82 -30.22
-0.82 -30.22
-6.12 -30.03
-6.12 -30.03
-6.12 -30.03
-4.11 -30.03
-4.11 -30.03
-4.11 -30.03
-3.93 -30.03
-3.93 -30.03
-3.93 -30.03
-3.74 -30.03
-3.74 -30.03
-3.74 -30.03
-3.20 -30.03
-3.20 -30.03
-3.20 -30.03
-3.01 -30.03
-3.01 -30.03
-3.01 -30.03
-2.83 -30.03
-2.83 -30.03
-2.83 -30.03
-2.65 -30.03
-2.65 -30.03
-2.65 -30.03
-2.46 -30.03
-2.46 -30.03
-2.46 -30.03
-2.28 -30.03
-2.28 -30.03
-2.28 -30.03
-0.64 -30.03
-0.64 -30.03
-0.64 -30.03
-5.39 -29.85
-5.39 -29.85
-5.39 -29.85
-2.10 -29.85
-2.10 -29.85
-2.10 -29.85
-1.92 -29.85
-1.92 -29.85
-1.92 -29.85
-1.19 -29.85
-1.19 -29.85
-1.19 -29.85
-1.00 -29.85
-1.00 -29.85
-1.00 -29.85
-0.82 -29.85
-0.82 -29.85
-0.82 -29.85
-6.12 -29.67
-6.12 -29.67
-6.12 -29.67
-5.39 -29.67
-5.39 -29.67
-5.39 -29.67
-2.10 -29.67
-2.10 -29.67
-2.10 -29.67
-1.92 -29.67
-1.92 -29.67
-1.92 -29.67
-1.73 -29.67
-1.73 -29.67
-1.73 -29.67
-1.55 -29.67
-1.55 -29.67
-1.55 -29.67
-1.37 -29.67
-1.37 -29.67
-1.37 -29.67
-1.19 -29.67
-1.19 -29.67
-1.19 -29.67
-1.00 -29.67
-1.00 -29.67
-1.00 -29.67
-0.82 -29.67
-0.82 -29.67
-0.82 -29.67
-0.64 -29.67
-0.64 -29.67
-0.64 -29.67
-6.12 -29.49
-6.12 -29.49
-6.12 -29.49
-5.93 -29.49
-5.93 -29.49
-5.93 -29.49
-5.39 -29.49
-5.39 -29.49
-5.39 -29.49
-5.20 -29.49
-5.20 -29.49
-5.20 -29.49
-5.02 -29.49
-5.02 -29.49
-5.02 -29.49
-4.84 -29.49
-4.84 -29.49
-4.84 -29.49
-4.66 -29.49
-4.66 -29.49
-4.66 -29.49
-4.47 -29.49
-4.47 -29.49
-4.47 -29.49
-4.29 -29.49
-4.29 -29.49
-4.29 -29.49
-4.11 -29.49
-4.11 -29.49
-4.11 -29.49
-3.93 -29.49
-3.93 -29.49
-3.93 -29.49
-2.10 -29.49
-2.10 -29.49
-2.10 -29.49
-1.92 -29.49
-1.92 -29.49
-1.92 -29.49
-1.73 -29.49
-1.73 -29.49
-1.73 -29.49
-1.55 -29.49
-1.55 -29.49
-1.55 -29.49
-1.37 -29.49
-1.37 -29.49
-1.37 -29.49
-1.19 -29.49
-1.19 -29.49
-1.19 -29.49
-1.00 -29.49
-1.00 -29.49
-1.00 -29.49
-0.82 -29.49
-0.82 -29.49
-0.82 -29.49
-0.64 -29.49
-0.64 -29.49
-0.64 -29.49
-5.02 -29.30
-5.02 -29.30
-5.02 -29.30
-4.84 -29.30
-4.84 -29.30
-4.84 -29.30
-4.66 -29.30
-4.66 -29.30
-4.66 -29.30
-4.47 -29.30
-4.47 -29.30
-4.47 -29.30
-4.29 -29.30
-4.29 -29.30
-4.29 -29.30
-4.11 -29.30
-4.11 -29.30
-4.11 -29.30
-3.93 -29.30
-3.93 -29.30
-3.93 -29.30
-2.10 -29.30
-2.10 -29.30
-2.10 -29.30
-1.92 -29.30
-1.92 -29.30
-1.92 -29.30
-1.73 -29.30
-1.73 -29.30
-1.73 -29.30
-1.55 -29.30
-1.55 -29.30
-1.55 -29.30
-1.37 -29.30
-1.37 -29.30
-1.37 -29.30
-1.19 -29.30
-1.19 -29.30
-1.19 -29.30
-1.00 -29.30
-1.00 -29.30
-1.00 -29.30
-0.82 -29.30
-0.82 -29.30
-0.82 -29.30
-0.64 -29.30
-0.64 -29.30
-0.64 -29.30
-5.75 -29.12
-5.75 -29.12
-5.75 -29.12
-5.57 -29.12
-5.57 -29.12
-5.57 -29.12
-5.39 -29.12
-5.39 -29.12
-5.39 -29.12
-4.84 -29.12
-4.84 -29.12
-4.84 -29.12
-4.66 -29.12
-4.66 -29.12
-4.66 -29.12
-4.47 -29.12
-4.47 -29.12
-4.47 -29.12
-4.29 -29.12
-4.29 -29.12
-4.29 -29.12
-4.11 -29.12
-4.11 -29.12
-4.11 -29.12
-2.10 -29.12
-2.10 -29.12
-2.10 -29.12
-1.92 -29.12
-1.92 -29.12
-1.92 -29.12
-1.00 -29.12
-1.00 -29.12
-1.00 -29.12
-0.82 -29.12
-0.82 -29.12
-0.82 -29.12
-0.64 -29.12
-0.64 -29.12
-0.64 -29.12
-6.12 -28.94
-6.12 -28.94
-6.12 -28.94
-5.93 -28.94
-5.93 -28.94
-5.93 -28.94
-3.20 -28.94
-3.20 -28.94
-3.20 -28.94
-3.01 -28.94
-3.01 -28.94
-3.01 -28.94
-2.83 -28.94
-2.83 -28.94
-2.83 -28.94
-2.65 -28.94
-2.65 -28.94
-2.65 -28.94
-2.46 -28.94
-2.46 -28.94
-2.46 -28.94
-2.10 -28.94
-2.10 -28.94
-2.10 -28.94
-1.00 -28.94
-1.00 -28.94
-1.00 -28.94
-0.82 -28.94
-0.82 -28.94
-0.82 -28.94
-5.20 -28.76
-5.20 -28.76
-5.20 -28.76
-3.74 -28.76
-3.74 -28.76
-3.74 -28.76
-3.56 -28.76
-3.56 -28.76
-3.56 -28.76
-3.38 -28.76
-3.38 -28.76
-3.38 -28.76
-3.20 -28.76
-3.20 -28.76
-3.20 -28.76
-3.01 -28.76
-3.01 -28.76
-3.01 -28.76
-2.83 -28.76
-2.83 -28.76
-2.83 -28.76
-2.65 -28.76
-2.65 -28.76
-2.65 -28.76
-2.46 -28.76
-2.46 -28.76
-2.46 -28.76
-2.28 -28.76
-2.28 -28.76
-2.28 -28.76
-2.10 -28.76
-2.10 -28.76
-2.10 -28.76
-1.19 -28.76
-1.19 -28.76
-1.19 -28.76
-1.00 -28.76
-1.00 -28.76
-1.00 -28.76
-0.82 -28.76
-0.82 -28.76
-0.82 -28.76
-0.64 -28.76
-0.64 -28.76
-0.64 -28.76
-3.74 -28.57
-3.74 -28.57
-3.74 -28.57
-3.56 -28.57
-3.56 -28.57
-3.56 -28.57
-3.38 -28.57
-3.38 -28.57
-3.38 -28.57
-3.20 -28.57
-3.20 -28.57
-3.20 -28.57
-3.01 -28.57
-3.01 -28.57
-3.01 -28.57
-2.83 -28.57
-2.83 -28.57
-2.83 -28.57
-2.65 -28.57
-2.65 -28.57
-2.65 -28.57
-2.46 -28.57
-2.46 -28.57
-2.46 -28.57
-2.28 -28.57
-2.28 -28.57
-2.28 -28.57
-1.73 -28.57
-1.73 -28.57
-1.73 -28.57
-1.55 -28.57
-1.55 -28.57
-1.55 -28.57
-1.37 -28.57
-1.37 -28.57
-1.37 -28.57
-1.19 -28.57
-1.19 -28.57
-1.19 -28.57
-1.00 -28.57
-1.00 -28.57
-1.00 -28.57
-0.82 -28.57
-0.82 -28.57
-0.82 -28.57
-0.64 -28.57
-0.64 -28.57
-0.64 -28.57
-4.84 -28.39
-4.84 -28.39
-4.84 -28.39
-4.66 -28.39
-4.66 -28.39
-4.66 -28.39
-4.29 -28.39
-4.29 -28.39
-4.29 -28.39
-3.93 -28.39
-3.93 -28.39
-3.93 -28.39
-3.01 -28.39
-3.01 -28.39
-3.01 -28.39
-2.83 -28.39
-2.83 -28.39
-2.83 -28.39
-1.92 -28.39
-1.92 -28.39
-1.92 -28.39
-1.73 -28.39
-1.73 -28.39
-1.73 -28.39
-1.55 -28.39
-1.55 -28.39
-1.55 -28.39
-1.37 -28.39
-1.37 -28.39
-1.37 -28.39
-1.19 -28.39
-1.19 -28.39
-1.19 -28.39
-1.00 -28.39
-1.00 -28.39
-1.00 -28.39
-0.82 -28.39
-0.82 -28.39
-0.82 -28.39
-5.39 -28.21
-5.39 -28.21
-5.39 -28.21
-4.66 -28.21
-4.66 -28.21
-4.66 -28.21
-4.47 -28.21
-4.47 -28.21
-4.47 -28.21
-4.29 -28.21
-4.29 -28.21
-4.29 -28.21
-3.74 -28.21
-3.74 -28.21
-3.74 -28.21
-3.56 -28.21
-3.56 -28.21
-3.56 -28.21
-2.28 -28.21
-2.28 -28.21
-2.28 -28.21
-2.10 -28.21
-2.10 -28.21
-2.10 -28.21
-1.92 -28.21
-1.92 -28.21
-1.92 -28.21
-1.73 -28.21
-1.73 -28.21
-1.73 -28.21
-1.55 -28.21
-1.55 -28.21
-1.55 -28.21
-1.37 -28.21
-1.37 -28.21
-1.37 -28.21
-4.29 -28.03
-4.29 -28.03
-4.29 -28.03
-4.11 -28.03
-4.11 -28.03
-4.11 -28.03
-3.38 -28.03
-3.38 -28.03
-3.38 -28.03
-3.20 -28.03
-3.20 -28.03
-3.20 -28.03
-3.01 -28.03
-3.01 -28.03
-3.01 -28.03
-2.83 -28.03
-2.83 -28.03
-2.83 -28.03
-2.65 -28.03
-2.65 -28.03
-2.65 -28.03
-2.46 -28.03
-2.46 -28.03
-2.46 -28.03
-2.10 -28.03
-2.10 -28.03
-2.10 -28.03
-1.92 -28.03
-1.92 -28.03
-1.92 -28.03
-4.66 -27.84
-4.66 -27.84
-4.66 -27.84
-4.47 -27.84
-4.47 -27.84
-4.47 -27.84
-3.93 -27.84
-3.93 -27.84
-3.93 -27.84
-3.74 -27.84
-3.74 -27.84
-3.74 -27.84
-2.65 -27.84
-2.65 -27.84
-2.65 -27.84
-2.46 -27.84
-2.46 -27.84
-2.46 -27.84
-2.28 -27.84
-2.28 -27.84
-2.28 -27.84
-2.10 -27.84
-2.10 -27.84
-2.10 -27.84
-1.92 -27.84
-1.92 -27.84
-1.92 -27.84
-1.73 -27.84
-1.73 -27.84
-1.73 -27.84
-4.47 -27.66
-4.47 -27.66
-4.47 -27.66
-3.93 -27.66
-3.93 -27.66
-3.93 -27.66
-3.38 -27.66
-3.38 -27.66
-3.38 -27.66
-3.20 -27.66
-3.20 -27.66
-3.20 -27.66
-3.01 -27.66
-3.01 -27.66
-3.01 -27.66
-2.83 -27.66
-2.83 -27.66
-2.83 -27.66
-2.65 -27.66
-2.65 -27.66
-2.65 -27.66
-2.10 -27.66
-2.10 -27.66
-2.10 -27.66
-1.92 -27.66
-1.92 -27.66
-1.92 -27.66
-1.73 -27.66
-1.73 -27.66
-1.73 -27.66
-1.55 -27.66
-1.55 -27.66
-1.55 -27.66
-1.37 -27.66
-1.37 -27.66
-1.37 -27.66
-1.19 -27.66
-1.19 -27.66
-1.19 -27.66
-1.00 -27.66
-1.00 -27.66
-1.00 -27.66
-0.82 -27.66
-0.82 -27.66
-0.82 -27.66
-0.64 -27.66
-0.64 -27.66
-0.64 -27.66
-0.46 -27.66
-0.46 -27.66
-0.46 -27.66
-0.27 -27.66
-0.27 -27.66
-0.27 -27.66
-3.93 -27.48
-3.93 -27.48
-3.93 -27.48
-3.74 -27.48
-3.74 -27.48
-3.74 -27.48
-3.01 -27.48
-3.01 -27.48
-3.01 -27.48
-2.83 -27.48
-2.83 -27.48
-2.83 -27.48
-2.46 -27.48
-2.46 -27.48
-2.46 -27.48
-2.28 -27.48
-2.28 -27.48
-2.28 -27.48
-1.00 -27.48
-1.00 -27.48
-1.00 -27.48
-0.82 -27.48
-0.82 -27.48
-0.82 -27.48
-0.27 -27.48
-0.27 -27.48
-0.27 -27.48
-3.56 -27.30
-3.56 -27.30
-3.56 -27.30
-3.38 -27.30
-3.38 -27.30
-3.38 -27.30
-0.64 -27.30
-0.64 -27.30
-0.64 -27.30
-0.46 -27.30
-0.46 -27.30
-0.46 -27.30
-0.09 -27.30
-0.09 -27.30
-0.09 -27.30
0.09 -27.30
0.09 -27.30
0.09 -27.30
-1.00 -27.11
-1.00 -27.11
-1.00 -27.11
-0.82 -27.11
-0.82 -27.11
-0.82 -27.11
-0.64 -27.11
-0.64 -27.11
-0.64 -27.11
-0.46 -27.11
-0.46 -27.11
-0.46 -27.11
-0.09 -27.11
-0.09 -27.11
-0.09 -27.11
-2.10 -26.93
-2.10 -26.93
-2.10 -26.93
-1.73 -26.93
-1.73 -26.93
-1.73 -26.93
-1.55 -26.93
-1.55 -26.93
-1.55 -26.93
-1.00 -26.93
-1.00 -26.93
-1.00 -26.93
-0.46 -26.93
-0.46 -26.93
-0.46 -26.93
-2.28 -26.75
-2.28 -26.75
-2.28 -26.75
-1.92 -26.75
-1.92 -26.75
-1.92 -26.75
-1.19 -26.75
-1.19 -26.75
-1.19 -26.75
-2.28 -26.56
-2.28 -26.56
-2.28 -26.56
-1.92 -26.56
-1.92 -26.56
-1.92 -26.56
-1.73 -26.56
-1.73 -26.56
-1.73 -26.56
-1.55 -26.56
-1.55 -26.56
-1.55 -26.56
-1.37 -26.56
-1.37 -26.56
-1.37 -26.56
-0.82 -26.56
-0.82 -26.56
-0.82 -26.56
-0.64 -26.56
-0.64 -26.56
-0.64 -26.56
-0.27 -26.56
-0.27 -26.56
-0.27 -26.56
0.09 -26.56
0.09 -26.56
0.09 -26.56
-1.37 -26.38
-1.37 -26.38
-1.37 -26.38
-1.19 -26.38
-1.19 -26.38
-1.19 -26.38
-1.00 -26.38
-1.00 -26.38
-1.00 -26.38
-0.82 -26.38
-0.82 -26.38
-0.82 -26.38
-0.27 -26.38
-0.27 -26.38
-0.27 -26.38
-0.64 -26.20
-0.64 -26.20
-0.64 -26.20
-0.46 -26.20
-0.46 -26.20
-0.46 -26.20
-0.27 -26.02
-0.27 -26.02
-0.27 -26.02
-0.09 -26.02
-0.09 -26.02
-0.09 -26.02
-15.43 9.59
-15.43 9.59
-15.43 9.59
-15.25 9.59
-15.25 9.59
-15.25 9.59
-15.06 9.59
-15.06 9.59
-15.06 9.59
-15.61 9.77
-15.61 9.77
-15.61 9.77
-14.15 9.77
-14.15 9.77
-14.15 9.77
-14.15 9.95
-14.15 9.95
-14.15 9.95
-14.70 10.13
-14.70 10.13
-14.70 10.13
-14.51 10.13
-14.51 10.13
-14.51 10.13
-14.15 10.13
-14.15 10.13
-14.15 10.13
-14.70 10.32
-14.70 10.32
-14.70 10.32
-13.60 10.32
-13.60 10.32
-13.60 10.32
-14.88 10.50
-14.88 10.50
-14.88 10.50
-13.97 10.50
-13.97 10.50
-13.97 10.50
-13.60 10.50
-13.60 10.50
-13.60 10.50
-14.88 10.68
-14.88 10.68
-14.88 10.68
-13.97 10.68
-13.97 10.68
-13.97 10.68
-14.15 10.86
-14.15 10.86
-14.15 10.86
-13.78 10.86
-13.78 10.86
-13.78 10.86
-13.42 10.86
-13.42 10.86
-13.42 10.86
-12.69 10.86
-12.69 10.86
-12.69 10.86
-12.51 10.86
-12.51 10.86
-12.51 10.86
-13.97 11.05
-13.97 11.05
-13.97 11.05
-13.60 11.05
-13.60 11.05
-13.60 11.05
-13.05 11.05
-13.05 11.05
-13.05 11.05
-12.87 11.05
-12.87 11.05
-12.87 11.05
-14.15 11.23
-14.15 11.23
-14.15 11.23
-13.78 11.23
-13.78 11.23
-13.78 11.23
-13.24 11.23
-13.24 11.23
-13.24 11.23
-13.05 11.23
-13.05 11.23
-13.05 11.23
-12.87 11.23
-12.87 11.23
-12.87 11.23
-12.69 11.23
-12.69 11.23
-12.69 11.23
-12.51 11.23
-12.51 11.23
-12.51 11.23
-13.42 11.41
-13.42 11.41
-13.42 11.41
-13.24 11.41
-13.24 11.41
-13.24 11.41
-12.69 11.41
-12.69 11.41
-12.69 11.41
-12.51 11.41
-12.51 11.41
-12.51 11.41
-12.87 11.59
-12.87 11.59
-12.87 11.59
-12.32 11.59
-12.32 11.59
-12.32 11.59
-11.96 11.59
-11.96 11.59
-11.96 11.59
-13.24 11.78
-13.24 11.78
-13.24 11.78
-12.51 11.78
-12.51 11.78
-12.51 11.78
-17.44 11.96
-17.44 11.96
-17.44 11.96
-13.24 11.96
-13.24 11.96
-13.24 11.96
-12.14 11.96
-12.14 11.96
-12.14 11.96
-11.78 11.96
-11.78 11.96
-11.78 11.96
-17.44 12.14
-17.44 12.14
-17.44 12.14
-17.25 12.14
-17.25 12.14
-17.25 12.14
-17.07 12.14
-17.07 12.14
-17.07 12.14
-16.89 12.14
-16.89 12.14
-16.89 12.14
-12.51 12.14
-12.51 12.14
-12.51 12.14
-12.14 12.14
-12.14 12.14
-12.14 12.14
-11.96 12.14
-11.96 12.14
-11.96 12.14
-11.78 12.14
-11.78 12.14
-11.78 12.14
-11.41 12.14
-11.41 12.14
-11.41 12.14
-11.23 12.14
-11.23 12.14
-11.23 12.14
-11.05 12.14
-11.05 12.14
-11.05 12.14
-10.86 12.14
-10.86 12.14
-10.86 12.14
-17.62 12.32
-17.62 12.32
-17.62 12.32
-17.44 12.32
-17.44 12.32
-17.44 12.32
-16.89 12.32
-16.89 12.32
-16.89 12.32
-12.32 12.32
-12.32 12.32
-12.32 12.32
-12.14 12.32
-12.14 12.32
-12.14 12.32
-11.96 12.32
-11.96 12.32
-11.96 12.32
-11.78 12.32
-11.78 12.32
-11.78 12.32
-11.59 12.32
-11.59 12.32
-11.59 12.32
-11.41 12.32
-11.41 12.32
-11.41 12.32
-11.23 12.32
-11.23 12.32
-11.23 12.32
-11.05 12.32
-11.05 12.32
-11.05 12.32
-10.86 12.32
-10.86 12.32
-10.86 12.32
-17.44 12.51
-17.44 12.51
-17.44 12.51
-16.89 12.51
-16.89 12.51
-16.89 12.51
-16.71 12.51
-16.71 12.51
-16.71 12.51
-16.52 12.51
-16.52 12.51
-16.52 12.51
-15.98 12.51
-15.98 12.51
-15.98 12.51
-12.51 12.51
-12.51 12.51
-12.51 12.51
-12.14 12.51
-12.14 12.51
-12.14 12.51
-11.96 12.51
-11.96 12.51
-11.96 12.51
-11.59 12.51
-11.59 12.51
-11.59 12.51
-11.23 12.51
-11.23 12.51
-11.23 12.51
-17.62 12.69
-17.62 12.69
-17.62 12.69
-16.89 12.69
-16.89 12.69
-16.89 12.69
-16.16 12.69
-16.16 12.69
-16.16 12.69
-15.98 12.69
-15.98 12.69
-15.98 12.69
-12.51 12.69
-12.51 12.69
-12.51 12.69
-12.14 12.69
-12.14 12.69
-12.14 12.69
-11.78 12.69
-11.78 12.69
-11.78 12.69
-11.05 12.69
-11.05 12.69
-11.05 12.69
-10.86 12.69
-10.86 12.69
-10.86 12.69
-17.62 12.87
-17.62 12.87
-17.62 12.87
-17.25 12.87
-17.25 12.87
-17.25 12.87
-17.07 12.87
-17.07 12.87
-17.07 12.87
-16.52 12.87
-16.52 12.87
-16.52 12.87
-16.16 12.87
-16.16 12.87
-16.16 12.87
-11.23 12.87
-11.23 12.87
-11.23 12.87
-11.05 12.87
-11.05 12.87
-11.05 12.87
-10.86 12.87
-10.86 12.87
-10.86 12.87
-17.44 13.05
-17.44 13.05
-17.44 13.05
-17.25 13.05
-17.25 13.05
-17.25 13.05
-16.71 13.05
-16.71 13.05
-16.71 13.05
-16.52 13.05
-16.52 13.05
-16.52 13.05
-16.16 13.05
-16.16 13.05
-16.16 13.05
-16.34 13.24
-16.34 13.24
-16.34 13.24
-16.16 13.24
-16.16 13.24
-16.16 13.24
-15.98 13.42
-15.98 13.42
-15.98 13.42
-9.95 13.42
-9.95 13.42
-9.95 13.42
-9.59 13.42
-9.59 13.42
-9.59 13.42
-9.40 13.42
-9.40 13.42
-9.40 13.42
-9.22 13.42
-9.22 13.42
-9.22 13.42
-9.22 13.60
-9.22 13.60
-9.22 13.60
-15.06 13.78
-15.06 13.78
-15.06 13.78
-14.70 13.78
-14.70 13.78
-14.70 13.78
-14.33 13.78
-14.33 13.78
-14.33 13.78
-10.68 13.78
-10.68 13.78
-10.68 13.78
-10.13 13.78
-10.13 13.78
-10.13 13.78
-9.59 13.78
-9.59 13.78
-9.59 13.78
-9.40 13.78
-9.40 13.78
-9.40 13.78
-15.98 13.97
-15.98 13.97
-15.98 13.97
-15.61 13.97
-15.61 13.97
-15.61 13.97
-15.43 13.97
-15.43 13.97
-15.43 13.97
-15.25 13.97
-15.25 13.97
-15.25 13.97
-15.06 13.97
-15.06 13.97
-15.06 13.97
-14.88 13.97
-14.88 13.97
-14.88 13.97
-14.70 13.97
-14.70 13.97
-14.70 13.97
-14.51 13.97
-14.51 13.97
-14.51 13.97
-10.50 13.97
-10.50 13.97
-10.50 13.97
-10.32 13.97
-10.32 13.97
-10.32 13.97
-9.95 13.97
-9.95 13.97
-9.95 13.97
-9.77 13.97
-9.77 13.97
-9.77 13.97
-15.98 14.15
-15.98 14.15
-15.98 14.15
-15.79 14.15
-15.79 14.15
-15.79 14.15
-15.61 14.15
-15.61 14.15
-15.61 14.15
-15.25 14.15
-15.25 14.15
-15.25 14.15
-15.06 14.15
-15.06 14.15
-15.06 14.15
-14.51 14.15
-14.51 14.15
-14.51 14.15
-14.33 14.15
-14.33 14.15
-14.33 14.15
-9.59 14.15
-9.59 14.15
-9.59 14.15
-9.04 14.15
-9.04 14.15
-9.04 14.15
-8.85 14.15
-8.85 14.15
-8.85 14.15
-8.49 14.15
-8.49 14.15
-8.49 14.15
-15.98 14.33
-15.98 14.33
-15.98 14.33
-15.43 14.33
-15.43 14.33
-15.43 14.33
-15.06 14.33
-15.06 14.33
-15.06 14.33
-14.70 14.33
-14.70 14.33
-14.70 14.33
-14.51 14.33
-14.51 14.33
-14.51 14.33
-14.33 14.33
-14.33 14.33
-14.33 14.33
-9.40 14.33
-9.40 14.33
-9.40 14.33
-8.85 14.33
-8.85 14.33
-8.85 14.33
-8.67 14.33
-8.67 14.33
-8.67 14.33
-15.06 14.51
-15.06 14.51
-15.06 14.51
-14.70 14.51
-14.70 14.51
-14.70 14.51
-9.95 14.51
-9.95 14.51
-9.95 14.51
-9.40 14.51
-9.40 14.51
-9.40 14.51
-9.22 14.51
-9.22 14.51
-9.22 14.51
-8.67 14.51
-8.67 14.51
-8.67 14.51
-15.06 14.70
-15.06 14.70
-15.06 14.70
-14.51 14.70
-14.51 14.70
-14.51 14.70
-14.33 14.70
-14.33 14.70
-14.33 14.70
-9.95 14.70
-9.95 14.70
-9.95 14.70
-9.59 14.70
-9.59 14.70
-9.59 14.70
-9.04 14.70
-9.04 14.70
-9.04 14.70
-15.06 14.88
-15.06 14.88
-15.06 14.88
-14.70 14.88
-14.70 14.88
-14.70 14.88
-9.95 14.88
-9.95 14.88
-9.95 14.88
-14.70 15.06
-14.70 15.06
-14.70 15.06
-14.51 15.06
-14.51 15.06
-14.51 15.06
-13.42 15.06
-13.42 15.06
-13.42 15.06
-12.87 15.06
-12.87 15.06
-12.87 15.06
-12.69 15.06
-12.69 15.06
-12.69 15.06
-15.06 15.25
-15.06 15.25
-15.06 15.25
-14.33 15.25
-14.33 15.25
-14.33 15.25
-13.97 15.25
-13.97 15.25
-13.97 15.25
-13.60 15.25
-13.60 15.25
-13.60 15.25
-13.24 15.25
-13.24 15.25
-13.24 15.25
-13.05 15.25
-13.05 15.25
-13.05 15.25
-14.33 15.43
-14.33 15.43
-14.33 15.43
-13.24 15.43
-13.24 15.43
-13.24 15.43
-13.05 15.61
-13.05 15.61
-13.05 15.61
-12.69 15.61
-12.69 15.61
-12.69 15.61
-13.24 15.79
-13.24 15.79
-13.24 15.79
-13.05 15.79
-13.05 15.79
-13.05 15.79
-12.69 15.79
-12.69 15.79
-12.69 15.79
-11.96 15.79
-11.96 15.79
-11.96 15.79
-12.69 15.98
-12.69 15.98
-12.69 15.98
-12.32 15.98
-12.32 15.98
-12.32 15.98
-12.14 15.98
-12.14 15.98
-12.14 15.98
-11.96 15.98
-11.96 15.98
-11.96 15.98
-12.69 16.16
-12.69 16.16
-12.69 16.16
-12.51 16.16
-12.51 16.16
-12.51 16.16
-5.93 16.16
-5.93 16.16
-5.93 16.16
-5.75 16.16
-5.75 16.16
-5.75 16.16
-5.57 16.16
-5.57 16.16
-5.57 16.16
-5.39 16.16
-5.39 16.16
-5.39 16.16
-12.69 16.34
-12.69 16.34
-12.69 16.34
-12.14 16.34
-12.14 16.34
-12.14 16.34
-11.96 16.34
-11.96 16.34
-11.96 16.34
-5.93 16.34
-5.93 16.34
-5.93 16.34
-5.39 16.34
-5.39 16.34
-5.39 16.34
-5.20 16.34
-5.20 16.34
-5.20 16.34
-5.02 16.34
-5.02 16.34
-5.02 16.34
-4.66 16.34
-4.66 16.34
-4.66 16.34
-4.47 16.34
-4.47 16.34
-4.47 16.34
-12.69 16.52
-12.69 16.52
-12.69 16.52
-12.32 16.52
-12.32 16.52
-12.32 16.52
-12.14 16.52
-12.14 16.52
-12.14 16.52
-4.84 16.52
-4.84 16.52
-4.84 16.52
-4.66 16.52
-4.66 16.52
-4.66 16.52
-12.51 16.71
-12.51 16.71
-12.51 16.71
-12.14 16.71
-12.14 16.71
-12.14 16.71
-11.78 16.71
-11.78 16.71
-11.78 16.71
-11.41 16.71
-11.41 16.71
-11.41 16.71
-11.05 16.71
-11.05 16.71
-11.05 16.71
-5.20 16.71
-5.20 16.71
-5.20 16.71
-5.02 16.71
-5.02 16.71
-5.02 16.71
-12.14 16.89
-12.14 16.89
-12.14 16.89
-11.96 16.89
-11.96 16.89
-11.96 16.89
-5.20 16.89
-5.20 16.89
-5.20 16.89
-5.02 16.89
-5.02 16.89
-5.02 16.89
-4.84 16.89
-4.84 16.89
-4.84 16.89
-4.66 16.89
-4.66 16.89
-4.66 16.89
-11.59 17.07
-11.59 17.07
-11.59 17.07
-11.23 17.07
-11.23 17.07
-11.23 17.07
-5.20 17.07
-5.20 17.07
-5.20 17.07
-11.78 17.25
-11.78 17.25
-11.78 17.25
-11.23 17.25
-11.23 17.25
-11.23 17.25
-5.20 17.25
-5.20 17.25
-5.20 17.25
-4.84 17.25
-4.84 17.25
-4.84 17.25
-4.66 17.25
-4.66 17.25
-4.66 17.25
-4.11 17.25
-4.11 17.25
-4.11 17.25
-3.93 17.25
-3.93 17.25
-3.93 17.25
-11.78 17.44
-11.78 17.44
-11.78 17.44
-11.41 17.44
-11.41 17.44
-11.41 17.44
-11.23 17.44
-11.23 17.44
-11.23 17.44
-10.86 17.44
-10.86 17.44
-10.86 17.44
-10.68 17.44
-10.68 17.44
-10.68 17.44
-10.50 17.44
-10.50 17.44
-10.50 17.44
-10.32 17.44
-10.32 17.44
-10.32 17.44
-5.20 17.44
-5.20 17.44
-5.20 17.44
-4.66 17.44
-4.66 17.44
-4.66 17.44
-4.47 17.44
-4.47 17.44
-4.47 17.44
-4.29 17.44
-4.29 17.44
-4.29 17.44
-4.11 17.44
-4.11 17.44
-4.11 17.44
-11.05 17.62
-11.05 17.62
-11.05 17.62
-10.86 17.62
-10.86 17.62
-10.86 17.62
-10.32 17.62
-10.32 17.62
-10.32 17.62
-5.02 17.62
-5.02 17.62
-5.02 17.62
-3.74 17.62
-3.74 17.62
-3.74 17.62
-10.68 17.80
-10.68 17.80
-10.68 17.80
-10.50 17.80
-10.50 17.80
-10.50 17.80
-5.20 17.80
-5.20 17.80
-5.20 17.80
-4.66 17.80
-4.66 17.80
-4.66 17.80
-3.74 17.80
-3.74 17.80
-3.74 17.80
-11.05 17.98
-11.05 17.98
-11.05 17.98
-10.86 17.98
-10.86 17.98
-10.86 17.98
-5.20 17.98
-5.20 17.98
-5.20 17.98
-4.84 17.98
-4.84 17.98
-4.84 17.98
-3.93 17.98
-3.93 17.98
-3.93 17.98
-5.20 18.17
-5.20 18.17
-5.20 18.17
-4.47 18.17
-4.47 18.17
-4.47 18.17
-4.29 18.17
-4.29 18.17
-4.29 18.17
-3.20 18.17
-3.20 18.17
-3.20 18.17
-4.84 18.35
-4.84 18.35
-4.84 18.35
-4.47 18.35
-4.47 18.35
-4.47 18.35
-4.29 18.35
-4.29 18.35
-4.29 18.35
-3.93 18.35
-3.93 18.35
-3.93 18.35
-3.56 18.35
-3.56 18.35
-3.56 18.35
-5.20 18.53
-5.20 18.53
-5.20 18.53
-5.02 18.53
-5.02 18.53
-5.02 18.53
-4.84 18.53
-4.84 18.53
-4.84 18.53
-4.66 18.53
-4.66 18.53
-4.66 18.53
-3.93 18.53
-3.93 18.53
-3.93 18.53
-3.20 18.53
-3.20 18.53
-3.20 18.53
-8.85 18.71
-8.85 18.71
-8.85 18.71
-8.67 18.71
-8.67 18.71
-8.67 18.71
-8.12 18.71
-8.12 18.71
-8.12 18.71
-5.20 18.71
-5.20 18.71
-5.20 18.71
-4.11 18.71
-4.11 18.71
-4.11 18.71
-3.93 18.71
-3.93 18.71
-3.93 18.71
-3.56 18.71
-3.56 18.71
-3.56 18.71
-3.38 18.71
-3.38 18.71
-3.38 18.71
-3.01 18.71
-3.01 18.71
-3.01 18.71
-8.67 18.90
-8.67 18.90
-8.67 18.90
-7.94 18.90
-7.94 18.90
-7.94 18.90
-5.02 18.90
-5.02 18.90
-5.02 18.90
-4.66 18.90
-4.66 18.90
-4.66 18.90
-3.01 18.90
-3.01 18.90
-3.01 18.90
-8.12 19.08
-8.12 19.08
-8.12 19.08
-5.20 19.08
-5.20 19.08
-5.20 19.08
-5.02 19.08
-5.02 19.08
-5.02 19.08
-4.29 19.08
-4.29 19.08
-4.29 19.08
-4.11 19.08
-4.11 19.08
-4.11 19.08
-3.38 19.08
-3.38 19.08
-3.38 19.08
-9.40 19.26
-9.40 19.26
-9.40 19.26
-7.94 19.26
-7.94 19.26
-7.94 19.26
-7.76 19.26
-7.76 19.26
-7.76 19.26
-7.58 19.26
-7.58 19.26
-7.58 19.26
-7.03 19.26
-7.03 19.26
-7.03 19.26
-3.01 19.26
-3.01 19.26
-3.01 19.26
-9.04 19.44
-9.04 19.44
-9.04 19.44
-8.12 19.44
-8.12 19.44
-8.12 19.44
-7.94 19.44
-7.94 19.44
-7.94 19.44
-7.76 19.44
-7.76 19.44
-7.76 19.44
-7.03 19.44
-7.03 19.44
-7.03 19.44
-9.40 19.63
-9.40 19.63
-9.40 19.63
-9.22 19.63
-9.22 19.63
-9.22 19.63
-8.67 19.63
-8.67 19.63
-8.67 19.63
-7.76 19.63
-7.76 19.63
-7.76 19.63
-7.39 19.63
-7.39 19.63
-7.39 19.63
-7.21 19.63
-7.21 19.63
-7.21 19.63
-2.65 19.63
-2.65 19.63
-2.65 19.63
-9.40 19.81
-9.40 19.81
-9.40 19.81
-9.04 19.81
-9.04 19.81
-9.04 19.81
-8.85 19.81
-8.85 19.81
-8.85 19.81
-8.67 19.81
-8.67 19.81
-8.67 19.81
-8.49 19.81
-8.49 19.81
-8.49 19.81
-7.39 19.81
-7.39 19.81
-7.39 19.81
-7.21 19.81
-7.21 19.81
-7.21 19.81
-6.48 19.81
-6.48 19.81
-6.48 19.81
-6.30 19.81
-6.30 19.81
-6.30 19.81
-3.01 19.81
-3.01 19.81
-3.01 19.81
-2.83 19.81
-2.83 19.81
-2.83 19.81
-8.12 19.99
-8.12 19.99
-8.12 19.99
-7.94 19.99
-7.94 19.99
-7.94 19.99
-7.76 19.99
-7.76 19.99
-7.76 19.99
-7.39 19.99
-7.39 19.99
-7.39 19.99
-7.21 19.99
-7.21 19.99
-7.21 19.99
-7.03 19.99
-7.03 19.99
-7.03 19.99
-6.48 19.99
-6.48 19.99
-6.48 19.99
-3.74 19.99
-3.74 19.99
-3.74 19.99
-3.38 19.99
-3.38 19.99
-3.38 19.99
-2.83 19.99
-2.83 19.99
-2.83 19.99
-2.65 19.99
-2.65 19.99
-2.65 19.99
-2.46 19.99
-2.46 19.99
-2.46 19.99
-2.10 19.99
-2.10 19.99
-2.10 19.99
-1.55 19.99
-1.55 19.99
-1.55 19.99
-8.67 20.17
-8.67 20.17
-8.67 20.17
-8.49 20.17
-8.49 20.17
-8.49 20.17
-7.76 20.17
-7.76 20.17
-7.76 20.17
-7.58 20.17
-7.58 20.17
-7.58 20.17
-7.21 20.17
-7.21 20.17
-7.21 20.17
-7.03 20.17
-7.03 20.17
-7.03 20.17
-6.85 20.17
-6.85 20.17
-6.85 20.17
-6.66 20.17
-6.66 20.17
-6.66 20.17
-6.48 20.17
-6.48 20.17
-6.48 20.17
-6.30 20.17
-6.30 20.17
-6.30 20.17
-3.38 20.17
-3.38 20.17
-3.38 20.17
-2.46 20.17
-2.46 20.17
-2.46 20.17
-2.28 20.17
-2.28 20.17
-2.28 20.17
-1.73 20.17
-1.73 20.17
-1.73 20.17
-1.55 20.17
-1.55 20.17
-1.55 20.17
-1.37 20.17
-1.37 20.17
-1.37 20.17
-8.31 20.36
-8.31 20.36
-8.31 20.36
-8.12 20.36
-8.12 20.36
-8.12 20.36
-7.76 20.36
-7.76 20.36
-7.76 20.36
-7.58 20.36
-7.58 20.36
-7.58 20.36
-7.39 20.36
-7.39 20.36
-7.39 20.36
-7.21 20.36
-7.21 20.36
-7.21 20.36
-7.03 20.36
-7.03 20.36
-7.03 20.36
-6.66 20.36
-6.66 20.36
-6.66 20.36
-6.30 20.36
-6.30 20.36
-6.30 20.36
-2.83 20.36
-2.83 20.36
-2.83 20.36
-2.65 20.36
-2.65 20.36
-2.65 20.36
-2.46 20.36
-2.46 20.36
-2.46 20.36
-2.10 20.36
-2.10 20.36
-2.10 20.36
-1.92 20.36
-1.92 20.36
-1.92 20.36
-8.49 20.54
-8.49 20.54
-8.49 20.54
-7.76 20.54
-7.76 20.54
-7.76 20.54
-7.58 20.54
-7.58 20.54
-7.58 20.54
-7.39 20.54
-7.39 20.54
-7.39 20.54
-7.21 20.54
-7.21 20.54
-7.21 20.54
-7.03 20.54
-7.03 20.54
-7.03 20.54
-6.48 20.54
-6.48 20.54
-6.48 20.54
-1.55 20.54
-1.55 20.54
-1.55 20.54
-1.37 20.54
-1.37 20.54
-1.37 20.54
-7.03 20.72
-7.03 20.72
-7.03 20.72
-6.66 20.72
-6.66 20.72
-6.66 20.72
-6.48 20.72
-6.48 20.72
-6.48 20.72
-1.37 20.72
-1.37 20.72
-1.37 20.72
-6.30 20.91
-6.30 20.91
-6.30 20.91
-5.57 20.91
-5.57 20.91
-5.57 20.91
-2.65 20.91
-2.65 20.91
-2.65 20.91
-2.46 20.91
-2.46 20.91
-2.46 20.91
-2.10 20.91
-2.10 20.91
-2.10 20.91
-1.92 20.91
-1.92 20.91
-1.92 20.91
-1.55 20.91
-1.55 20.91
-1.55 20.91
-1.37 20.91
-1.37 20.91
-1.37 20.91
-0.82 20.91
-0.82 20.91
-0.82 20.91
-7.58 21.09
-7.58 21.09
-7.58 21.09
-7.39 21.09
-7.39 21.09
-7.39 21.09
-7.21 21.09
-7.21 21.09
-7.21 21.09
-7.03 21.09
-7.03 21.09
-7.03 21.09
-6.30 21.09
-6.30 21.09
-6.30 21.09
-5.93 21.09
-5.93 21.09
-5.93 21.09
-5.75 21.09
-5.75 21.09
-5.75 21.09
-2.28 21.09
-2.28 21.09
-2.28 21.09
-1.73 21.09
-1.73 21.09
-1.73 21.09
-0.64 21.09
-0.64 21.09
-0.64 21.09
-6.48 21.27
-6.48 21.27
-6.48 21.27
-6.30 21.27
-6.30 21.27
-6.30 21.27
-5.57 21.27
-5.57 21.27
-5.57 21.27
-2.65 21.27
-2.65 21.27
-2.65 21.27
-1.00 21.27
-1.00 21.27
-1.00 21.27
-0.82 21.27
-0.82 21.27
-0.82 21.27
-0.64 21.27
-0.64 21.27
-0.64 21.27
-6.85 21.45
-6.85 21.45
-6.85 21.45
-6.66 21.45
-6.66 21.45
-6.66 21.45
-6.12 21.45
-6.12 21.45
-6.12 21.45
-5.93 21.45
-5.93 21.45
-5.93 21.45
-5.75 21.45
-5.75 21.45
-5.75 21.45
-2.10 21.45
-2.10 21.45
-2.10 21.45
-1.92 21.45
-1.92 21.45
-1.92 21.45
-1.37 21.45
-1.37 21.45
-1.37 21.45
-1.19 21.45
-1.19 21.45
-1.19 21.45
-1.00 21.45
-1.00 21.45
-1.00 21.45
-0.82 21.45
-0.82 21.45
-0.82 21.45
-6.85 21.64
-6.85 21.64
-6.85 21.64
-6.48 21.64
-6.48 21.64
-6.48 21.64
-1.92 21.64
-1.92 21.64
-1.92 21.64
-1.73 21.64
-1.73 21.64
-1.73 21.64
-1.55 21.64
-1.55 21.64
-1.55 21.64
-1.37 21.64
-1.37 21.64
-1.37 21.64
-7.03 21.82
-7.03 21.82
-7.03 21.82
-6.85 21.82
-6.85 21.82
-6.85 21.82
-6.66 21.82
-6.66 21.82
-6.66 21.82
-5.57 21.82
-5.57 21.82
-5.57 21.82
-1.37 21.82
-1.37 21.82
-1.37 21.82
-1.19 21.82
-1.19 21.82
-1.19 21.82
-1.00 21.82
-1.00 21.82
-1.00 21.82
-0.82 21.82
-0.82 21.82
-0.82 21.82
-0.64 21.82
-0.64 21.82
-0.64 21.82
-7.03 22.00
-7.03 22.00
-7.03 22.00
-5.57 22.00
-5.57 22.00
-5.57 22.00
-2.10 22.00
-2.10 22.00
-2.10 22.00
-1.92 22.00
-1.92 22.00
-1.92 22.00
-1.73 22.00
-1.73 22.00
-1.73 22.00
-1.37 22.00
-1.37 22.00
-1.37 22.00
-1.19 22.00
-1.19 22.00
-1.19 22.00
-1.00 22.00
-1.00 22.00
-1.00 22.00
-0.46 22.00
-0.46 22.00
-0.46 22.00
-0.09 22.00
-0.09 22.00
-0.09 22.00
-6.30 22.18
-6.30 22.18
-6.30 22.18
-5.93 22.18
-5.93 22.18
-5.93 22.18
-5.75 22.18
-5.75 22.18
-5.75 22.18
-5.57 22.18
-5.57 22.18
-5.57 22.18
-1.92 22.18
-1.92 22.18
-1.92 22.18
-1.73 22.18
-1.73 22.18
-1.73 22.18
-0.46 22.18
-0.46 22.18
-0.46 22.18
-0.09 22.18
-0.09 22.18
-0.09 22.18
0.09 22.18
0.09 22.18
0.09 22.18
-6.85 22.37
-6.85 22.37
-6.85 22.37
-6.66 22.37
-6.66 22.37
-6.66 22.37
-6.30 22.37
-6.30 22.37
-6.30 22.37
-5.93 22.37
-5.93 22.37
-5.93 22.37
-5.75 22.37
-5.75 22.37
-5.75 22.37
-2.10 22.37
-2.10 22.37
-2.10 22.37
-0.82 22.37
-0.82 22.37
-0.82 22.37
-0.46 22.37
-0.46 22.37
-0.46 22.37
-7.03 22.55
-7.03 22.55
-7.03 22.55
-6.30 22.55
-6.30 22.55
-6.30 22.55
-5.57 22.55
-5.57 22.55
-5.57 22.55
-1.19 22.55
-1.19 22.55
-1.19 22.55
-1.00 22.55
-1.00 22.55
-1.00 22.55
-0.64 22.55
-0.64 22.55
-0.64 22.55
-5.93 22.73
-5.93 22.73
-5.93 22.73
-5.20 22.73
-5.20 22.73
-5.20 22.73
-1.37 22.73
-1.37 22.73
-1.37 22.73
-0.82 22.73
-0.82 22.73
-0.82 22.73
-6.30 22.91
-6.30 22.91
-6.30 22.91
-6.12 22.91
-6.12 22.91
-6.12 22.91
-1.00 22.91
-1.00 22.91
-1.00 22.91
-0.09 22.91
-0.09 22.91
-0.09 22.91
0.09 22.91
0.09 22.91
0.09 22.91
-5.93 23.10
-5.93 23.10
-5.93 23.10
-5.75 23.10
-5.75 23.10
-5.75 23.10
-5.20 23.10
-5.20 23.10
-5.20 23.10
-5.02 23.10
-5.02 23.10
-5.02 23.10
-1.37 23.10
-1.37 23.10
-1.37 23.10
-1.19 23.10
-1.19 23.10
-1.19 23.10
-1.00 23.10
-1.00 23.10
-1.00 23.10
-0.64 23.10
-0.64 23.10
-0.64 23.10
-0.46 23.10
-0.46 23.10
-0.46 23.10
-0.27 23.10
-0.27 23.10
-0.27 23.10
-0.09 23.10
-0.09 23.10
-0.09 23.10
-6.30 23.28
-6.30 23.28
-6.30 23.28
-6.12 23.28
-6.12 23.28
-6.12 23.28
-5.20 23.28
-5.20 23.28
-5.20 23.28
-5.02 23.28
-5.02 23.28
-5.02 23.28
-1.19 23.28
-1.19 23.28
-1.19 23.28
-0.82 23.28
-0.82 23.28
-0.82 23.28
-0.64 23.28
-0.64 23.28
-0.64 23.28
-5.20 23.46
-5.20 23.46
-5.20 23.46
-4.84 23.46
-4.84 23.46
-4.84 23.46
-4.66 23.46
-4.66 23.46
-4.66 23.46
-4.47 23.46
-4.47 23.46
-4.47 23.46
-4.29 23.46
-4.29 23.46
-4.29 23.46
-4.11 23.46
-4.11 23.46
-4.11 23.46
-1.37 23.46
-1.37 23.46
-1.37 23.46
-0.09 23.46
-0.09 23.46
-0.09 23.46
0.09 23.46
0.09 23.46
0.09 23.46
0.27 23.46
0.27 23.46
0.27 23.46
0.82 23.46
0.82 23.46
0.82 23.46
-5.57 23.64
-5.57 23.64
-5.57 23.64
-5.39 23.64
-5.39 23.64
-5.39 23.64
-5.02 23.64
-5.02 23.64
-5.02 23.64
-0.46 23.64
-0.46 23.64
-0.46 23.64
-0.27 23.64
-0.27 23.64
-0.27 23.64
-0.09 23.64
-0.09 23.64
-0.09 23.64
-4.47 23.83
-4.47 23.83
-4.47 23.83
-4.29 23.83
-4.29 23.83
-4.29 23.83
-4.11 23.83
-4.11 23.83
-4.11 23.83
-0.64 23.83
-0.64 23.83
-0.64 23.83
-0.46 23.83
-0.46 23.83
-0.46 23.83
0.27 23.83
0.27 23.83
0.27 23.83
0.46 23.83
0.46 23.83
0.46 23.83
0.82 23.83
0.82 23.83
0.82 23.83
-4.66 24.01
-4.66 24.01
-4.66 24.01
-0.46 24.01
-0.46 24.01
-0.46 24.01
-0.27 24.01
-0.27 24.01
-0.27 24.01
0.64 24.01
0.64 24.01
0.64 24.01
0.82 24.01
0.82 24.01
0.82 24.01
-4.47 24.19
-4.47 24.19
-4.47 24.19
-3.93 24.19
-3.93 24.19
-3.93 24.19
-3.38 24.19
-3.38 24.19
-3.38 24.19
-3.20 24.19
-3.20 24.19
-3.20 24.19
-0.46 24.19
-0.46 24.19
-0.46 24.19
-0.27 24.19
-0.27 24.19
-0.27 24.19
0.46 24.19
0.46 24.19
0.46 24.19
-4.47 24.37
-4.47 24.37
-4.47 24.37
-4.29 24.37
-4.29 24.37
-4.29 24.37
-4.11 24.37
-4.11 24.37
-4.11 24.37
-3.93 24.37
-3.93 24.37
-3.93 24.37
-3.74 24.37
-3.74 24.37
-3.74 24.37
-3.56 24.37
-3.56 24.37
-3.56 24.37
-0.64 24.37
-0.64 24.37
-0.64 24.37
-0.09 24.37
-0.09 24.37
-0.09 24.37
0.09 24.37
0.09 24.37
0.09 24.37
0.27 24.37
0.27 24.37
0.27 24.37
0.64 24.37
0.64 24.37
0.64 24.37
1.00 24.37
1.00 24.37
1.00 24.37
-4.66 24.56
-4.66 24.56
-4.66 24.56
-0.64 24.56
-0.64 24.56
-0.64 24.56
-0.46 24.56
-0.46 24.56
-0.46 24.56
-0.27 24.56
-0.27 24.56
-0.27 24.56
-0.09 24.56
-0.09 24.56
-0.09 24.56
0.27 24.56
0.27 24.56
0.27 24.56
0.64 24.56
0.64 24.56
0.64 24.56
1.19 24.56
1.19 24.56
1.19 24.56
1.37 24.56
1.37 24.56
1.37 24.56
1.55 24.56
1.55 24.56
1.55 24.56
-3.93 24.74
-3.93 24.74
-3.93 24.74
-3.74 24.74
-3.74 24.74
-3.74 24.74
-3.38 24.74
-3.38 24.74
-3.38 24.74
-3.20 24.74
-3.20 24.74
-3.20 24.74
0.27 24.74
0.27 24.74
0.27 24.74
0.82 24.74
0.82 24.74
0.82 24.74
-3.56 24.92
-3.56 24.92
-3.56 24.92
-3.20 24.92
-3.20 24.92
-3.20 24.92
0.64 24.92
0.64 24.92
0.64 24.92
1.19 24.92
1.19 24.92
1.19 24.92
1.55 24.92
1.55 24.92
1.55 24.92
0.27 25.10
0.27 25.10
0.27 25.10
0.46 25.10
0.46 25.10
0.46 25.10
0.64 25.10
0.64 25.10
0.64 25.10
1.55 25.10
1.55 25.10
1.55 25.10
1.37 25.29
1.37 25.29
1.37 25.29
1.55 25.29
1.55 25.29
1.55 25.29
0.64 25.47
0.64 25.47
0.64 25.47
1.00 25.47
1.00 25.47
1.00 25.47
1.55 25.47
1.55 25.47
1.55 25.47
1.00 25.65
1.00 25.65
1.00 25.65
1.55 25.65
1.55 25.65
1.55 25.65
1.19 25.83
1.19 25.83
1.19 25.83
1.19 26.02
1.19 26.02
1.19 26.02
1.37 26.02
1.37 26.02
1.37 26.02
1.55 26.02
1.55 26.02
1.55 26.02
1.73 26.02
1.73 26.02
1.73 26.02
2.10 26.02
2.10 26.02
2.10 26.02
2.46 26.02
2.46 26.02
2.46 26.02
1.19 26.20
1.19 26.20
1.19 26.20
1.55 26.20
1.55 26.20
1.55 26.20
1.73 26.20
1.73 26.20
1.73 26.20
2.10 26.20
2.10 26.20
2.10 26.20
1.00 26.38
1.00 26.38
1.00 26.38
1.19 26.38
1.19 26.38
1.19 26.38
1.73 26.38
1.73 26.38
1.73 26.38
1.92 26.38
1.92 26.38
1.92 26.38
2.28 26.38
2.28 26.38
2.28 26.38
3.20 26.38
3.20 26.38
3.20 26.38
2.65 26.56
2.65 26.56
2.65 26.56
1.00 26.75
1.00 26.75
1.00 26.75
1.19 26.75
1.19 26.75
1.19 26.75
1.37 26.75
1.37 26.75
1.37 26.75
2.10 26.75
2.10 26.75
2.10 26.75
2.28 26.75
2.28 26.75
2.28 26.75
3.01 26.75
3.01 26.75
3.01 26.75
1.73 26.93
1.73 26.93
1.73 26.93
1.92 26.93
1.92 26.93
1.92 26.93
2.46 26.93
2.46 26.93
2.46 26.93
2.65 26.93
2.65 26.93
2.65 26.93
3.20 26.93
3.20 26.93
3.20 26.93
1.73 27.11
1.73 27.11
1.73 27.11
1.92 27.11
1.92 27.11
1.92 27.11
2.10 27.11
2.10 27.11
2.10 27.11
2.28 27.11
2.28 27.11
2.28 27.11
2.46 27.11
2.46 27.11
2.46 27.11
2.83 27.11
2.83 27.11
2.83 27.11
2.46 27.30
2.46 27.30
2.46 27.30
2.83 27.30
2.83 27.30
2.83 27.30
3.01 27.30
3.01 27.30
3.01 27.30
2.46 27.48
2.46 27.48
2.46 27.48
3.01 27.48
3.01 27.48
3.01 27.48
3.20 27.48
3.20 27.48
3.20 27.48
3.20 27.66
3.20 27.66
3.20 27.66
3.38 27.66
3.38 27.66
3.38 27.66
3.93 27.66
3.93 27.66
3.93 27.66
3.38 27.84
3.38 27.84
3.38 27.84
3.74 27.84
3.74 27.84
3.74 27.84
3.93 27.84
3.93 27.84
3.93 27.84
3.20 28.03
3.20 28.03
3.20 28.03
3.38 28.03
3.38 28.03
3.38 28.03
3.56 28.03
3.56 28.03
3.56 28.03
3.93 28.03
3.93 28.03
3.93 28.03
3.93 28.76
3.93 28.76
3.93 28.76
