2.28 -46.10
2.28 -46.10
2.28 -46.10
2.46 -46.10
2.46 -46.10
2.46 -46.10
2.65 -46.10
2.65 -46.10
2.65 -46.10
2.83 -46.10
2.83 -46.10
2.83 -46.10
2.10 -45.92
2.10 -45.92
2.10 -45.92
2.28 -45.92
2.28 -45.92
2.28 -45.92
2.46 -45.92
2.46 -45.92
2.46 -45.92
2.83 -45.92
2.83 -45.92
2.83 -45.92
2.28 -45.74
2.28 -45.74
2.28 -45.74
2.46 -45.74
2.46 -45.74
2.46 -45.74
2.65 -45.74
2.65 -45.74
2.65 -45.74
2.65 -45.55
2.65 -45.55
2.65 -45.55
2.10 -45.37
2.10 -45.37
2.10 -45.37
2.28 -45.37
2.28 -45.37
2.28 -45.37
2.46 -45.37
2.46 -45.37
2.46 -45.37
2.65 -45.37
2.65 -45.37
2.65 -45.37
2.83 -45.37
2.83 -45.37
2.83 -45.37
2.10 -45.19
2.10 -45.19
2.10 -45.19
2.46 -45.19
2.46 -45.19
2.46 -45.19
2.83 -45.19
2.83 -45.19
2.83 -45.19
3.01 -45.19
3.01 -45.19
3.01 -45.19
3.20 -45.19
3.20 -45.19
3.20 -45.19
2.28 -45.01
2.28 -45.01
2.28 -45.01
2.46 -45.01
2.46 -45.01
2.46 -45.01
2.46 -44.82
2.46 -44.82
2.46 -44.82
2.65 -44.82
2.65 -44.82
2.65 -44.82
5.57 -43.36
5.57 -43.36
5.57 -43.36
5.75 -43.36
5.75 -43.36
5.75 -43.36
5.20 -43.18
5.20 -43.18
5.20 -43.18
5.20 -43.00
5.20 -43.00
5.20 -43.00
5.39 -43.00
5.39 -43.00
5.39 -43.00
5.57 -43.00
5.57 -43.00
5.57 -43.00
5.20 -42.81
5.20 -42.81
5.20 -42.81
5.39 -42.81
5.39 -42.81
5.39 -42.81
5.57 -42.81
5.57 -42.81
5.57 -42.81
6.30 -42.81
6.30 -42.81
6.30 -42.81
6.48 -42.81
6.48 -42.81
6.48 -42.81
5.39 -42.63
5.39 -42.63
5.39 -42.63
5.57 -42.63
5.57 -42.63
5.57 -42.63
5.75 -42.63
5.75 -42.63
5.75 -42.63
6.30 -42.63
6.30 -42.63
6.30 -42.63
6.48 -42.63
6.48 -42.63
6.48 -42.63
5.20 -42.45
5.20 -42.45
5.20 -42.45
5.57 -42.27
5.57 -42.27
5.57 -42.27
5.75 -42.27
5.75 -42.27
5.75 -42.27
5.93 -42.27
5.93 -42.27
5.93 -42.27
6.12 -42.27
6.12 -42.27
6.12 -42.27
6.30 -42.27
6.30 -42.27
6.30 -42.27
6.48 -42.27
6.48 -42.27
6.48 -42.27
4.29 -42.08
4.29 -42.08
4.29 -42.08
4.84 -42.08
4.84 -42.08
4.84 -42.08
5.02 -42.08
5.02 -42.08
5.02 -42.08
5.20 -42.08
5.20 -42.08
5.20 -42.08
5.39 -42.08
5.39 -42.08
5.39 -42.08
5.57 -42.08
5.57 -42.08
5.57 -42.08
6.48 -42.08
6.48 -42.08
6.48 -42.08
4.29 -41.90
4.29 -41.90
4.29 -41.90
4.47 -41.90
4.47 -41.90
4.47 -41.90
4.66 -41.90
4.66 -41.90
4.66 -41.90
4.84 -41.90
4.84 -41.90
4.84 -41.90
5.02 -41.90
5.02 -41.90
5.02 -41.90
5.57 -41.90
5.57 -41.90
5.57 -41.90
5.75 -41.90
5.75 -41.90
5.75 -41.90
5.93 -41.90
5.93 -41.90
5.93 -41.90
6.12 -41.90
6.12 -41.90
6.12 -41.90
6.30 -41.90
6.30 -41.90
6.30 -41.90
4.47 -41.72
4.47 -41.72
4.47 -41.72
5.02 -41.72
5.02 -41.72
5.02 -41.72
5.20 -41.72
5.20 -41.72
5.20 -41.72
5.39 -41.72
5.39 -41.72
5.39 -41.72
4.29 -41.54
4.29 -41.54
4.29 -41.54
4.66 -41.54
4.66 -41.54
4.66 -41.54
4.84 -41.54
4.84 -41.54
4.84 -41.54
5.02 -41.54
5.02 -41.54
5.02 -41.54
5.20 -41.54
5.20 -41.54
5.20 -41.54
4.47 -41.35
4.47 -41.35
4.47 -41.35
4.66 -41.35
4.66 -41.35
4.66 -41.35
4.84 -41.35
4.84 -41.35
4.84 -41.35
5.75 -41.35
5.75 -41.35
5.75 -41.35
5.93 -41.35
5.93 -41.35
5.93 -41.35
6.12 -41.35
6.12 -41.35
6.12 -41.35
6.30 -41.35
6.30 -41.35
6.30 -41.35
4.29 -41.17
4.29 -41.17
4.29 -41.17
4.47 -41.17
4.47 -41.17
4.47 -41.17
5.02 -41.17
5.02 -41.17
5.02 -41.17
5.20 -41.17
5.20 -41.17
5.20 -41.17
5.39 -41.17
5.39 -41.17
5.39 -41.17
5.57 -41.17
5.57 -41.17
5.57 -41.17
5.75 -41.17
5.75 -41.17
5.75 -41.17
5.93 -41.17
5.93 -41.17
5.93 -41.17
6.12 -41.17
6.12 -41.17
6.12 -41.17
6.30 -41.17
6.30 -41.17
6.30 -41.17
6.48 -41.17
6.48 -41.17
6.48 -41.17
5.02 -40.99
5.02 -40.99
5.02 -40.99
5.20 -40.99
5.20 -40.99
5.20 -40.99
6.30 -40.99
6.30 -40.99
6.30 -40.99
6.48 -40.99
6.48 -40.99
6.48 -40.99
6.30 -40.81
6.30 -40.81
6.30 -40.81
6.48 -40.81
6.48 -40.81
6.48 -40.81
5.02 -40.62
5.02 -40.62
5.02 -40.62
5.20 -40.62
5.20 -40.62
5.20 -40.62
5.39 -40.62
5.39 -40.62
5.39 -40.62
5.57 -40.62
5.57 -40.62
5.57 -40.62
5.75 -40.62
5.75 -40.62
5.75 -40.62
5.02 -40.44
5.02 -40.44
5.02 -40.44
5.57 -40.44
5.57 -40.44
5.57 -40.44
5.75 -40.44
5.75 -40.44
5.75 -40.44
5.93 -40.44
5.93 -40.44
5.93 -40.44
6.30 -40.26
6.30 -40.26
6.30 -40.26
6.48 -40.26
6.48 -40.26
6.48 -40.26
6.48 -40.08
6.48 -40.08
6.48 -40.08
5.93 -39.89
5.93 -39.89
5.93 -39.89
6.12 -39.89
6.12 -39.89
6.12 -39.89
5.93 -39.71
5.93 -39.71
5.93 -39.71
6.48 -39.71
6.48 -39.71
6.48 -39.71
5.93 -39.53
5.93 -39.53
5.93 -39.53
7.03 -39.35
7.03 -39.35
7.03 -39.35
6.30 -39.16
6.30 -39.16
6.30 -39.16
6.12 -38.98
6.12 -38.98
6.12 -38.98
1.73 -35.33
1.73 -35.33
1.73 -35.33
2.10 -35.33
2.10 -35.33
2.10 -35.33
2.28 -35.33
2.28 -35.33
2.28 -35.33
1.73 -35.15
1.73 -35.15
1.73 -35.15
1.92 -35.15
1.92 -35.15
1.92 -35.15
2.10 -35.15
2.10 -35.15
2.10 -35.15
2.28 -35.15
2.28 -35.15
2.28 -35.15
0.82 -34.96
0.82 -34.96
0.82 -34.96
1.19 -34.96
1.19 -34.96
1.19 -34.96
1.37 -34.96
1.37 -34.96
1.37 -34.96
1.92 -34.96
1.92 -34.96
1.92 -34.96
2.28 -34.78
2.28 -34.78
2.28 -34.78
1.00 -34.60
1.00 -34.60
1.00 -34.60
1.55 -34.60
1.55 -34.60
1.55 -34.60
2.10 -34.60
2.10 -34.60
2.10 -34.60
0.09 -34.42
0.09 -34.42
0.09 -34.42
0.64 -34.42
0.64 -34.42
0.64 -34.42
0.82 -34.42
0.82 -34.42
0.82 -34.42
1.00 -34.42
1.00 -34.42
1.00 -34.42
1.73 -34.42
1.73 -34.42
1.73 -34.42
1.92 -34.42
1.92 -34.42
1.92 -34.42
-2.28 -34.23
-2.28 -34.23
-2.28 -34.23
-1.92 -34.23
-1.92 -34.23
-1.92 -34.23
0.64 -34.23
0.64 -34.23
0.64 -34.23
0.82 -34.23
0.82 -34.23
0.82 -34.23
1.19 -34.23
1.19 -34.23
1.19 -34.23
1.92 -34.23
1.92 -34.23
1.92 -34.23
2.28 -34.23
2.28 -34.23
2.28 -34.23
-3.01 -34.05
-3.01 -34.05
-3.01 -34.05
-2.83 -34.05
-2.83 -34.05
-2.83 -34.05
-2.65 -34.05
-2.65 -34.05
-2.65 -34.05
-1.73 -34.05
-1.73 -34.05
-1.73 -34.05
-1.55 -34.05
-1.55 -34.05
-1.55 -34.05
-1.00 -34.05
-1.00 -34.05
-1.00 -34.05
-0.82 -34.05
-0.82 -34.05
-0.82 -34.05
-0.46 -34.05
-0.46 -34.05
-0.46 -34.05
-0.27 -34.05
-0.27 -34.05
-0.27 -34.05
-0.09 -34.05
-0.09 -34.05
-0.09 -34.05
0.09 -34.05
0.09 -34.05
0.09 -34.05
0.27 -34.05
0.27 -34.05
0.27 -34.05
0.46 -34.05
0.46 -34.05
0.46 -34.05
2.28 -34.05
2.28 -34.05
2.28 -34.05
-2.28 -33.87
-2.28 -33.87
-2.28 -33.87
-1.19 -33.87
-1.19 -33.87
-1.19 -33.87
-1.00 -33.87
-1.00 -33.87
-1.00 -33.87
-0.82 -33.87
-0.82 -33.87
-0.82 -33.87
-0.64 -33.87
-0.64 -33.87
-0.64 -33.87
-0.46 -33.87
-0.46 -33.87
-0.46 -33.87
-0.27 -33.87
-0.27 -33.87
-0.27 -33.87
0.82 -33.87
0.82 -33.87
0.82 -33.87
1.55 -33.87
1.55 -33.87
1.55 -33.87
-3.20 -33.69
-3.20 -33.69
-3.20 -33.69
-1.55 -33.69
-1.55 -33.69
-1.55 -33.69
-1.37 -33.69
-1.37 -33.69
-1.37 -33.69
-1.19 -33.69
-1.19 -33.69
-1.19 -33.69
-0.27 -33.69
-0.27 -33.69
-0.27 -33.69
-0.09 -33.69
-0.09 -33.69
-0.09 -33.69
0.09 -33.69
0.09 -33.69
0.09 -33.69
0.46 -33.69
0.46 -33.69
0.46 -33.69
0.64 -33.69
0.64 -33.69
0.64 -33.69
1.19 -33.69
1.19 -33.69
1.19 -33.69
-3.38 -33.50
-3.38 -33.50
-3.38 -33.50
-3.20 -33.50
-3.20 -33.50
-3.20 -33.50
-2.83 -33.50
-2.83 -33.50
-2.83 -33.50
-2.65 -33.50
-2.65 -33.50
-2.65 -33.50
-2.46 -33.50
-2.46 -33.50
-2.46 -33.50
-2.10 -33.50
-2.10 -33.50
-2.10 -33.50
-1.92 -33.50
-1.92 -33.50
-1.92 -33.50
-1.73 -33.50
-1.73 -33.50
-1.73 -33.50
-1.55 -33.50
-1.55 -33.50
-1.55 -33.50
-0.64 -33.50
-0.64 -33.50
-0.64 -33.50
0.64 -33.50
0.64 -33.50
0.64 -33.50
0.82 -33.50
0.82 -33.50
0.82 -33.50
1.00 -33.50
1.00 -33.50
1.00 -33.50
-3.74 -33.32
-3.74 -33.32
-3.74 -33.32
-3.01 -33.32
-3.01 -33.32
-3.01 -33.32
-2.46 -33.32
-2.46 -33.32
-2.46 -33.32
-2.28 -33.32
-2.28 -33.32
-2.28 -33.32
-2.10 -33.32
-2.10 -33.32
-2.10 -33.32
-1.00 -33.32
-1.00 -33.32
-1.00 -33.32
-0.82 -33.32
-0.82 -33.32
-0.82 -33.32
-0.09 -33.32
-0.09 -33.32
-0.09 -33.32
0.09 -33.32
0.09 -33.32
0.09 -33.32
0.27 -33.32
0.27 -33.32
0.27 -33.32
0.82 -33.32
0.82 -33.32
0.82 -33.32
1.00 -33.32
1.00 -33.32
1.00 -33.32
1.19 -33.32
1.19 -33.32
1.19 -33.32
-4.11 -33.14
-4.11 -33.14
-4.11 -33.14
-3.93 -33.14
-3.93 -33.14
-3.93 -33.14
-2.46 -33.14
-2.46 -33.14
-2.46 -33.14
-1.55 -33.14
-1.55 -33.14
-1.55 -33.14
-1.37 -33.14
-1.37 -33.14
-1.37 -33.14
-1.19 -33.14
-1.19 -33.14
-1.19 -33.14
-1.00 -33.14
-1.00 -33.14
-1.00 -33.14
-0.82 -33.14
-0.82 -33.14
-0.82 -33.14
-0.64 -33.14
-0.64 -33.14
-0.64 -33.14
-0.46 -33.14
-0.46 -33.14
-0.46 -33.14
-0.27 -33.14
-0.27 -33.14
-0.27 -33.14
1.19 -33.14
1.19 -33.14
1.19 -33.14
-3.93 -32.96
-3.93 -32.96
-3.93 -32.96
-3.38 -32.96
-3.38 -32.96
-3.38 -32.96
-3.20 -32.96
-3.20 -32.96
-3.20 -32.96
-1.00 -32.96
-1.00 -32.96
-1.00 -32.96
-0.82 -32.96
-0.82 -32.96
-0.82 -32.96
-0.64 -32.96
-0.64 -32.96
-0.64 -32.96
-0.27 -32.96
-0.27 -32.96
-0.27 -32.96
-0.09 -32.96
-0.09 -32.96
-0.09 -32.96
-4.11 -32.77
-4.11 -32.77
-4.11 -32.77
-3.56 -32.77
-3.56 -32.77
-3.56 -32.77
-3.38 -32.77
-3.38 -32.77
-3.38 -32.77
-3.20 -32.77
-3.20 -32.77
-3.20 -32.77
-1.00 -32.77
-1.00 -32.77
-1.00 -32.77
-0.82 -32.77
-0.82 -32.77
-0.82 -32.77
-0.64 -32.77
-0.64 -32.77
-0.64 -32.77
-0.46 -32.77
-0.46 -32.77
-0.46 -32.77
0.27 -32.77
0.27 -32.77
0.27 -32.77
0.46 -32.77
0.46 -32.77
0.46 -32.77
0.82 -32.77
0.82 -32.77
0.82 -32.77
1.00 -32.77
1.00 -32.77
1.00 -32.77
1.19 -32.77
1.19 -32.77
1.19 -32.77
-3.74 -32.59
-3.74 -32.59
-3.74 -32.59
-1.00 -32.59
-1.00 -32.59
-1.00 -32.59
-0.82 -32.59
-0.82 -32.59
-0.82 -32.59
0.27 -32.59
0.27 -32.59
0.27 -32.59
0.46 -32.59
0.46 -32.59
0.46 -32.59
0.64 -32.59
0.64 -32.59
0.64 -32.59
1.37 -32.59
1.37 -32.59
1.37 -32.59
-4.11 -32.41
-4.11 -32.41
-4.11 -32.41
-3.56 -32.41
-3.56 -32.41
-3.56 -32.41
-3.38 -32.41
-3.38 -32.41
-3.38 -32.41
-3.20 -32.41
-3.20 -32.41
-3.20 -32.41
-3.01 -32.41
-3.01 -32.41
-3.01 -32.41
-2.83 -32.41
-2.83 -32.41
-2.83 -32.41
-2.65 -32.41
-2.65 -32.41
-2.65 -32.41
-2.46 -32.41
-2.46 -32.41
-2.46 -32.41
-2.28 -32.41
-2.28 -32.41
-2.28 -32.41
-0.82 -32.41
-0.82 -32.41
-0.82 -32.41
-0.46 -32.41
-0.46 -32.41
-0.46 -32.41
-0.27 -32.41
-0.27 -32.41
-0.27 -32.41
-0.09 -32.41
-0.09 -32.41
-0.09 -32.41
0.09 -32.41
0.09 -32.41
0.09 -32.41
0.27 -32.41
0.27 -32.41
0.27 -32.41
0.46 -32.41
0.46 -32.41
0.46 -32.41
0.64 -32.41
0.64 -32.41
0.64 -32.41
0.82 -32.41
0.82 -32.41
0.82 -32.41
1.00 -32.41
1.00 -32.41
1.00 -32.41
-4.11 -32.22
-4.11 -32.22
-4.11 -32.22
-3.93 -32.22
-3.93 -32.22
-3.93 -32.22
-3.56 -32.22
-3.56 -32.22
-3.56 -32.22
-3.38 -32.22
-3.38 -32.22
-3.38 -32.22
-3.20 -32.22
-3.20 -32.22
-3.20 -32.22
-3.01 -32.22
-3.01 -32.22
-3.01 -32.22
-1.92 -32.22
-1.92 -32.22
-1.92 -32.22
-1.73 -32.22
-1.73 -32.22
-1.73 -32.22
-1.55 -32.22
-1.55 -32.22
-1.55 -32.22
-1.37 -32.22
-1.37 -32.22
-1.37 -32.22
-1.19 -32.22
-1.19 -32.22
-1.19 -32.22
-0.64 -32.22
-0.64 -32.22
-0.64 -32.22
-0.46 -32.22
-0.46 -32.22
-0.46 -32.22
-0.27 -32.22
-0.27 -32.22
-0.27 -32.22
0.27 -32.22
0.27 -32.22
0.27 -32.22
0.46 -32.22
0.46 -32.22
0.46 -32.22
0.64 -32.22
0.64 -32.22
0.64 -32.22
1.00 -32.22
1.00 -32.22
1.00 -32.22
-4.11 -32.04
-4.11 -32.04
-4.11 -32.04
-3.93 -32.04
-3.93 -32.04
-3.93 -32.04
-3.74 -32.04
-3.74 -32.04
-3.74 -32.04
-3.56 -32.04
-3.56 -32.04
-3.56 -32.04
-3.38 -32.04
-3.38 -32.04
-3.38 -32.04
-3.20 -32.04
-3.20 -32.04
-3.20 -32.04
-3.01 -32.04
-3.01 -32.04
-3.01 -32.04
-2.10 -32.04
-2.10 -32.04
-2.10 -32.04
-1.92 -32.04
-1.92 -32.04
-1.92 -32.04
-1.73 -32.04
-1.73 -32.04
-1.73 -32.04
-1.55 -32.04
-1.55 -32.04
-1.55 -32.04
-1.37 -32.04
-1.37 -32.04
-1.37 -32.04
-1.19 -32.04
-1.19 -32.04
-1.19 -32.04
0.46 -32.04
0.46 -32.04
0.46 -32.04
0.64 -32.04
0.64 -32.04
0.64 -32.04
0.82 -32.04
0.82 -32.04
0.82 -32.04
1.00 -32.04
1.00 -32.04
1.00 -32.04
1.19 -32.04
1.19 -32.04
1.19 -32.04
-3.93 -31.86
-3.93 -31.86
-3.93 -31.86
-2.83 -31.86
-2.83 -31.86
-2.83 -31.86
-2.65 -31.86
-2.65 -31.86
-2.65 -31.86
-2.46 -31.86
-2.46 -31.86
-2.46 -31.86
-2.28 -31.86
-2.28 -31.86
-2.28 -31.86
-2.10 -31.86
-2.10 -31.86
-2.10 -31.86
-1.92 -31.86
-1.92 -31.86
-1.92 -31.86
-1.73 -31.86
-1.73 -31.86
-1.73 -31.86
-1.55 -31.86
-1.55 -31.86
-1.55 -31.86
-1.37 -31.86
-1.37 -31.86
-1.37 -31.86
-1.19 -31.86
-1.19 -31.86
-1.19 -31.86
0.27 -31.86
0.27 -31.86
0.27 -31.86
0.46 -31.86
0.46 -31.86
0.46 -31.86
0.64 -31.86
0.64 -31.86
0.64 -31.86
-4.11 -31.68
-4.11 -31.68
-4.11 -31.68
-3.93 -31.68
-3.93 -31.68
-3.93 -31.68
-2.83 -31.68
-2.83 -31.68
-2.83 -31.68
-2.65 -31.68
-2.65 -31.68
-2.65 -31.68
-2.46 -31.68
-2.46 -31.68
-2.46 -31.68
-2.28 -31.68
-2.28 -31.68
-2.28 -31.68
-2.10 -31.68
-2.10 -31.68
-2.10 -31.68
-1.92 -31.68
-1.92 -31.68
-1.92 -31.68
-1.73 -31.68
-1.73 -31.68
-1.73 -31.68
-1.55 -31.68
-1.55 -31.68
-1.55 -31.68
-1.37 -31.68
-1.37 -31.68
-1.37 -31.68
0.09 -31.68
0.09 -31.68
0.09 -31.68
0.27 -31.68
0.27 -31.68
0.27 -31.68
0.46 -31.68
0.46 -31.68
0.46 -31.68
-3.74 -31.49
-3.74 -31.49
-3.74 -31.49
-3.38 -31.49
-3.38 -31.49
-3.38 -31.49
-3.20 -31.49
-3.20 -31.49
-3.20 -31.49
-3.01 -31.49
-3.01 -31.49
-3.01 -31.49
-2.83 -31.49
-2.83 -31.49
-2.83 -31.49
-2.65 -31.49
-2.65 -31.49
-2.65 -31.49
-2.46 -31.49
-2.46 -31.49
-2.46 -31.49
-2.28 -31.49
-2.28 -31.49
-2.28 -31.49
-2.10 -31.49
-2.10 -31.49
-2.10 -31.49
-1.92 -31.49
-1.92 -31.49
-1.92 -31.49
-1.73 -31.49
-1.73 -31.49
-1.73 -31.49
0.09 -31.49
0.09 -31.49
0.09 -31.49
0.27 -31.49
0.27 -31.49
0.27 -31.49
-4.47 -31.31
-4.47 -31.31
-4.47 -31.31
-3.74 -31.31
-3.74 -31.31
-3.74 -31.31
-3.56 -31.31
-3.56 -31.31
-3.56 -31.31
-3.38 -31.31
-3.38 -31.31
-3.38 -31.31
-3.20 -31.31
-3.20 -31.31
-3.20 -31.31
-3.01 -31.31
-3.01 -31.31
-3.01 -31.31
-2.83 -31.31
-2.83 -31.31
-2.83 -31.31
-2.65 -31.31
-2.65 -31.31
-2.65 -31.31
-2.46 -31.31
-2.46 -31.31
-2.46 -31.31
-2.28 -31.31
-2.28 -31.31
-2.28 -31.31
-2.10 -31.31
-2.10 -31.31
-2.10 -31.31
-1.92 -31.31
-1.92 -31.31
-1.92 -31.31
-1.19 -31.31
-1.19 -31.31
-1.19 -31.31
-1.00 -31.31
-1.00 -31.31
-1.00 -31.31
-0.82 -31.31
-0.82 -31.31
-0.82 -31.31
-0.64 -31.31
-0.64 -31.31
-0.64 -31.31
0.46 -31.31
0.46 -31.31
0.46 -31.31
-4.84 -31.13
-4.84 -31.13
-4.84 -31.13
-4.66 -31.13
-4.66 -31.13
-4.66 -31.13
-4.47 -31.13
-4.47 -31.13
-4.47 -31.13
-4.29 -31.13
-4.29 -31.13
-4.29 -31.13
-4.11 -31.13
-4.11 -31.13
-4.11 -31.13
-3.93 -31.13
-3.93 -31.13
-3.93 -31.13
-2.83 -31.13
-2.83 -31.13
-2.83 -31.13
-2.65 -31.13
-2.65 -31.13
-2.65 -31.13
-2.46 -31.13
-2.46 -31.13
-2.46 -31.13
-2.28 -31.13
-2.28 -31.13
-2.28 -31.13
-2.10 -31.13
-2.10 -31.13
-2.10 -31.13
-1.37 -31.13
-1.37 -31.13
-1.37 -31.13
-1.19 -31.13
-1.19 -31.13
-1.19 -31.13
-1.00 -31.13
-1.00 -31.13
-1.00 -31.13
-0.82 -31.13
-0.82 -31.13
-0.82 -31.13
-0.27 -31.13
-0.27 -31.13
-0.27 -31.13
0.09 -31.13
0.09 -31.13
0.09 -31.13
0.27 -31.13
0.27 -31.13
0.27 -31.13
0.46 -31.13
0.46 -31.13
0.46 -31.13
-5.02 -30.95
-5.02 -30.95
-5.02 -30.95
-4.84 -30.95
-4.84 -30.95
-4.84 -30.95
-4.66 -30.95
-4.66 -30.95
-4.66 -30.95
-4.47 -30.95
-4.47 -30.95
-4.47 -30.95
-4.29 -30.95
-4.29 -30.95
-4.29 -30.95
-4.11 -30.95
-4.11 -30.95
-4.11 -30.95
-2.65 -30.95
-2.65 -30.95
-2.65 -30.95
-2.46 -30.95
-2.46 -30.95
-2.46 -30.95
-2.28 -30.95
-2.28 -30.95
-2.28 -30.95
-2.10 -30.95
-2.10 -30.95
-2.10 -30.95
-1.92 -30.95
-1.92 -30.95
-1.92 -30.95
-1.73 -30.95
-1.73 -30.95
-1.73 -30.95
-1.55 -30.95
-1.55 -30.95
-1.55 -30.95
-1.37 -30.95
-1.37 -30.95
-1.37 -30.95
-1.19 -30.95
-1.19 -30.95
-1.19 -30.95
-1.00 -30.95
-1.00 -30.95
-1.00 -30.95
-0.82 -30.95
-0.82 -30.95
-0.82 -30.95
-0.64 -30.95
-0.64 -30.95
-0.64 -30.95
-0.46 -30.95
-0.46 -30.95
-0.46 -30.95
-5.02 -30.76
-5.02 -30.76
-5.02 -30.76
-4.84 -30.76
-4.84 -30.76
-4.84 -30.76
-4.29 -30.76
-4.29 -30.76
-4.29 -30.76
-4.11 -30.76
-4.11 -30.76
-4.11 -30.76
-2.46 -30.76
-2.46 -30.76
-2.46 -30.76
-2.28 -30.76
-2.28 -30.76
-2.28 -30.76
-2.10 -30.76
-2.10 -30.76
-2.10 -30.76
-1.92 -30.76
-1.92 -30.76
-1.92 -30.76
-1.73 -30.76
-1.73 -30.76
-1.73 -30.76
-1.55 -30.76
-1.55 -30.76
-1.55 -30.76
-1.37 -30.76
-1.37 -30.76
-1.37 -30.76
-1.19 -30.76
-1.19 -30.76
-1.19 -30.76
-1.00 -30.76
-1.00 -30.76
-1.00 -30.76
-0.82 -30.76
-0.82 -30.76
-0.82 -30.76
-0.46 -30.76
-0.46 -30.76
-0.46 -30.76
-4.66 -30.58
-4.66 -30.58
-4.66 -30.58
-4.47 -30.58
-4.47 -30.58
-4.47 -30.58
-4.29 -30.58
-4.29 -30.58
-4.29 -30.58
-4.11 -30.58
-4.11 -30.58
-4.11 -30.58
-3.93 -30.58
-3.93 -30.58
-3.93 -30.58
-1.19 -30.58
-1.19 -30.58
-1.19 -30.58
-1.00 -30.58
-1.00 -30.58
-1.00 -30.58
-0.82 -30.58
-0.82 -30.58
-0.82 -30.58
-0.46 -30.58
-0.46 -30.58
-0.46 -30.58
-0.27 -30.58
-0.27 -30.58
-0.27 -30.58
-4.66 -30.40
-4.66 -30.40
-4.66 -30.40
-4.47 -30.40
-4.47 -30.40
-4.47 -30.40
-4.29 -30.40
-4.29 -30.40
-4.29 -30.40
-4.11 -30.40
-4.11 -30.40
-4.11 -30.40
-3.93 -30.40
-3.93 -30.40
-3.93 -30.40
-3.56 -30.40
-3.56 -30.40
-3.56 -30.40
-3.38 -30.40
-3.38 -30.40
-3.38 -30.40
-3.20 -30.40
-3.20 -30.40
-3.20 -30.40
-1.00 -30.40
-1.00 -30.40
-1.00 -30.40
-0.82 -30.40
-0.82 -30.40
-0.82 -30.40
-0.64 -30.40
-0.64 -30.40
-0.64 -30.40
-1.19 -30.22
-1.19 -30.22
-1.19 -30.22
-1.00 -30.22
-1.00 -30.22
-1.00 -30.22
-0.82 -30.22
-0.82 -30.22
-0.82 -30.22
-0.27 -30.22
-0.27 -30.22
-0.27 -30.22
-3.56 -30.03
-3.56 -30.03
-3.56 -30.03
-3.38 -30.03
-3.38 -30.03
-3.38 -30.03
-3.20 -30.03
-3.20 -30.03
-3.20 -30.03
-3.01 -30.03
-3.01 -30.03
-3.01 -30.03
-2.83 -30.03
-2.83 -30.03
-2.83 -30.03
-2.65 -30.03
-2.65 -30.03
-2.65 -30.03
-2.46 -30.03
-2.46 -30.03
-2.46 -30.03
-2.28 -30.03
-2.28 -30.03
-2.28 -30.03
-2.10 -30.03
-2.10 -30.03
-2.10 -30.03
-1.92 -30.03
-1.92 -30.03
-1.92 -30.03
-1.73 -30.03
-1.73 -30.03
-1.73 -30.03
-1.55 -30.03
-1.55 -30.03
-1.55 -30.03
-1.37 -30.03
-1.37 -30.03
-1.37 -30.03
-1.19 -30.03
-1.19 -30.03
-1.19 -30.03
-1.00 -30.03
-1.00 -30.03
-1.00 -30.03
-0.64 -30.03
-0.64 -30.03
-0.64 -30.03
-5.02 -29.85
-5.02 -29.85
-5.02 -29.85
-4.84 -29.85
-4.84 -29.85
-4.84 -29.85
-2.83 -29.85
-2.83 -29.85
-2.83 -29.85
-2.65 -29.85
-2.65 -29.85
-2.65 -29.85
-2.46 -29.85
-2.46 -29.85
-2.46 -29.85
-2.28 -29.85
-2.28 -29.85
-2.28 -29.85
-2.10 -29.85
-2.10 -29.85
-2.10 -29.85
-1.92 -29.85
-1.92 -29.85
-1.92 -29.85
-1.73 -29.85
-1.73 -29.85
-1.73 -29.85
-1.55 -29.85
-1.55 -29.85
-1.55 -29.85
-0.64 -29.85
-0.64 -29.85
-0.64 -29.85
-0.46 -29.85
-0.46 -29.85
-0.46 -29.85
-0.27 -29.85
-0.27 -29.85
-0.27 -29.85
-5.02 -29.67
-5.02 -29.67
-5.02 -29.67
-4.84 -29.67
-4.84 -29.67
-4.84 -29.67
-4.66 -29.67
-4.66 -29.67
-4.66 -29.67
-4.47 -29.67
-4.47 -29.67
-4.47 -29.67
-2.83 -29.67
-2.83 -29.67
-2.83 -29.67
-2.65 -29.67
-2.65 -29.67
-2.65 -29.67
-2.46 -29.67
-2.46 -29.67
-2.46 -29.67
-2.28 -29.67
-2.28 -29.67
-2.28 -29.67
-2.10 -29.67
-2.10 -29.67
-2.10 -29.67
-1.92 -29.67
-1.92 -29.67
-1.92 -29.67
-1.73 -29.67
-1.73 -29.67
-1.73 -29.67
-1.55 -29.67
-1.55 -29.67
-1.55 -29.67
-0.64 -29.67
-0.64 -29.67
-0.64 -29.67
-0.46 -29.67
-0.46 -29.67
-0.46 -29.67
-5.02 -29.49
-5.02 -29.49
-5.02 -29.49
-4.84 -29.49
-4.84 -29.49
-4.84 -29.49
-4.66 -29.49
-4.66 -29.49
-4.66 -29.49
-4.47 -29.49
-4.47 -29.49
-4.47 -29.49
-4.29 -29.49
-4.29 -29.49
-4.29 -29.49
-4.11 -29.49
-4.11 -29.49
-4.11 -29.49
-3.93 -29.49
-3.93 -29.49
-3.93 -29.49
-3.74 -29.49
-3.74 -29.49
-3.74 -29.49
-3.20 -29.49
-3.20 -29.49
-3.20 -29.49
-3.01 -29.49
-3.01 -29.49
-3.01 -29.49
-2.83 -29.49
-2.83 -29.49
-2.83 -29.49
-2.65 -29.49
-2.65 -29.49
-2.65 -29.49
-2.46 -29.49
-2.46 -29.49
-2.46 -29.49
-2.28 -29.49
-2.28 -29.49
-2.28 -29.49
-2.10 -29.49
-2.10 -29.49
-2.10 -29.49
-1.92 -29.49
-1.92 -29.49
-1.92 -29.49
-1.73 -29.49
-1.73 -29.49
-1.73 -29.49
-1.55 -29.49
-1.55 -29.49
-1.55 -29.49
-0.46 -29.49
-0.46 -29.49
-0.46 -29.49
-0.27 -29.49
-0.27 -29.49
-0.27 -29.49
-5.02 -29.30
-5.02 -29.30
-5.02 -29.30
-4.84 -29.30
-4.84 -29.30
-4.84 -29.30
-4.66 -29.30
-4.66 -29.30
-4.66 -29.30
-4.47 -29.30
-4.47 -29.30
-4.47 -29.30
-4.29 -29.30
-4.29 -29.30
-4.29 -29.30
-4.11 -29.30
-4.11 -29.30
-4.11 -29.30
-3.93 -29.30
-3.93 -29.30
-3.93 -29.30
-3.74 -29.30
-3.74 -29.30
-3.74 -29.30
-3.56 -29.30
-3.56 -29.30
-3.56 -29.30
-3.38 -29.30
-3.38 -29.30
-3.38 -29.30
-3.20 -29.30
-3.20 -29.30
-3.20 -29.30
-3.01 -29.30
-3.01 -29.30
-3.01 -29.30
-2.83 -29.30
-2.83 -29.30
-2.83 -29.30
-2.65 -29.30
-2.65 -29.30
-2.65 -29.30
-2.46 -29.30
-2.46 -29.30
-2.46 -29.30
-2.28 -29.30
-2.28 -29.30
-2.28 -29.30
-2.10 -29.30
-2.10 -29.30
-2.10 -29.30
-1.92 -29.30
-1.92 -29.30
-1.92 -29.30
-1.73 -29.30
-1.73 -29.30
-1.73 -29.30
-1.55 -29.30
-1.55 -29.30
-1.55 -29.30
-0.46 -29.30
-0.46 -29.30
-0.46 -29.30
-0.27 -29.30
-0.27 -29.30
-0.27 -29.30
-5.02 -29.12
-5.02 -29.12
-5.02 -29.12
-4.84 -29.12
-4.84 -29.12
-4.84 -29.12
-4.66 -29.12
-4.66 -29.12
-4.66 -29.12
-4.47 -29.12
-4.47 -29.12
-4.47 -29.12
-4.29 -29.12
-4.29 -29.12
-4.29 -29.12
-4.11 -29.12
-4.11 -29.12
-4.11 -29.12
-3.93 -29.12
-3.93 -29.12
-3.93 -29.12
-3.74 -29.12
-3.74 -29.12
-3.74 -29.12
-3.56 -29.12
-3.56 -29.12
-3.56 -29.12
-3.38 -29.12
-3.38 -29.12
-3.38 -29.12
-3.20 -29.12
-3.20 -29.12
-3.20 -29.12
-3.01 -29.12
-3.01 -29.12
-3.01 -29.12
-2.83 -29.12
-2.83 -29.12
-2.83 -29.12
-2.65 -29.12
-2.65 -29.12
-2.65 -29.12
-2.46 -29.12
-2.46 -29.12
-2.46 -29.12
-2.28 -29.12
-2.28 -29.12
-2.28 -29.12
-2.10 -29.12
-2.10 -29.12
-2.10 -29.12
-1.92 -29.12
-1.92 -29.12
-1.92 -29.12
-1.73 -29.12
-1.73 -29.12
-1.73 -29.12
-1.55 -29.12
-1.55 -29.12
-1.55 -29.12
-0.46 -29.12
-0.46 -29.12
-0.46 -29.12
-5.02 -28.94
-5.02 -28.94
-5.02 -28.94
-4.84 -28.94
-4.84 -28.94
-4.84 -28.94
-4.66 -28.94
-4.66 -28.94
-4.66 -28.94
-4.47 -28.94
-4.47 -28.94
-4.47 -28.94
-4.29 -28.94
-4.29 -28.94
-4.29 -28.94
-4.11 -28.94
-4.11 -28.94
-4.11 -28.94
-3.93 -28.94
-3.93 -28.94
-3.93 -28.94
-3.74 -28.94
-3.74 -28.94
-3.74 -28.94
-3.56 -28.94
-3.56 -28.94
-3.56 -28.94
-3.38 -28.94
-3.38 -28.94
-3.38 -28.94
-3.20 -28.94
-3.20 -28.94
-3.20 -28.94
-3.01 -28.94
-3.01 -28.94
-3.01 -28.94
-2.83 -28.94
-2.83 -28.94
-2.83 -28.94
-2.65 -28.94
-2.65 -28.94
-2.65 -28.94
-2.46 -28.94
-2.46 -28.94
-2.46 -28.94
-2.28 -28.94
-2.28 -28.94
-2.28 -28.94
-2.10 -28.94
-2.10 -28.94
-2.10 -28.94
-1.92 -28.94
-1.92 -28.94
-1.92 -28.94
-1.73 -28.94
-1.73 -28.94
-1.73 -28.94
-1.55 -28.94
-1.55 -28.94
-1.55 -28.94
-0.64 -28.94
-0.64 -28.94
-0.64 -28.94
-0.46 -28.94
-0.46 -28.94
-0.46 -28.94
-5.02 -28.76
-5.02 -28.76
-5.02 -28.76
-4.84 -28.76
-4.84 -28.76
-4.84 -28.76
-4.66 -28.76
-4.66 -28.76
-4.66 -28.76
-4.47 -28.76
-4.47 -28.76
-4.47 -28.76
-4.29 -28.76
-4.29 -28.76
-4.29 -28.76
-4.11 -28.76
-4.11 -28.76
-4.11 -28.76
-3.93 -28.76
-3.93 -28.76
-3.93 -28.76
-3.74 -28.76
-3.74 -28.76
-3.74 -28.76
-3.56 -28.76
-3.56 -28.76
-3.56 -28.76
-3.38 -28.76
-3.38 -28.76
-3.38 -28.76
-3.20 -28.76
-3.20 -28.76
-3.20 -28.76
-3.01 -28.76
-3.01 -28.76
-3.01 -28.76
-2.83 -28.76
-2.83 -28.76
-2.83 -28.76
-2.65 -28.76
-2.65 -28.76
-2.65 -28.76
-2.46 -28.76
-2.46 -28.76
-2.46 -28.76
-2.28 -28.76
-2.28 -28.76
-2.28 -28.76
-2.10 -28.76
-2.10 -28.76
-2.10 -28.76
-1.92 -28.76
-1.92 -28.76
-1.92 -28.76
-1.73 -28.76
-1.73 -28.76
-1.73 -28.76
-1.55 -28.76
-1.55 -28.76
-1.55 -28.76
-0.64 -28.76
-0.64 -28.76
-0.64 -28.76
-5.02 -28.57
-5.02 -28.57
-5.02 -28.57
-4.84 -28.57
-4.84 -28.57
-4.84 -28.57
-4.66 -28.57
-4.66 -28.57
-4.66 -28.57
-4.47 -28.57
-4.47 -28.57
-4.47 -28.57
-4.29 -28.57
-4.29 -28.57
-4.29 -28.57
-4.11 -28.57
-4.11 -28.57
-4.11 -28.57
-3.93 -28.57
-3.93 -28.57
-3.93 -28.57
-3.74 -28.57
-3.74 -28.57
-3.74 -28.57
-3.56 -28.57
-3.56 -28.57
-3.56 -28.57
-3.38 -28.57
-3.38 -28.57
-3.38 -28.57
-3.20 -28.57
-3.20 -28.57
-3.20 -28.57
-3.01 -28.57
-3.01 -28.57
-3.01 -28.57
-2.83 -28.57
-2.83 -28.57
-2.83 -28.57
-2.65 -28.57
-2.65 -28.57
-2.65 -28.57
-2.46 -28.57
-2.46 -28.57
-2.46 -28.57
-2.28 -28.57
-2.28 -28.57
-2.28 -28.57
-2.10 -28.57
-2.10 -28.57
-2.10 -28.57
-1.92 -28.57
-1.92 -28.57
-1.92 -28.57
-1.73 -28.57
-1.73 -28.57
-1.73 -28.57
-1.55 -28.57
-1.55 -28.57
-1.55 -28.57
-0.64 -28.57
-0.64 -28.57
-0.64 -28.57
-4.84 -28.39
-4.84 -28.39
-4.84 -28.39
-4.66 -28.39
-4.66 -28.39
-4.66 -28.39
-4.47 -28.39
-4.47 -28.39
-4.47 -28.39
-4.11 -28.39
-4.11 -28.39
-4.11 -28.39
-3.93 -28.39
-3.93 -28.39
-3.93 -28.39
-3.74 -28.39
-3.74 -28.39
-3.74 -28.39
-3.56 -28.39
-3.56 -28.39
-3.56 -28.39
-3.38 -28.39
-3.38 -28.39
-3.38 -28.39
-3.20 -28.39
-3.20 -28.39
-3.20 -28.39
-3.01 -28.39
-3.01 -28.39
-3.01 -28.39
-2.83 -28.39
-2.83 -28.39
-2.83 -28.39
-2.65 -28.39
-2.65 -28.39
-2.65 -28.39
-2.46 -28.39
-2.46 -28.39
-2.46 -28.39
-2.28 -28.39
-2.28 -28.39
-2.28 -28.39
-2.10 -28.39
-2.10 -28.39
-2.10 -28.39
-1.92 -28.39
-1.92 -28.39
-1.92 -28.39
-1.73 -28.39
-1.73 -28.39
-1.73 -28.39
-0.46 -28.39
-0.46 -28.39
-0.46 -28.39
-5.02 -28.21
-5.02 -28.21
-5.02 -28.21
-4.84 -28.21
-4.84 -28.21
-4.84 -28.21
-4.66 -28.21
-4.66 -28.21
-4.66 -28.21
-4.29 -28.21
-4.29 -28.21
-4.29 -28.21
-4.11 -28.21
-4.11 -28.21
-4.11 -28.21
-3.93 -28.21
-3.93 -28.21
-3.93 -28.21
-3.74 -28.21
-3.74 -28.21
-3.74 -28.21
-3.56 -28.21
-3.56 -28.21
-3.56 -28.21
-3.38 -28.21
-3.38 -28.21
-3.38 -28.21
-3.20 -28.21
-3.20 -28.21
-3.20 -28.21
-3.01 -28.21
-3.01 -28.21
-3.01 -28.21
-2.83 -28.21
-2.83 -28.21
-2.83 -28.21
-2.65 -28.21
-2.65 -28.21
-2.65 -28.21
-2.46 -28.21
-2.46 -28.21
-2.46 -28.21
-2.28 -28.21
-2.28 -28.21
-2.28 -28.21
-2.10 -28.21
-2.10 -28.21
-2.10 -28.21
-1.92 -28.21
-1.92 -28.21
-1.92 -28.21
-1.73 -28.21
-1.73 -28.21
-1.73 -28.21
-1.55 -28.21
-1.55 -28.21
-1.55 -28.21
-0.64 -28.21
-0.64 -28.21
-0.64 -28.21
-4.66 -28.03
-4.66 -28.03
-4.66 -28.03
-4.47 -28.03
-4.47 -28.03
-4.47 -28.03
-4.29 -28.03
-4.29 -28.03
-4.29 -28.03
-4.11 -28.03
-4.11 -28.03
-4.11 -28.03
-3.56 -28.03
-3.56 -28.03
-3.56 -28.03
-3.38 -28.03
-3.38 -28.03
-3.38 -28.03
-3.20 -28.03
-3.20 -28.03
-3.20 -28.03
-3.01 -28.03
-3.01 -28.03
-3.01 -28.03
-2.83 -28.03
-2.83 -28.03
-2.83 -28.03
-2.65 -28.03
-2.65 -28.03
-2.65 -28.03
-2.46 -28.03
-2.46 -28.03
-2.46 -28.03
-2.28 -28.03
-2.28 -28.03
-2.28 -28.03
-2.10 -28.03
-2.10 -28.03
-2.10 -28.03
-1.92 -28.03
-1.92 -28.03
-1.92 -28.03
-1.73 -28.03
-1.73 -28.03
-1.73 -28.03
-1.55 -28.03
-1.55 -28.03
-1.55 -28.03
-1.37 -28.03
-1.37 -28.03
-1.37 -28.03
-5.02 -27.84
-5.02 -27.84
-5.02 -27.84
-4.84 -27.84
-4.84 -27.84
-4.84 -27.84
-4.66 -27.84
-4.66 -27.84
-4.66 -27.84
-4.47 -27.84
-4.47 -27.84
-4.47 -27.84
-4.29 -27.84
-4.29 -27.84
-4.29 -27.84
-3.93 -27.84
-3.93 -27.84
-3.93 -27.84
-3.74 -27.84
-3.74 -27.84
-3.74 -27.84
-3.56 -27.84
-3.56 -27.84
-3.56 -27.84
-3.38 -27.84
-3.38 -27.84
-3.38 -27.84
-3.20 -27.84
-3.20 -27.84
-3.20 -27.84
-3.01 -27.84
-3.01 -27.84
-3.01 -27.84
-2.83 -27.84
-2.83 -27.84
-2.83 -27.84
-2.65 -27.84
-2.65 -27.84
-2.65 -27.84
-2.46 -27.84
-2.46 -27.84
-2.46 -27.84
-2.28 -27.84
-2.28 -27.84
-2.28 -27.84
-2.10 -27.84
-2.10 -27.84
-2.10 -27.84
-1.92 -27.84
-1.92 -27.84
-1.92 -27.84
-1.73 -27.84
-1.73 -27.84
-1.73 -27.84
-1.55 -27.84
-1.55 -27.84
-1.55 -27.84
-0.64 -27.84
-0.64 -27.84
-0.64 -27.84
-0.46 -27.84
-0.46 -27.84
-0.46 -27.84
-5.20 -27.66
-5.20 -27.66
-5.20 -27.66
-4.47 -27.66
-4.47 -27.66
-4.47 -27.66
-4.29 -27.66
-4.29 -27.66
-4.29 -27.66
-4.11 -27.66
-4.11 -27.66
-4.11 -27.66
-3.93 -27.66
-3.93 -27.66
-3.93 -27.66
-3.74 -27.66
-3.74 -27.66
-3.74 -27.66
-3.56 -27.66
-3.56 -27.66
-3.56 -27.66
-3.38 -27.66
-3.38 -27.66
-3.38 -27.66
-3.20 -27.66
-3.20 -27.66
-3.20 -27.66
-3.01 -27.66
-3.01 -27.66
-3.01 -27.66
-2.83 -27.66
-2.83 -27.66
-2.83 -27.66
-2.65 -27.66
-2.65 -27.66
-2.65 -27.66
-2.46 -27.66
-2.46 -27.66
-2.46 -27.66
-2.28 -27.66
-2.28 -27.66
-2.28 -27.66
-2.10 -27.66
-2.10 -27.66
-2.10 -27.66
-1.92 -27.66
-1.92 -27.66
-1.92 -27.66
-1.73 -27.66
-1.73 -27.66
-1.73 -27.66
-1.55 -27.66
-1.55 -27.66
-1.55 -27.66
-0.46 -27.66
-0.46 -27.66
-0.46 -27.66
-5.02 -27.48
-5.02 -27.48
-5.02 -27.48
-4.84 -27.48
-4.84 -27.48
-4.84 -27.48
-4.47 -27.48
-4.47 -27.48
-4.47 -27.48
-4.29 -27.48
-4.29 -27.48
-4.29 -27.48
-4.11 -27.48
-4.11 -27.48
-4.11 -27.48
-3.56 -27.48
-3.56 -27.48
-3.56 -27.48
-3.38 -27.48
-3.38 -27.48
-3.38 -27.48
-3.20 -27.48
-3.20 -27.48
-3.20 -27.48
-3.01 -27.48
-3.01 -27.48
-3.01 -27.48
-2.83 -27.48
-2.83 -27.48
-2.83 -27.48
-2.65 -27.48
-2.65 -27.48
-2.65 -27.48
-2.46 -27.48
-2.46 -27.48
-2.46 -27.48
-2.28 -27.48
-2.28 -27.48
-2.28 -27.48
-2.10 -27.48
-2.10 -27.48
-2.10 -27.48
-1.92 -27.48
-1.92 -27.48
-1.92 -27.48
-1.73 -27.48
-1.73 -27.48
-1.73 -27.48
-0.46 -27.48
-0.46 -27.48
-0.46 -27.48
-4.11 -27.30
-4.11 -27.30
-4.11 -27.30
-3.93 -27.30
-3.93 -27.30
-3.93 -27.30
-3.74 -27.30
-3.74 -27.30
-3.74 -27.30
-3.56 -27.30
-3.56 -27.30
-3.56 -27.30
-3.38 -27.30
-3.38 -27.30
-3.38 -27.30
-3.20 -27.30
-3.20 -27.30
-3.20 -27.30
-3.01 -27.30
-3.01 -27.30
-3.01 -27.30
-2.83 -27.30
-2.83 -27.30
-2.83 -27.30
-2.65 -27.30
-2.65 -27.30
-2.65 -27.30
-2.46 -27.30
-2.46 -27.30
-2.46 -27.30
-2.28 -27.30
-2.28 -27.30
-2.28 -27.30
-2.10 -27.30
-2.10 -27.30
-2.10 -27.30
-1.92 -27.30
-1.92 -27.30
-1.92 -27.30
-1.73 -27.30
-1.73 -27.30
-1.73 -27.30
-1.55 -27.30
-1.55 -27.30
-1.55 -27.30
-0.64 -27.30
-0.64 -27.30
-0.64 -27.30
-4.11 -27.11
-4.11 -27.11
-4.11 -27.11
-3.56 -27.11
-3.56 -27.11
-3.56 -27.11
-3.38 -27.11
-3.38 -27.11
-3.38 -27.11
-3.20 -27.11
-3.20 -27.11
-3.20 -27.11
-3.01 -27.11
-3.01 -27.11
-3.01 -27.11
-2.83 -27.11
-2.83 -27.11
-2.83 -27.11
-2.65 -27.11
-2.65 -27.11
-2.65 -27.11
-2.46 -27.11
-2.46 -27.11
-2.46 -27.11
-2.28 -27.11
-2.28 -27.11
-2.28 -27.11
-2.10 -27.11
-2.10 -27.11
-2.10 -27.11
-1.92 -27.11
-1.92 -27.11
-1.92 -27.11
-1.73 -27.11
-1.73 -27.11
-1.73 -27.11
-1.55 -27.11
-1.55 -27.11
-1.55 -27.11
-1.37 -27.11
-1.37 -27.11
-1.37 -27.11
-0.64 -27.11
-0.64 -27.11
-0.64 -27.11
-3.56 -26.93
-3.56 -26.93
-3.56 -26.93
-3.20 -26.93
-3.20 -26.93
-3.20 -26.93
-3.01 -26.93
-3.01 -26.93
-3.01 -26.93
-2.83 -26.93
-2.83 -26.93
-2.83 -26.93
-2.28 -26.93
-2.28 -26.93
-2.28 -26.93
-1.92 -26.93
-1.92 -26.93
-1.92 -26.93
-1.73 -26.93
-1.73 -26.93
-1.73 -26.93
-1.55 -26.93
-1.55 -26.93
-1.55 -26.93
-1.19 -26.93
-1.19 -26.93
-1.19 -26.93
-1.55 -26.75
-1.55 -26.75
-1.55 -26.75
-1.92 -26.56
-1.92 -26.56
-1.92 -26.56
-1.00 -26.56
-1.00 -26.56
-1.00 -26.56
-0.46 -26.56
-0.46 -26.56
-0.46 -26.56
-1.92 -26.38
-1.92 -26.38
-1.92 -26.38
-0.82 -26.20
-0.82 -26.20
-0.82 -26.20
-0.64 -26.20
-0.64 -26.20
-0.64 -26.20
-0.46 -26.20
-0.46 -26.20
-0.46 -26.20
-15.43 9.22
-15.43 9.22
-15.43 9.22
-15.25 9.22
-15.25 9.22
-15.25 9.22
-15.06 9.22
-15.06 9.22
-15.06 9.22
-14.88 9.22
-14.88 9.22
-14.88 9.22
-15.25 9.40
-15.25 9.40
-15.25 9.40
-14.88 9.40
-14.88 9.40
-14.88 9.40
-14.70 9.40
-14.70 9.40
-14.70 9.40
-15.43 9.59
-15.43 9.59
-15.43 9.59
-15.25 9.59
-15.25 9.59
-15.25 9.59
-15.06 9.59
-15.06 9.59
-15.06 9.59
-14.70 9.59
-14.70 9.59
-14.70 9.59
-14.51 9.95
-14.51 9.95
-14.51 9.95
-14.33 9.95
-14.33 9.95
-14.33 9.95
-13.97 9.95
-13.97 9.95
-13.97 9.95
-14.70 10.13
-14.70 10.13
-14.70 10.13
-14.51 10.13
-14.51 10.13
-14.51 10.13
-14.33 10.13
-14.33 10.13
-14.33 10.13
-14.33 10.32
-14.33 10.32
-14.33 10.32
-14.15 10.32
-14.15 10.32
-14.15 10.32
-13.97 10.32
-13.97 10.32
-13.97 10.32
-14.51 10.50
-14.51 10.50
-14.51 10.50
-13.78 10.50
-13.78 10.50
-13.78 10.50
-13.60 10.50
-13.60 10.50
-13.60 10.50
-13.42 10.50
-13.42 10.50
-13.42 10.50
-13.42 10.68
-13.42 10.68
-13.42 10.68
-13.24 10.68
-13.24 10.68
-13.24 10.68
-13.05 10.68
-13.05 10.68
-13.05 10.68
-13.78 10.86
-13.78 10.86
-13.78 10.86
-13.42 10.86
-13.42 10.86
-13.42 10.86
-13.05 10.86
-13.05 10.86
-13.05 10.86
-13.78 11.05
-13.78 11.05
-13.78 11.05
-13.60 11.05
-13.60 11.05
-13.60 11.05
-13.42 11.05
-13.42 11.05
-13.42 11.05
-13.24 11.05
-13.24 11.05
-13.24 11.05
-12.87 11.05
-12.87 11.05
-12.87 11.05
-13.05 11.23
-13.05 11.23
-13.05 11.23
-12.32 11.23
-12.32 11.23
-12.32 11.23
-13.05 11.41
-13.05 11.41
-13.05 11.41
-12.69 11.41
-12.69 11.41
-12.69 11.41
-12.51 11.41
-12.51 11.41
-12.51 11.41
-11.96 11.59
-11.96 11.59
-11.96 11.59
-11.78 11.59
-11.78 11.59
-11.78 11.59
-11.59 11.59
-11.59 11.59
-11.59 11.59
-11.41 11.59
-11.41 11.59
-11.41 11.59
-17.44 11.78
-17.44 11.78
-17.44 11.78
-17.25 11.78
-17.25 11.78
-17.25 11.78
-16.89 11.78
-16.89 11.78
-16.89 11.78
-16.52 11.78
-16.52 11.78
-16.52 11.78
-12.14 11.78
-12.14 11.78
-12.14 11.78
-18.17 11.96
-18.17 11.96
-18.17 11.96
-17.98 11.96
-17.98 11.96
-17.98 11.96
-17.62 11.96
-17.62 11.96
-17.62 11.96
-17.07 11.96
-17.07 11.96
-17.07 11.96
-16.71 11.96
-16.71 11.96
-16.71 11.96
-16.52 11.96
-16.52 11.96
-16.52 11.96
-16.16 11.96
-16.16 11.96
-16.16 11.96
-15.98 11.96
-15.98 11.96
-15.98 11.96
-12.14 11.96
-12.14 11.96
-12.14 11.96
-10.68 11.96
-10.68 11.96
-10.68 11.96
-17.25 12.14
-17.25 12.14
-17.25 12.14
-17.07 12.14
-17.07 12.14
-17.07 12.14
-16.16 12.14
-16.16 12.14
-16.16 12.14
-11.59 12.14
-11.59 12.14
-11.59 12.14
-11.41 12.14
-11.41 12.14
-11.41 12.14
-11.23 12.14
-11.23 12.14
-11.23 12.14
-11.05 12.14
-11.05 12.14
-11.05 12.14
-10.68 12.14
-10.68 12.14
-10.68 12.14
-17.25 12.32
-17.25 12.32
-17.25 12.32
-16.89 12.32
-16.89 12.32
-16.89 12.32
-16.71 12.32
-16.71 12.32
-16.71 12.32
-16.34 12.32
-16.34 12.32
-16.34 12.32
-12.14 12.32
-12.14 12.32
-12.14 12.32
-11.96 12.32
-11.96 12.32
-11.96 12.32
-11.78 12.32
-11.78 12.32
-11.78 12.32
-11.59 12.32
-11.59 12.32
-11.59 12.32
-11.23 12.32
-11.23 12.32
-11.23 12.32
-17.25 12.51
-17.25 12.51
-17.25 12.51
-16.71 12.51
-16.71 12.51
-16.71 12.51
-16.52 12.51
-16.52 12.51
-16.52 12.51
-16.16 12.51
-16.16 12.51
-16.16 12.51
-15.98 12.51
-15.98 12.51
-15.98 12.51
-11.96 12.51
-11.96 12.51
-11.96 12.51
-11.59 12.51
-11.59 12.51
-11.59 12.51
-11.41 12.51
-11.41 12.51
-11.41 12.51
-10.68 12.51
-10.68 12.51
-10.68 12.51
-10.13 12.51
-10.13 12.51
-10.13 12.51
-17.07 12.69
-17.07 12.69
-17.07 12.69
-16.71 12.69
-16.71 12.69
-16.71 12.69
-16.52 12.69
-16.52 12.69
-16.52 12.69
-15.79 12.69
-15.79 12.69
-15.79 12.69
-11.23 12.69
-11.23 12.69
-11.23 12.69
-11.05 12.69
-11.05 12.69
-11.05 12.69
-10.86 12.69
-10.86 12.69
-10.86 12.69
-10.32 12.69
-10.32 12.69
-10.32 12.69
-10.13 12.69
-10.13 12.69
-10.13 12.69
-9.95 12.69
-9.95 12.69
-9.95 12.69
-9.77 12.69
-9.77 12.69
-9.77 12.69
-17.44 12.87
-17.44 12.87
-17.44 12.87
-16.89 12.87
-16.89 12.87
-16.89 12.87
-16.71 12.87
-16.71 12.87
-16.71 12.87
-16.52 12.87
-16.52 12.87
-16.52 12.87
-16.34 12.87
-16.34 12.87
-16.34 12.87
-16.16 12.87
-16.16 12.87
-16.16 12.87
-15.98 12.87
-15.98 12.87
-15.98 12.87
-10.50 12.87
-10.50 12.87
-10.50 12.87
-10.32 12.87
-10.32 12.87
-10.32 12.87
-9.95 12.87
-9.95 12.87
-9.95 12.87
-16.52 13.05
-16.52 13.05
-16.52 13.05
-16.34 13.05
-16.34 13.05
-16.34 13.05
-15.98 13.05
-15.98 13.05
-15.98 13.05
-15.79 13.05
-15.79 13.05
-15.79 13.05
-10.50 13.05
-10.50 13.05
-10.50 13.05
-10.32 13.24
-10.32 13.24
-10.32 13.24
-10.13 13.24
-10.13 13.24
-10.13 13.24
-9.59 13.24
-9.59 13.24
-9.59 13.24
-9.04 13.24
-9.04 13.24
-9.04 13.24
-16.16 13.42
-16.16 13.42
-16.16 13.42
-15.61 13.42
-15.61 13.42
-15.61 13.42
-15.25 13.42
-15.25 13.42
-15.25 13.42
-10.50 13.42
-10.50 13.42
-10.50 13.42
-10.32 13.42
-10.32 13.42
-10.32 13.42
-10.13 13.42
-10.13 13.42
-10.13 13.42
-9.77 13.42
-9.77 13.42
-9.77 13.42
-9.59 13.42
-9.59 13.42
-9.59 13.42
-9.40 13.42
-9.40 13.42
-9.40 13.42
-15.61 13.60
-15.61 13.60
-15.61 13.60
-15.06 13.60
-15.06 13.60
-15.06 13.60
-14.88 13.60
-14.88 13.60
-14.88 13.60
-14.51 13.60
-14.51 13.60
-14.51 13.60
-14.33 13.60
-14.33 13.60
-14.33 13.60
-10.50 13.60
-10.50 13.60
-10.50 13.60
-9.95 13.60
-9.95 13.60
-9.95 13.60
-9.77 13.60
-9.77 13.60
-9.77 13.60
-14.70 13.78
-14.70 13.78
-14.70 13.78
-14.51 13.78
-14.51 13.78
-14.51 13.78
-14.15 13.78
-14.15 13.78
-14.15 13.78
-9.59 13.78
-9.59 13.78
-9.59 13.78
-9.22 13.78
-9.22 13.78
-9.22 13.78
-9.04 13.78
-9.04 13.78
-9.04 13.78
-9.59 13.97
-9.59 13.97
-9.59 13.97
-9.22 13.97
-9.22 13.97
-9.22 13.97
-9.04 13.97
-9.04 13.97
-9.04 13.97
-9.77 14.15
-9.77 14.15
-9.77 14.15
-9.40 14.15
-9.40 14.15
-9.40 14.15
-9.77 14.33
-9.77 14.33
-9.77 14.33
-13.24 14.51
-13.24 14.51
-13.24 14.51
-13.60 14.70
-13.60 14.70
-13.60 14.70
-13.78 14.88
-13.78 14.88
-13.78 14.88
-13.24 14.88
-13.24 14.88
-13.24 14.88
-13.05 14.88
-13.05 14.88
-13.05 14.88
-12.87 14.88
-12.87 14.88
-12.87 14.88
-12.51 14.88
-12.51 14.88
-12.51 14.88
-13.97 15.06
-13.97 15.06
-13.97 15.06
-13.78 15.06
-13.78 15.06
-13.78 15.06
-13.60 15.06
-13.60 15.06
-13.60 15.06
-13.42 15.06
-13.42 15.06
-13.42 15.06
-12.87 15.06
-12.87 15.06
-12.87 15.06
-11.96 15.06
-11.96 15.06
-11.96 15.06
-11.78 15.06
-11.78 15.06
-11.78 15.06
-11.59 15.06
-11.59 15.06
-11.59 15.06
-13.24 15.25
-13.24 15.25
-13.24 15.25
-13.05 15.25
-13.05 15.25
-13.05 15.25
-12.51 15.25
-12.51 15.25
-12.51 15.25
-12.32 15.25
-12.32 15.25
-12.32 15.25
-12.14 15.25
-12.14 15.25
-12.14 15.25
-11.59 15.25
-11.59 15.25
-11.59 15.25
-13.97 15.43
-13.97 15.43
-13.97 15.43
-13.24 15.43
-13.24 15.43
-13.24 15.43
-12.87 15.43
-12.87 15.43
-12.87 15.43
-12.69 15.43
-12.69 15.43
-12.69 15.43
-11.96 15.43
-11.96 15.43
-11.96 15.43
-13.97 15.61
-13.97 15.61
-13.97 15.61
-12.51 15.61
-12.51 15.61
-12.51 15.61
-5.75 15.61
-5.75 15.61
-5.75 15.61
-5.02 15.61
-5.02 15.61
-5.02 15.61
-5.75 15.79
-5.75 15.79
-5.75 15.79
-5.39 15.79
-5.39 15.79
-5.39 15.79
-5.20 15.79
-5.20 15.79
-5.20 15.79
-12.32 15.98
-12.32 15.98
-12.32 15.98
-12.14 15.98
-12.14 15.98
-12.14 15.98
-11.96 15.98
-11.96 15.98
-11.96 15.98
-5.75 15.98
-5.75 15.98
-5.75 15.98
-5.57 15.98
-5.57 15.98
-5.57 15.98
-11.59 16.16
-11.59 16.16
-11.59 16.16
-11.23 16.16
-11.23 16.16
-11.23 16.16
-11.05 16.16
-11.05 16.16
-11.05 16.16
-5.39 16.16
-5.39 16.16
-5.39 16.16
-5.20 16.16
-5.20 16.16
-5.20 16.16
-5.02 16.16
-5.02 16.16
-5.02 16.16
-12.32 16.34
-12.32 16.34
-12.32 16.34
-12.14 16.34
-12.14 16.34
-12.14 16.34
-11.78 16.34
-11.78 16.34
-11.78 16.34
-11.59 16.34
-11.59 16.34
-11.59 16.34
-11.05 16.34
-11.05 16.34
-11.05 16.34
-10.86 16.34
-10.86 16.34
-10.86 16.34
-5.75 16.34
-5.75 16.34
-5.75 16.34
-4.84 16.34
-4.84 16.34
-4.84 16.34
-4.47 16.34
-4.47 16.34
-4.47 16.34
-4.29 16.34
-4.29 16.34
-4.29 16.34
-12.51 16.52
-12.51 16.52
-12.51 16.52
-12.32 16.52
-12.32 16.52
-12.32 16.52
-12.14 16.52
-12.14 16.52
-12.14 16.52
-11.78 16.52
-11.78 16.52
-11.78 16.52
-11.59 16.52
-11.59 16.52
-11.59 16.52
-11.41 16.52
-11.41 16.52
-11.41 16.52
-11.23 16.52
-11.23 16.52
-11.23 16.52
-11.05 16.52
-11.05 16.52
-11.05 16.52
-4.84 16.52
-4.84 16.52
-4.84 16.52
-4.29 16.52
-4.29 16.52
-4.29 16.52
-12.14 16.71
-12.14 16.71
-12.14 16.71
-11.78 16.71
-11.78 16.71
-11.78 16.71
-11.41 16.71
-11.41 16.71
-11.41 16.71
-5.57 16.71
-5.57 16.71
-5.57 16.71
-5.20 16.71
-5.20 16.71
-5.20 16.71
-5.02 16.71
-5.02 16.71
-5.02 16.71
-12.32 16.89
-12.32 16.89
-12.32 16.89
-11.59 16.89
-11.59 16.89
-11.59 16.89
-11.23 16.89
-11.23 16.89
-11.23 16.89
-10.86 16.89
-10.86 16.89
-10.86 16.89
-4.47 16.89
-4.47 16.89
-4.47 16.89
-11.23 17.07
-11.23 17.07
-11.23 17.07
-11.05 17.07
-11.05 17.07
-11.05 17.07
-10.68 17.07
-10.68 17.07
-10.68 17.07
-10.50 17.07
-10.50 17.07
-10.50 17.07
-4.84 17.07
-4.84 17.07
-4.84 17.07
-4.66 17.07
-4.66 17.07
-4.66 17.07
-4.47 17.07
-4.47 17.07
-4.47 17.07
-4.29 17.07
-4.29 17.07
-4.29 17.07
-4.11 17.07
-4.11 17.07
-4.11 17.07
-3.56 17.07
-3.56 17.07
-3.56 17.07
-11.05 17.25
-11.05 17.25
-11.05 17.25
-5.02 17.25
-5.02 17.25
-5.02 17.25
-4.11 17.25
-4.11 17.25
-4.11 17.25
-3.93 17.25
-3.93 17.25
-3.93 17.25
-3.74 17.25
-3.74 17.25
-3.74 17.25
-3.56 17.25
-3.56 17.25
-3.56 17.25
-10.86 17.44
-10.86 17.44
-10.86 17.44
-5.02 17.44
-5.02 17.44
-5.02 17.44
-4.84 17.44
-4.84 17.44
-4.84 17.44
-4.66 17.44
-4.66 17.44
-4.66 17.44
-4.47 17.44
-4.47 17.44
-4.47 17.44
-4.29 17.44
-4.29 17.44
-4.29 17.44
-4.11 17.44
-4.11 17.44
-4.11 17.44
-4.66 17.62
-4.66 17.62
-4.66 17.62
-4.47 17.62
-4.47 17.62
-4.47 17.62
-4.29 17.62
-4.29 17.62
-4.29 17.62
-4.11 17.62
-4.11 17.62
-4.11 17.62
-3.93 17.62
-3.93 17.62
-3.93 17.62
-5.02 17.98
-5.02 17.98
-5.02 17.98
-4.84 17.98
-4.84 17.98
-4.84 17.98
-4.66 17.98
-4.66 17.98
-4.66 17.98
-4.47 17.98
-4.47 17.98
-4.47 17.98
-4.29 17.98
-4.29 17.98
-4.29 17.98
-4.11 17.98
-4.11 17.98
-4.11 17.98
-3.93 17.98
-3.93 17.98
-3.93 17.98
-3.74 17.98
-3.74 17.98
-3.74 17.98
-4.29 18.17
-4.29 18.17
-4.29 18.17
-4.11 18.17
-4.11 18.17
-4.11 18.17
-3.56 18.17
-3.56 18.17
-3.56 18.17
-4.47 18.35
-4.47 18.35
-4.47 18.35
-4.29 18.35
-4.29 18.35
-4.29 18.35
-2.65 18.35
-2.65 18.35
-2.65 18.35
-8.67 18.53
-8.67 18.53
-8.67 18.53
-8.49 18.53
-8.49 18.53
-8.49 18.53
-8.12 18.53
-8.12 18.53
-8.12 18.53
-7.94 18.53
-7.94 18.53
-7.94 18.53
-7.76 18.53
-7.76 18.53
-7.76 18.53
-4.84 18.53
-4.84 18.53
-4.84 18.53
-3.74 18.53
-3.74 18.53
-3.74 18.53
-3.01 18.53
-3.01 18.53
-3.01 18.53
-2.65 18.53
-2.65 18.53
-2.65 18.53
-9.04 18.71
-9.04 18.71
-9.04 18.71
-8.85 18.71
-8.85 18.71
-8.85 18.71
-8.49 18.71
-8.49 18.71
-8.49 18.71
-7.76 18.71
-7.76 18.71
-7.76 18.71
-7.58 18.71
-7.58 18.71
-7.58 18.71
-4.11 18.71
-4.11 18.71
-4.11 18.71
-3.74 18.71
-3.74 18.71
-3.74 18.71
-2.83 18.71
-2.83 18.71
-2.83 18.71
-9.59 18.90
-9.59 18.90
-9.59 18.90
-9.40 18.90
-9.40 18.90
-9.40 18.90
-9.04 18.90
-9.04 18.90
-9.04 18.90
-8.85 18.90
-8.85 18.90
-8.85 18.90
-8.67 18.90
-8.67 18.90
-8.67 18.90
-8.49 18.90
-8.49 18.90
-8.49 18.90
-8.31 18.90
-8.31 18.90
-8.31 18.90
-8.12 18.90
-8.12 18.90
-8.12 18.90
-7.94 18.90
-7.94 18.90
-7.94 18.90
-7.58 18.90
-7.58 18.90
-7.58 18.90
-7.03 18.90
-7.03 18.90
-7.03 18.90
-4.29 18.90
-4.29 18.90
-4.29 18.90
-4.11 18.90
-4.11 18.90
-4.11 18.90
-3.74 18.90
-3.74 18.90
-3.74 18.90
-3.56 18.90
-3.56 18.90
-3.56 18.90
-3.20 18.90
-3.20 18.90
-3.20 18.90
-9.95 19.08
-9.95 19.08
-9.95 19.08
-9.77 19.08
-9.77 19.08
-9.77 19.08
-9.04 19.08
-9.04 19.08
-9.04 19.08
-8.67 19.08
-8.67 19.08
-8.67 19.08
-8.12 19.08
-8.12 19.08
-8.12 19.08
-7.94 19.08
-7.94 19.08
-7.94 19.08
-7.58 19.08
-7.58 19.08
-7.58 19.08
-7.39 19.08
-7.39 19.08
-7.39 19.08
-7.21 19.08
-7.21 19.08
-7.21 19.08
-6.85 19.08
-6.85 19.08
-6.85 19.08
-4.29 19.08
-4.29 19.08
-4.29 19.08
-4.11 19.08
-4.11 19.08
-4.11 19.08
-3.93 19.08
-3.93 19.08
-3.93 19.08
-2.65 19.08
-2.65 19.08
-2.65 19.08
-9.95 19.26
-9.95 19.26
-9.95 19.26
-9.77 19.26
-9.77 19.26
-9.77 19.26
-9.22 19.26
-9.22 19.26
-9.22 19.26
-8.67 19.26
-8.67 19.26
-8.67 19.26
-6.85 19.26
-6.85 19.26
-6.85 19.26
-3.93 19.26
-3.93 19.26
-3.93 19.26
-3.74 19.26
-3.74 19.26
-3.74 19.26
-3.56 19.26
-3.56 19.26
-3.56 19.26
-3.38 19.26
-3.38 19.26
-3.38 19.26
-3.20 19.26
-3.20 19.26
-3.20 19.26
-2.28 19.26
-2.28 19.26
-2.28 19.26
-8.12 19.44
-8.12 19.44
-8.12 19.44
-7.76 19.44
-7.76 19.44
-7.76 19.44
-7.58 19.44
-7.58 19.44
-7.58 19.44
-7.21 19.44
-7.21 19.44
-7.21 19.44
-7.03 19.44
-7.03 19.44
-7.03 19.44
-2.83 19.44
-2.83 19.44
-2.83 19.44
-2.65 19.44
-2.65 19.44
-2.65 19.44
-2.10 19.44
-2.10 19.44
-2.10 19.44
-1.92 19.44
-1.92 19.44
-1.92 19.44
-9.22 19.63
-9.22 19.63
-9.22 19.63
-8.85 19.63
-8.85 19.63
-8.85 19.63
-8.49 19.63
-8.49 19.63
-8.49 19.63
-8.31 19.63
-8.31 19.63
-8.31 19.63
-7.94 19.63
-7.94 19.63
-7.94 19.63
-7.58 19.63
-7.58 19.63
-7.58 19.63
-7.21 19.63
-7.21 19.63
-7.21 19.63
-3.38 19.63
-3.38 19.63
-3.38 19.63
-3.20 19.63
-3.20 19.63
-3.20 19.63
-2.83 19.63
-2.83 19.63
-2.83 19.63
-2.46 19.63
-2.46 19.63
-2.46 19.63
-2.10 19.63
-2.10 19.63
-2.10 19.63
-1.92 19.63
-1.92 19.63
-1.92 19.63
-1.55 19.63
-1.55 19.63
-1.55 19.63
-8.31 19.81
-8.31 19.81
-8.31 19.81
-7.94 19.81
-7.94 19.81
-7.94 19.81
-7.39 19.81
-7.39 19.81
-7.39 19.81
-6.12 19.81
-6.12 19.81
-6.12 19.81
-3.01 19.81
-3.01 19.81
-3.01 19.81
-2.10 19.81
-2.10 19.81
-2.10 19.81
-1.92 19.81
-1.92 19.81
-1.92 19.81
-1.55 19.81
-1.55 19.81
-1.55 19.81
-7.58 19.99
-7.58 19.99
-7.58 19.99
-7.39 19.99
-7.39 19.99
-7.39 19.99
-6.48 19.99
-6.48 19.99
-6.48 19.99
-6.30 19.99
-6.30 19.99
-6.30 19.99
-3.20 19.99
-3.20 19.99
-3.20 19.99
-2.65 19.99
-2.65 19.99
-2.65 19.99
-2.46 19.99
-2.46 19.99
-2.46 19.99
-2.28 19.99
-2.28 19.99
-2.28 19.99
-1.92 19.99
-1.92 19.99
-1.92 19.99
-1.55 19.99
-1.55 19.99
-1.55 19.99
-1.37 19.99
-1.37 19.99
-1.37 19.99
-1.19 19.99
-1.19 19.99
-1.19 19.99
-7.03 20.17
-7.03 20.17
-7.03 20.17
-6.85 20.17
-6.85 20.17
-6.85 20.17
-6.12 20.17
-6.12 20.17
-6.12 20.17
-2.65 20.17
-2.65 20.17
-2.65 20.17
-1.92 20.17
-1.92 20.17
-1.92 20.17
-7.58 20.36
-7.58 20.36
-7.58 20.36
-7.39 20.36
-7.39 20.36
-7.39 20.36
-7.21 20.36
-7.21 20.36
-7.21 20.36
-7.03 20.36
-7.03 20.36
-7.03 20.36
-6.85 20.36
-6.85 20.36
-6.85 20.36
-6.66 20.36
-6.66 20.36
-6.66 20.36
-6.48 20.36
-6.48 20.36
-6.48 20.36
-6.30 20.36
-6.30 20.36
-6.30 20.36
-6.12 20.36
-6.12 20.36
-6.12 20.36
-2.28 20.36
-2.28 20.36
-2.28 20.36
-1.55 20.36
-1.55 20.36
-1.55 20.36
-1.37 20.36
-1.37 20.36
-1.37 20.36
-0.64 20.36
-0.64 20.36
-0.64 20.36
-7.58 20.54
-7.58 20.54
-7.58 20.54
-6.66 20.54
-6.66 20.54
-6.66 20.54
-6.30 20.54
-6.30 20.54
-6.30 20.54
-2.65 20.54
-2.65 20.54
-2.65 20.54
-2.10 20.54
-2.10 20.54
-2.10 20.54
-1.92 20.54
-1.92 20.54
-1.92 20.54
-7.21 20.72
-7.21 20.72
-7.21 20.72
-6.48 20.72
-6.48 20.72
-6.48 20.72
-6.12 20.72
-6.12 20.72
-6.12 20.72
-5.20 20.72
-5.20 20.72
-5.20 20.72
-2.65 20.72
-2.65 20.72
-2.65 20.72
-1.92 20.72
-1.92 20.72
-1.92 20.72
-1.73 20.72
-1.73 20.72
-1.73 20.72
-1.55 20.72
-1.55 20.72
-1.55 20.72
-1.37 20.72
-1.37 20.72
-1.37 20.72
-1.19 20.72
-1.19 20.72
-1.19 20.72
-1.00 20.72
-1.00 20.72
-1.00 20.72
-0.82 20.72
-0.82 20.72
-0.82 20.72
-0.64 20.72
-0.64 20.72
-0.64 20.72
-0.46 20.72
-0.46 20.72
-0.46 20.72
-6.85 20.91
-6.85 20.91
-6.85 20.91
-6.48 20.91
-6.48 20.91
-6.48 20.91
-2.28 20.91
-2.28 20.91
-2.28 20.91
-1.92 20.91
-1.92 20.91
-1.92 20.91
-1.73 20.91
-1.73 20.91
-1.73 20.91
-0.64 20.91
-0.64 20.91
-0.64 20.91
-6.66 21.09
-6.66 21.09
-6.66 21.09
-6.30 21.09
-6.30 21.09
-6.30 21.09
-6.12 21.09
-6.12 21.09
-6.12 21.09
-5.57 21.09
-5.57 21.09
-5.57 21.09
-2.65 21.09
-2.65 21.09
-2.65 21.09
-2.10 21.09
-2.10 21.09
-2.10 21.09
-1.37 21.09
-1.37 21.09
-1.37 21.09
-1.19 21.09
-1.19 21.09
-1.19 21.09
-0.82 21.09
-0.82 21.09
-0.82 21.09
-0.64 21.09
-0.64 21.09
-0.64 21.09
-6.66 21.27
-6.66 21.27
-6.66 21.27
-6.48 21.27
-6.48 21.27
-6.48 21.27
-6.30 21.27
-6.30 21.27
-6.30 21.27
-5.93 21.27
-5.93 21.27
-5.93 21.27
-5.57 21.27
-5.57 21.27
-5.57 21.27
-1.92 21.27
-1.92 21.27
-1.92 21.27
-1.55 21.27
-1.55 21.27
-1.55 21.27
-1.19 21.27
-1.19 21.27
-1.19 21.27
-1.00 21.27
-1.00 21.27
-1.00 21.27
-0.46 21.27
-0.46 21.27
-0.46 21.27
-0.27 21.27
-0.27 21.27
-0.27 21.27
-0.09 21.27
-0.09 21.27
-0.09 21.27
0.27 21.27
0.27 21.27
0.27 21.27
0.46 21.27
0.46 21.27
0.46 21.27
-6.85 21.45
-6.85 21.45
-6.85 21.45
-6.48 21.45
-6.48 21.45
-6.48 21.45
-5.93 21.45
-5.93 21.45
-5.93 21.45
-5.75 21.45
-5.75 21.45
-5.75 21.45
-5.57 21.45
-5.57 21.45
-5.57 21.45
-1.73 21.45
-1.73 21.45
-1.73 21.45
-1.55 21.45
-1.55 21.45
-1.55 21.45
-1.19 21.45
-1.19 21.45
-1.19 21.45
-1.00 21.45
-1.00 21.45
-1.00 21.45
-0.82 21.45
-0.82 21.45
-0.82 21.45
-0.46 21.45
-0.46 21.45
-0.46 21.45
-0.09 21.45
-0.09 21.45
-0.09 21.45
0.27 21.45
0.27 21.45
0.27 21.45
0.46 21.45
0.46 21.45
0.46 21.45
-5.39 21.64
-5.39 21.64
-5.39 21.64
-5.20 21.64
-5.20 21.64
-5.20 21.64
-5.02 21.64
-5.02 21.64
-5.02 21.64
-1.73 21.64
-1.73 21.64
-1.73 21.64
-0.82 21.64
-0.82 21.64
-0.82 21.64
-0.64 21.64
-0.64 21.64
-0.64 21.64
-0.46 21.64
-0.46 21.64
-0.46 21.64
-0.27 21.64
-0.27 21.64
-0.27 21.64
-0.09 21.64
-0.09 21.64
-0.09 21.64
0.27 21.64
0.27 21.64
0.27 21.64
-5.93 21.82
-5.93 21.82
-5.93 21.82
-5.75 21.82
-5.75 21.82
-5.75 21.82
-5.57 21.82
-5.57 21.82
-5.57 21.82
-5.39 21.82
-5.39 21.82
-5.39 21.82
-5.02 21.82
-5.02 21.82
-5.02 21.82
-4.66 21.82
-4.66 21.82
-4.66 21.82
-4.47 21.82
-4.47 21.82
-4.47 21.82
-1.92 21.82
-1.92 21.82
-1.92 21.82
-1.73 21.82
-1.73 21.82
-1.73 21.82
-1.37 21.82
-1.37 21.82
-1.37 21.82
-1.19 21.82
-1.19 21.82
-1.19 21.82
-0.82 21.82
-0.82 21.82
-0.82 21.82
-0.64 21.82
-0.64 21.82
-0.64 21.82
-0.46 21.82
-0.46 21.82
-0.46 21.82
-0.27 21.82
-0.27 21.82
-0.27 21.82
-0.09 21.82
-0.09 21.82
-0.09 21.82
0.27 21.82
0.27 21.82
0.27 21.82
-5.93 22.00
-5.93 22.00
-5.93 22.00
-5.39 22.00
-5.39 22.00
-5.39 22.00
-4.66 22.00
-4.66 22.00
-4.66 22.00
-4.47 22.00
-4.47 22.00
-4.47 22.00
-1.92 22.00
-1.92 22.00
-1.92 22.00
-1.55 22.00
-1.55 22.00
-1.55 22.00
-1.37 22.00
-1.37 22.00
-1.37 22.00
-1.19 22.00
-1.19 22.00
-1.19 22.00
-0.82 22.00
-0.82 22.00
-0.82 22.00
-0.64 22.00
-0.64 22.00
-0.64 22.00
-5.93 22.18
-5.93 22.18
-5.93 22.18
-5.75 22.18
-5.75 22.18
-5.75 22.18
-5.20 22.18
-5.20 22.18
-5.20 22.18
-5.02 22.18
-5.02 22.18
-5.02 22.18
-4.47 22.18
-4.47 22.18
-4.47 22.18
-1.92 22.18
-1.92 22.18
-1.92 22.18
-0.82 22.18
-0.82 22.18
-0.82 22.18
-0.64 22.18
-0.64 22.18
-0.64 22.18
-0.27 22.18
-0.27 22.18
-0.27 22.18
0.27 22.18
0.27 22.18
0.27 22.18
-5.93 22.37
-5.93 22.37
-5.93 22.37
-5.75 22.37
-5.75 22.37
-5.75 22.37
-5.20 22.37
-5.20 22.37
-5.20 22.37
-5.02 22.37
-5.02 22.37
-5.02 22.37
-4.66 22.37
-4.66 22.37
-4.66 22.37
-1.55 22.37
-1.55 22.37
-1.55 22.37
-1.37 22.37
-1.37 22.37
-1.37 22.37
-1.19 22.37
-1.19 22.37
-1.19 22.37
-0.82 22.37
-0.82 22.37
-0.82 22.37
-0.64 22.37
-0.64 22.37
-0.64 22.37
-0.27 22.37
-0.27 22.37
-0.27 22.37
-0.09 22.37
-0.09 22.37
-0.09 22.37
0.09 22.37
0.09 22.37
0.09 22.37
0.27 22.37
0.27 22.37
0.27 22.37
-6.12 22.55
-6.12 22.55
-6.12 22.55
-4.47 22.55
-4.47 22.55
-4.47 22.55
-1.92 22.55
-1.92 22.55
-1.92 22.55
-0.64 22.55
-0.64 22.55
-0.64 22.55
-0.27 22.55
-0.27 22.55
-0.27 22.55
-0.09 22.55
-0.09 22.55
-0.09 22.55
-6.12 22.73
-6.12 22.73
-6.12 22.73
-5.93 22.73
-5.93 22.73
-5.93 22.73
-5.39 22.73
-5.39 22.73
-5.39 22.73
-1.19 22.73
-1.19 22.73
-1.19 22.73
-0.82 22.73
-0.82 22.73
-0.82 22.73
-0.46 22.73
-0.46 22.73
-0.46 22.73
-0.09 22.73
-0.09 22.73
-0.09 22.73
0.27 22.73
0.27 22.73
0.27 22.73
-5.93 22.91
-5.93 22.91
-5.93 22.91
-5.75 22.91
-5.75 22.91
-5.75 22.91
-1.19 22.91
-1.19 22.91
-1.19 22.91
-1.00 22.91
-1.00 22.91
-1.00 22.91
-0.82 22.91
-0.82 22.91
-0.82 22.91
-0.64 22.91
-0.64 22.91
-0.64 22.91
-0.09 22.91
-0.09 22.91
-0.09 22.91
0.09 22.91
0.09 22.91
0.09 22.91
0.27 22.91
0.27 22.91
0.27 22.91
-5.75 23.10
-5.75 23.10
-5.75 23.10
-4.66 23.10
-4.66 23.10
-4.66 23.10
-4.47 23.10
-4.47 23.10
-4.47 23.10
-1.19 23.10
-1.19 23.10
-1.19 23.10
-0.64 23.10
-0.64 23.10
-0.64 23.10
-0.27 23.10
-0.27 23.10
-0.27 23.10
-0.09 23.10
-0.09 23.10
-0.09 23.10
1.00 23.10
1.00 23.10
1.00 23.10
1.19 23.10
1.19 23.10
1.19 23.10
-4.47 23.28
-4.47 23.28
-4.47 23.28
-4.29 23.28
-4.29 23.28
-4.29 23.28
-4.11 23.28
-4.11 23.28
-4.11 23.28
-1.00 23.28
-1.00 23.28
-1.00 23.28
-0.82 23.28
-0.82 23.28
-0.82 23.28
-0.46 23.28
-0.46 23.28
-0.46 23.28
0.09 23.28
0.09 23.28
0.09 23.28
0.27 23.28
0.27 23.28
0.27 23.28
0.64 23.28
0.64 23.28
0.64 23.28
1.00 23.28
1.00 23.28
1.00 23.28
-4.47 23.46
-4.47 23.46
-4.47 23.46
-4.29 23.46
-4.29 23.46
-4.29 23.46
-4.11 23.46
-4.11 23.46
-4.11 23.46
0.09 23.46
0.09 23.46
0.09 23.46
0.27 23.46
0.27 23.46
0.27 23.46
-0.27 23.64
-0.27 23.64
-0.27 23.64
-0.09 23.64
-0.09 23.64
-0.09 23.64
0.46 23.64
0.46 23.64
0.46 23.64
0.64 23.64
0.64 23.64
0.64 23.64
0.82 23.64
0.82 23.64
0.82 23.64
1.00 23.64
1.00 23.64
1.00 23.64
1.19 23.64
1.19 23.64
1.19 23.64
1.55 23.64
1.55 23.64
1.55 23.64
1.73 23.64
1.73 23.64
1.73 23.64
-0.27 23.83
-0.27 23.83
-0.27 23.83
0.27 23.83
0.27 23.83
0.27 23.83
1.00 23.83
1.00 23.83
1.00 23.83
1.19 23.83
1.19 23.83
1.19 23.83
1.37 23.83
1.37 23.83
1.37 23.83
-3.20 24.01
-3.20 24.01
-3.20 24.01
-3.01 24.01
-3.01 24.01
-3.01 24.01
-0.27 24.01
-0.27 24.01
-0.27 24.01
0.64 24.01
0.64 24.01
0.64 24.01
0.82 24.01
0.82 24.01
0.82 24.01
1.19 24.01
1.19 24.01
1.19 24.01
1.37 24.01
1.37 24.01
1.37 24.01
1.92 24.01
1.92 24.01
1.92 24.01
-4.47 24.19
-4.47 24.19
-4.47 24.19
-4.29 24.19
-4.29 24.19
-4.29 24.19
-3.38 24.19
-3.38 24.19
-3.38 24.19
-3.20 24.19
-3.20 24.19
-3.20 24.19
-0.27 24.19
-0.27 24.19
-0.27 24.19
0.27 24.19
0.27 24.19
0.27 24.19
1.00 24.19
1.00 24.19
1.00 24.19
1.19 24.19
1.19 24.19
1.19 24.19
1.37 24.19
1.37 24.19
1.37 24.19
1.92 24.19
1.92 24.19
1.92 24.19
-5.39 24.37
-5.39 24.37
-5.39 24.37
-5.20 24.37
-5.20 24.37
-5.20 24.37
-5.02 24.37
-5.02 24.37
-5.02 24.37
-4.84 24.37
-4.84 24.37
-4.84 24.37
-4.29 24.37
-4.29 24.37
-4.29 24.37
-4.11 24.37
-4.11 24.37
-4.11 24.37
-3.93 24.37
-3.93 24.37
-3.93 24.37
-3.56 24.37
-3.56 24.37
-3.56 24.37
-3.38 24.37
-3.38 24.37
-3.38 24.37
-3.01 24.37
-3.01 24.37
-3.01 24.37
-0.46 24.37
-0.46 24.37
-0.46 24.37
0.09 24.37
0.09 24.37
0.09 24.37
0.64 24.37
0.64 24.37
0.64 24.37
0.82 24.37
0.82 24.37
0.82 24.37
1.00 24.37
1.00 24.37
1.00 24.37
1.37 24.37
1.37 24.37
1.37 24.37
1.55 24.37
1.55 24.37
1.55 24.37
1.73 24.37
1.73 24.37
1.73 24.37
-5.39 24.56
-5.39 24.56
-5.39 24.56
-5.20 24.56
-5.20 24.56
-5.20 24.56
-5.02 24.56
-5.02 24.56
-5.02 24.56
-4.66 24.56
-4.66 24.56
-4.66 24.56
-4.47 24.56
-4.47 24.56
-4.47 24.56
-3.56 24.56
-3.56 24.56
-3.56 24.56
-3.01 24.56
-3.01 24.56
-3.01 24.56
-0.46 24.56
-0.46 24.56
-0.46 24.56
-0.27 24.56
-0.27 24.56
-0.27 24.56
0.09 24.56
0.09 24.56
0.09 24.56
0.27 24.56
0.27 24.56
0.27 24.56
0.46 24.56
0.46 24.56
0.46 24.56
0.82 24.56
0.82 24.56
0.82 24.56
1.00 24.56
1.00 24.56
1.00 24.56
1.37 24.56
1.37 24.56
1.37 24.56
1.73 24.56
1.73 24.56
1.73 24.56
1.92 24.56
1.92 24.56
1.92 24.56
-5.39 24.74
-5.39 24.74
-5.39 24.74
-4.47 24.74
-4.47 24.74
-4.47 24.74
-3.01 24.74
-3.01 24.74
-3.01 24.74
-0.27 24.74
-0.27 24.74
-0.27 24.74
0.64 24.74
0.64 24.74
0.64 24.74
1.00 24.74
1.00 24.74
1.00 24.74
1.19 24.74
1.19 24.74
1.19 24.74
1.73 24.74
1.73 24.74
1.73 24.74
1.92 24.74
1.92 24.74
1.92 24.74
-5.39 24.92
-5.39 24.92
-5.39 24.92
-3.20 24.92
-3.20 24.92
-3.20 24.92
-3.01 24.92
-3.01 24.92
-3.01 24.92
-2.65 24.92
-2.65 24.92
-2.65 24.92
1.00 24.92
1.00 24.92
1.00 24.92
1.37 24.92
1.37 24.92
1.37 24.92
1.55 24.92
1.55 24.92
1.55 24.92
1.73 24.92
1.73 24.92
1.73 24.92
-4.29 25.10
-4.29 25.10
-4.29 25.10
-4.11 25.10
-4.11 25.10
-4.11 25.10
-3.74 25.10
-3.74 25.10
-3.74 25.10
-3.56 25.10
-3.56 25.10
-3.56 25.10
1.00 25.10
1.00 25.10
1.00 25.10
1.19 25.10
1.19 25.10
1.19 25.10
1.37 25.10
1.37 25.10
1.37 25.10
1.73 25.10
1.73 25.10
1.73 25.10
-4.47 25.29
-4.47 25.29
-4.47 25.29
-4.29 25.29
-4.29 25.29
-4.29 25.29
-3.74 25.29
-3.74 25.29
-3.74 25.29
0.46 25.29
0.46 25.29
0.46 25.29
1.00 25.29
1.00 25.29
1.00 25.29
1.37 25.29
1.37 25.29
1.37 25.29
0.27 25.47
0.27 25.47
0.27 25.47
0.46 25.47
0.46 25.47
0.46 25.47
1.55 25.47
1.55 25.47
1.55 25.47
1.73 25.47
1.73 25.47
1.73 25.47
0.64 25.65
0.64 25.65
0.64 25.65
1.00 25.65
1.00 25.65
1.00 25.65
1.55 25.65
1.55 25.65
1.55 25.65
1.73 25.65
1.73 25.65
1.73 25.65
0.27 25.83
0.27 25.83
0.27 25.83
0.46 25.83
0.46 25.83
0.46 25.83
1.19 25.83
1.19 25.83
1.19 25.83
1.73 25.83
1.73 25.83
1.73 25.83
2.65 25.83
2.65 25.83
2.65 25.83
0.64 26.02
0.64 26.02
0.64 26.02
0.82 26.02
0.82 26.02
0.82 26.02
1.37 26.02
1.37 26.02
1.37 26.02
1.73 26.02
1.73 26.02
1.73 26.02
2.28 26.02
2.28 26.02
2.28 26.02
2.65 26.02
2.65 26.02
2.65 26.02
1.37 26.20
1.37 26.20
1.37 26.20
1.55 26.20
1.55 26.20
1.55 26.20
1.92 26.20
1.92 26.20
1.92 26.20
2.10 26.20
2.10 26.20
2.10 26.20
2.28 26.20
2.28 26.20
2.28 26.20
2.46 26.20
2.46 26.20
2.46 26.20
2.65 26.20
2.65 26.20
2.65 26.20
1.19 26.38
1.19 26.38
1.19 26.38
1.55 26.38
1.55 26.38
1.55 26.38
2.28 26.38
2.28 26.38
2.28 26.38
2.46 26.38
2.46 26.38
2.46 26.38
1.00 26.56
1.00 26.56
1.00 26.56
1.73 26.56
1.73 26.56
1.73 26.56
2.10 26.56
2.10 26.56
2.10 26.56
2.28 26.56
2.28 26.56
2.28 26.56
2.46 26.56
2.46 26.56
2.46 26.56
1.37 26.75
1.37 26.75
1.37 26.75
1.73 26.75
1.73 26.75
1.73 26.75
1.92 26.75
1.92 26.75
1.92 26.75
2.28 26.75
2.28 26.75
2.28 26.75
2.83 26.75
2.83 26.75
2.83 26.75
3.38 26.75
3.38 26.75
3.38 26.75
2.10 26.93
2.10 26.93
2.10 26.93
2.46 26.93
2.46 26.93
2.46 26.93
2.65 26.93
2.65 26.93
2.65 26.93
3.20 26.93
3.20 26.93
3.20 26.93
2.46 27.11
2.46 27.11
2.46 27.11
3.01 27.11
3.01 27.11
3.01 27.11
3.38 27.11
3.38 27.11
3.38 27.11
3.74 27.11
3.74 27.11
3.74 27.11
4.11 27.11
4.11 27.11
4.11 27.11
1.92 27.30
1.92 27.30
1.92 27.30
2.10 27.30
2.10 27.30
2.10 27.30
2.65 27.30
2.65 27.30
2.65 27.30
2.83 27.30
2.83 27.30
2.83 27.30
3.20 27.30
3.20 27.30
3.20 27.30
3.38 27.30
3.38 27.30
3.38 27.30
3.93 27.30
3.93 27.30
3.93 27.30
4.11 27.30
4.11 27.30
4.11 27.30
3.56 27.48
3.56 27.48
3.56 27.48
3.74 27.48
3.74 27.48
3.74 27.48
3.01 27.66
3.01 27.66
3.01 27.66
3.20 27.66
3.20 27.66
3.20 27.66
4.11 27.84
4.11 27.84
4.11 27.84
4.66 27.84
4.66 27.84
4.66 27.84
4.11 28.03
4.11 28.03
4.11 28.03
4.29 28.03
4.29 28.03
4.29 28.03
4.84 28.03
4.84 28.03
4.84 28.03
3.74 28.21
3.74 28.21
3.74 28.21
3.93 28.21
3.93 28.21
3.93 28.21
4.29 28.21
4.29 28.21
4.29 28.21
4.84 28.21
4.84 28.21
4.84 28.21
3.56 28.39
3.56 28.39
3.56 28.39
3.93 28.39
3.93 28.39
3.93 28.39
3.56 28.57
3.56 28.57
3.56 28.57
