2.10 -47.01
2.10 -47.01
2.10 -47.01
1.55 -46.83
1.55 -46.83
1.55 -46.83
1.73 -46.83
1.73 -46.83
1.73 -46.83
2.28 -46.83
2.28 -46.83
2.28 -46.83
2.65 -46.83
2.65 -46.83
2.65 -46.83
2.83 -46.83
2.83 -46.83
2.83 -46.83
1.73 -46.65
1.73 -46.65
1.73 -46.65
1.92 -46.65
1.92 -46.65
1.92 -46.65
2.10 -46.65
2.10 -46.65
2.10 -46.65
2.28 -46.65
2.28 -46.65
2.28 -46.65
2.46 -46.65
2.46 -46.65
2.46 -46.65
2.83 -46.65
2.83 -46.65
2.83 -46.65
2.46 -46.47
2.46 -46.47
2.46 -46.47
2.65 -46.47
2.65 -46.47
2.65 -46.47
2.83 -46.47
2.83 -46.47
2.83 -46.47
1.55 -46.28
1.55 -46.28
1.55 -46.28
1.73 -46.28
1.73 -46.28
1.73 -46.28
1.92 -46.28
1.92 -46.28
1.92 -46.28
2.10 -46.28
2.10 -46.28
2.10 -46.28
2.28 -46.28
2.28 -46.28
2.28 -46.28
2.46 -46.28
2.46 -46.28
2.46 -46.28
2.65 -46.28
2.65 -46.28
2.65 -46.28
2.83 -46.28
2.83 -46.28
2.83 -46.28
1.55 -46.10
1.55 -46.10
1.55 -46.10
1.73 -46.10
1.73 -46.10
1.73 -46.10
2.28 -46.10
2.28 -46.10
2.28 -46.10
2.65 -46.10
2.65 -46.10
2.65 -46.10
2.28 -45.92
2.28 -45.92
2.28 -45.92
2.65 -45.92
2.65 -45.92
2.65 -45.92
2.83 -45.92
2.83 -45.92
2.83 -45.92
2.46 -45.74
2.46 -45.74
2.46 -45.74
2.83 -45.74
2.83 -45.74
2.83 -45.74
2.28 -45.55
2.28 -45.55
2.28 -45.55
2.46 -45.55
2.46 -45.55
2.46 -45.55
2.65 -45.55
2.65 -45.55
2.65 -45.55
2.83 -45.55
2.83 -45.55
2.83 -45.55
2.28 -45.37
2.28 -45.37
2.28 -45.37
2.65 -45.37
2.65 -45.37
2.65 -45.37
5.20 -43.36
5.20 -43.36
5.20 -43.36
5.93 -43.36
5.93 -43.36
5.93 -43.36
5.57 -43.18
5.57 -43.18
5.57 -43.18
5.75 -43.18
5.75 -43.18
5.75 -43.18
6.12 -43.18
6.12 -43.18
6.12 -43.18
6.30 -43.18
6.30 -43.18
6.30 -43.18
6.66 -43.18
6.66 -43.18
6.66 -43.18
5.20 -43.00
5.20 -43.00
5.20 -43.00
5.39 -43.00
5.39 -43.00
5.39 -43.00
5.57 -43.00
5.57 -43.00
5.57 -43.00
5.75 -43.00
5.75 -43.00
5.75 -43.00
5.93 -43.00
5.93 -43.00
5.93 -43.00
6.12 -43.00
6.12 -43.00
6.12 -43.00
6.66 -43.00
6.66 -43.00
6.66 -43.00
5.20 -42.81
5.20 -42.81
5.20 -42.81
6.48 -42.81
6.48 -42.81
6.48 -42.81
6.48 -42.63
6.48 -42.63
6.48 -42.63
6.66 -42.63
6.66 -42.63
6.66 -42.63
5.75 -42.45
5.75 -42.45
5.75 -42.45
5.93 -42.45
5.93 -42.45
5.93 -42.45
6.12 -42.45
6.12 -42.45
6.12 -42.45
6.30 -42.45
6.30 -42.45
6.30 -42.45
5.57 -42.27
5.57 -42.27
5.57 -42.27
5.75 -42.27
5.75 -42.27
5.75 -42.27
5.93 -42.27
5.93 -42.27
5.93 -42.27
6.12 -42.27
6.12 -42.27
6.12 -42.27
6.30 -42.27
6.30 -42.27
6.30 -42.27
6.48 -42.27
6.48 -42.27
6.48 -42.27
2.10 -42.08
2.10 -42.08
2.10 -42.08
2.28 -42.08
2.28 -42.08
2.28 -42.08
2.46 -42.08
2.46 -42.08
2.46 -42.08
2.65 -42.08
2.65 -42.08
2.65 -42.08
5.20 -42.08
5.20 -42.08
5.20 -42.08
5.39 -42.08
5.39 -42.08
5.39 -42.08
6.30 -42.08
6.30 -42.08
6.30 -42.08
6.48 -42.08
6.48 -42.08
6.48 -42.08
5.20 -41.90
5.20 -41.90
5.20 -41.90
5.39 -41.90
5.39 -41.90
5.39 -41.90
2.46 -41.72
2.46 -41.72
2.46 -41.72
2.65 -41.72
2.65 -41.72
2.65 -41.72
5.57 -41.72
5.57 -41.72
5.57 -41.72
5.75 -41.72
5.75 -41.72
5.75 -41.72
2.10 -41.54
2.10 -41.54
2.10 -41.54
2.46 -41.54
2.46 -41.54
2.46 -41.54
5.39 -41.54
5.39 -41.54
5.39 -41.54
5.75 -41.54
5.75 -41.54
5.75 -41.54
6.12 -41.54
6.12 -41.54
6.12 -41.54
2.28 -41.35
2.28 -41.35
2.28 -41.35
2.46 -41.35
2.46 -41.35
2.46 -41.35
2.65 -41.35
2.65 -41.35
2.65 -41.35
5.20 -41.35
5.20 -41.35
5.20 -41.35
5.39 -41.35
5.39 -41.35
5.39 -41.35
5.57 -41.35
5.57 -41.35
5.57 -41.35
6.48 -41.35
6.48 -41.35
6.48 -41.35
5.93 -41.17
5.93 -41.17
5.93 -41.17
6.30 -41.17
6.30 -41.17
6.30 -41.17
5.93 -40.99
5.93 -40.99
5.93 -40.99
6.66 -40.99
6.66 -40.99
6.66 -40.99
7.21 -40.99
7.21 -40.99
7.21 -40.99
5.57 -40.81
5.57 -40.81
5.57 -40.81
5.93 -40.81
5.93 -40.81
5.93 -40.81
5.20 -40.62
5.20 -40.62
5.20 -40.62
6.30 -40.62
6.30 -40.62
6.30 -40.62
6.48 -40.62
6.48 -40.62
6.48 -40.62
6.85 -40.62
6.85 -40.62
6.85 -40.62
7.03 -40.62
7.03 -40.62
7.03 -40.62
5.75 -40.44
5.75 -40.44
5.75 -40.44
5.93 -40.44
5.93 -40.44
5.93 -40.44
6.66 -40.44
6.66 -40.44
6.66 -40.44
7.21 -40.44
7.21 -40.44
7.21 -40.44
5.93 -40.26
5.93 -40.26
5.93 -40.26
6.12 -40.26
6.12 -40.26
6.12 -40.26
6.48 -40.26
6.48 -40.26
6.48 -40.26
7.21 -40.26
7.21 -40.26
7.21 -40.26
6.12 -40.08
6.12 -40.08
6.12 -40.08
6.85 -40.08
6.85 -40.08
6.85 -40.08
5.93 -39.89
5.93 -39.89
5.93 -39.89
6.12 -39.89
6.12 -39.89
6.12 -39.89
6.30 -39.89
6.30 -39.89
6.30 -39.89
6.48 -39.89
6.48 -39.89
6.48 -39.89
5.93 -39.71
5.93 -39.71
5.93 -39.71
6.48 -39.71
6.48 -39.71
6.48 -39.71
6.66 -39.71
6.66 -39.71
6.66 -39.71
6.85 -39.71
6.85 -39.71
6.85 -39.71
7.03 -39.71
7.03 -39.71
7.03 -39.71
7.21 -39.71
7.21 -39.71
7.21 -39.71
6.48 -39.53
6.48 -39.53
6.48 -39.53
6.66 -39.53
6.66 -39.53
6.66 -39.53
6.85 -39.53
6.85 -39.53
6.85 -39.53
7.21 -39.53
7.21 -39.53
7.21 -39.53
5.93 -39.35
5.93 -39.35
5.93 -39.35
6.30 -39.35
6.30 -39.35
6.30 -39.35
6.48 -39.35
6.48 -39.35
6.48 -39.35
5.75 -39.16
5.75 -39.16
5.75 -39.16
5.93 -39.16
5.93 -39.16
5.93 -39.16
7.03 -39.16
7.03 -39.16
7.03 -39.16
7.21 -38.98
7.21 -38.98
7.21 -38.98
6.30 -38.80
6.30 -38.80
6.30 -38.80
6.48 -38.80
6.48 -38.80
6.48 -38.80
6.66 -38.80
6.66 -38.80
6.66 -38.80
7.03 -38.80
7.03 -38.80
7.03 -38.80
5.93 -38.61
5.93 -38.61
5.93 -38.61
6.85 -38.61
6.85 -38.61
6.85 -38.61
5.75 -38.43
5.75 -38.43
5.75 -38.43
5.75 -38.25
5.75 -38.25
5.75 -38.25
6.12 -38.25
6.12 -38.25
6.12 -38.25
6.30 -38.25
6.30 -38.25
6.30 -38.25
6.48 -38.25
6.48 -38.25
6.48 -38.25
1.92 -35.51
1.92 -35.51
1.92 -35.51
2.10 -35.51
2.10 -35.51
2.10 -35.51
2.65 -35.51
2.65 -35.51
2.65 -35.51
3.01 -35.51
3.01 -35.51
3.01 -35.51
3.20 -35.51
3.20 -35.51
3.20 -35.51
1.73 -35.33
1.73 -35.33
1.73 -35.33
1.92 -35.33
1.92 -35.33
1.92 -35.33
2.28 -35.33
2.28 -35.33
2.28 -35.33
2.46 -35.33
2.46 -35.33
2.46 -35.33
3.01 -35.33
3.01 -35.33
3.01 -35.33
3.20 -35.33
3.20 -35.33
3.20 -35.33
1.73 -35.15
1.73 -35.15
1.73 -35.15
1.00 -34.96
1.00 -34.96
1.00 -34.96
1.19 -34.96
1.19 -34.96
1.19 -34.96
1.37 -34.96
1.37 -34.96
1.37 -34.96
1.55 -34.96
1.55 -34.96
1.55 -34.96
1.73 -34.96
1.73 -34.96
1.73 -34.96
2.10 -34.96
2.10 -34.96
2.10 -34.96
2.28 -34.96
2.28 -34.96
2.28 -34.96
0.82 -34.78
0.82 -34.78
0.82 -34.78
1.00 -34.78
1.00 -34.78
1.00 -34.78
1.19 -34.78
1.19 -34.78
1.19 -34.78
1.37 -34.78
1.37 -34.78
1.37 -34.78
1.92 -34.78
1.92 -34.78
1.92 -34.78
-0.82 -34.60
-0.82 -34.60
-0.82 -34.60
-0.64 -34.60
-0.64 -34.60
-0.64 -34.60
-0.46 -34.60
-0.46 -34.60
-0.46 -34.60
0.27 -34.60
0.27 -34.60
0.27 -34.60
1.00 -34.60
1.00 -34.60
1.00 -34.60
1.19 -34.60
1.19 -34.60
1.19 -34.60
1.37 -34.60
1.37 -34.60
1.37 -34.60
1.73 -34.60
1.73 -34.60
1.73 -34.60
1.92 -34.60
1.92 -34.60
1.92 -34.60
2.28 -34.60
2.28 -34.60
2.28 -34.60
-1.92 -34.42
-1.92 -34.42
-1.92 -34.42
-1.37 -34.42
-1.37 -34.42
-1.37 -34.42
-1.19 -34.42
-1.19 -34.42
-1.19 -34.42
-0.82 -34.42
-0.82 -34.42
-0.82 -34.42
0.09 -34.42
0.09 -34.42
0.09 -34.42
0.46 -34.42
0.46 -34.42
0.46 -34.42
0.64 -34.42
0.64 -34.42
0.64 -34.42
0.82 -34.42
0.82 -34.42
0.82 -34.42
2.28 -34.42
2.28 -34.42
2.28 -34.42
-1.73 -34.23
-1.73 -34.23
-1.73 -34.23
-1.55 -34.23
-1.55 -34.23
-1.55 -34.23
-1.37 -34.23
-1.37 -34.23
-1.37 -34.23
-1.19 -34.23
-1.19 -34.23
-1.19 -34.23
0.27 -34.23
0.27 -34.23
0.27 -34.23
0.46 -34.23
0.46 -34.23
0.46 -34.23
0.64 -34.23
0.64 -34.23
0.64 -34.23
0.82 -34.23
0.82 -34.23
0.82 -34.23
1.00 -34.23
1.00 -34.23
1.00 -34.23
1.92 -34.23
1.92 -34.23
1.92 -34.23
2.10 -34.23
2.10 -34.23
2.10 -34.23
2.28 -34.23
2.28 -34.23
2.28 -34.23
-3.01 -34.05
-3.01 -34.05
-3.01 -34.05
-1.37 -34.05
-1.37 -34.05
-1.37 -34.05
1.00 -34.05
1.00 -34.05
1.00 -34.05
1.19 -34.05
1.19 -34.05
1.19 -34.05
1.37 -34.05
1.37 -34.05
1.37 -34.05
1.55 -34.05
1.55 -34.05
1.55 -34.05
1.73 -34.05
1.73 -34.05
1.73 -34.05
-3.20 -33.87
-3.20 -33.87
-3.20 -33.87
-3.01 -33.87
-3.01 -33.87
-3.01 -33.87
-2.65 -33.87
-2.65 -33.87
-2.65 -33.87
-1.73 -33.87
-1.73 -33.87
-1.73 -33.87
-1.55 -33.87
-1.55 -33.87
-1.55 -33.87
-1.37 -33.87
-1.37 -33.87
-1.37 -33.87
-1.19 -33.87
-1.19 -33.87
-1.19 -33.87
0.64 -33.87
0.64 -33.87
0.64 -33.87
0.82 -33.87
0.82 -33.87
0.82 -33.87
1.00 -33.87
1.00 -33.87
1.00 -33.87
1.19 -33.87
1.19 -33.87
1.19 -33.87
1.37 -33.87
1.37 -33.87
1.37 -33.87
1.55 -33.87
1.55 -33.87
1.55 -33.87
1.73 -33.87
1.73 -33.87
1.73 -33.87
-3.20 -33.69
-3.20 -33.69
-3.20 -33.69
-3.01 -33.69
-3.01 -33.69
-3.01 -33.69
-2.65 -33.69
-2.65 -33.69
-2.65 -33.69
-2.28 -33.69
-2.28 -33.69
-2.28 -33.69
-2.10 -33.69
-2.10 -33.69
-2.10 -33.69
-1.92 -33.69
-1.92 -33.69
-1.92 -33.69
-1.73 -33.69
-1.73 -33.69
-1.73 -33.69
-1.55 -33.69
-1.55 -33.69
-1.55 -33.69
-1.37 -33.69
-1.37 -33.69
-1.37 -33.69
0.09 -33.69
0.09 -33.69
0.09 -33.69
0.27 -33.69
0.27 -33.69
0.27 -33.69
0.46 -33.69
0.46 -33.69
0.46 -33.69
0.64 -33.69
0.64 -33.69
0.64 -33.69
0.82 -33.69
0.82 -33.69
0.82 -33.69
1.00 -33.69
1.00 -33.69
1.00 -33.69
1.19 -33.69
1.19 -33.69
1.19 -33.69
-2.10 -33.50
-2.10 -33.50
-2.10 -33.50
-1.92 -33.50
-1.92 -33.50
-1.92 -33.50
0.27 -33.50
0.27 -33.50
0.27 -33.50
0.46 -33.50
0.46 -33.50
0.46 -33.50
0.64 -33.50
0.64 -33.50
0.64 -33.50
1.37 -33.32
1.37 -33.32
1.37 -33.32
1.55 -33.32
1.55 -33.32
1.55 -33.32
-3.20 -33.14
-3.20 -33.14
-3.20 -33.14
-2.83 -33.14
-2.83 -33.14
-2.83 -33.14
-1.19 -33.14
-1.19 -33.14
-1.19 -33.14
-1.00 -33.14
-1.00 -33.14
-1.00 -33.14
-0.82 -33.14
-0.82 -33.14
-0.82 -33.14
-0.46 -33.14
-0.46 -33.14
-0.46 -33.14
1.37 -33.14
1.37 -33.14
1.37 -33.14
1.55 -33.14
1.55 -33.14
1.55 -33.14
-2.83 -32.96
-2.83 -32.96
-2.83 -32.96
-2.65 -32.96
-2.65 -32.96
-2.65 -32.96
-2.46 -32.96
-2.46 -32.96
-2.46 -32.96
-2.10 -32.96
-2.10 -32.96
-2.10 -32.96
-1.92 -32.96
-1.92 -32.96
-1.92 -32.96
-1.73 -32.96
-1.73 -32.96
-1.73 -32.96
-1.55 -32.96
-1.55 -32.96
-1.55 -32.96
-1.37 -32.96
-1.37 -32.96
-1.37 -32.96
-1.19 -32.96
-1.19 -32.96
-1.19 -32.96
-1.00 -32.96
-1.00 -32.96
-1.00 -32.96
-0.82 -32.96
-0.82 -32.96
-0.82 -32.96
-0.64 -32.96
-0.64 -32.96
-0.64 -32.96
-0.46 -32.96
-0.46 -32.96
-0.46 -32.96
-0.27 -32.96
-0.27 -32.96
-0.27 -32.96
-0.09 -32.96
-0.09 -32.96
-0.09 -32.96
0.09 -32.96
0.09 -32.96
0.09 -32.96
0.27 -32.96
0.27 -32.96
0.27 -32.96
0.46 -32.96
0.46 -32.96
0.46 -32.96
0.64 -32.96
0.64 -32.96
0.64 -32.96
0.82 -32.96
0.82 -32.96
0.82 -32.96
1.00 -32.96
1.00 -32.96
1.00 -32.96
1.92 -32.96
1.92 -32.96
1.92 -32.96
2.10 -32.96
2.10 -32.96
2.10 -32.96
2.28 -32.96
2.28 -32.96
2.28 -32.96
-3.01 -32.77
-3.01 -32.77
-3.01 -32.77
-2.83 -32.77
-2.83 -32.77
-2.83 -32.77
-2.46 -32.77
-2.46 -32.77
-2.46 -32.77
-2.28 -32.77
-2.28 -32.77
-2.28 -32.77
-2.10 -32.77
-2.10 -32.77
-2.10 -32.77
-1.92 -32.77
-1.92 -32.77
-1.92 -32.77
-1.73 -32.77
-1.73 -32.77
-1.73 -32.77
-1.55 -32.77
-1.55 -32.77
-1.55 -32.77
-0.64 -32.77
-0.64 -32.77
-0.64 -32.77
-0.46 -32.77
-0.46 -32.77
-0.46 -32.77
-0.27 -32.77
-0.27 -32.77
-0.27 -32.77
-0.09 -32.77
-0.09 -32.77
-0.09 -32.77
0.09 -32.77
0.09 -32.77
0.09 -32.77
0.27 -32.77
0.27 -32.77
0.27 -32.77
1.00 -32.77
1.00 -32.77
1.00 -32.77
1.19 -32.77
1.19 -32.77
1.19 -32.77
1.55 -32.77
1.55 -32.77
1.55 -32.77
1.92 -32.77
1.92 -32.77
1.92 -32.77
2.28 -32.77
2.28 -32.77
2.28 -32.77
-2.83 -32.59
-2.83 -32.59
-2.83 -32.59
-2.65 -32.59
-2.65 -32.59
-2.65 -32.59
-2.46 -32.59
-2.46 -32.59
-2.46 -32.59
-2.28 -32.59
-2.28 -32.59
-2.28 -32.59
-2.10 -32.59
-2.10 -32.59
-2.10 -32.59
-1.92 -32.59
-1.92 -32.59
-1.92 -32.59
-1.73 -32.59
-1.73 -32.59
-1.73 -32.59
1.00 -32.59
1.00 -32.59
1.00 -32.59
1.37 -32.59
1.37 -32.59
1.37 -32.59
-3.20 -32.41
-3.20 -32.41
-3.20 -32.41
-2.83 -32.41
-2.83 -32.41
-2.83 -32.41
-2.10 -32.41
-2.10 -32.41
-2.10 -32.41
-1.92 -32.41
-1.92 -32.41
-1.92 -32.41
0.82 -32.41
0.82 -32.41
0.82 -32.41
1.00 -32.41
1.00 -32.41
1.00 -32.41
-3.20 -32.22
-3.20 -32.22
-3.20 -32.22
-2.28 -32.22
-2.28 -32.22
-2.28 -32.22
-2.10 -32.22
-2.10 -32.22
-2.10 -32.22
-1.92 -32.22
-1.92 -32.22
-1.92 -32.22
-1.73 -32.22
-1.73 -32.22
-1.73 -32.22
-1.55 -32.22
-1.55 -32.22
-1.55 -32.22
-1.37 -32.22
-1.37 -32.22
-1.37 -32.22
-1.19 -32.22
-1.19 -32.22
-1.19 -32.22
1.37 -32.22
1.37 -32.22
1.37 -32.22
-2.46 -32.04
-2.46 -32.04
-2.46 -32.04
-2.10 -32.04
-2.10 -32.04
-2.10 -32.04
-1.92 -32.04
-1.92 -32.04
-1.92 -32.04
-1.73 -32.04
-1.73 -32.04
-1.73 -32.04
-1.55 -32.04
-1.55 -32.04
-1.55 -32.04
-1.37 -32.04
-1.37 -32.04
-1.37 -32.04
-1.19 -32.04
-1.19 -32.04
-1.19 -32.04
-1.00 -32.04
-1.00 -32.04
-1.00 -32.04
-0.82 -32.04
-0.82 -32.04
-0.82 -32.04
-0.64 -32.04
-0.64 -32.04
-0.64 -32.04
0.82 -32.04
0.82 -32.04
0.82 -32.04
1.19 -32.04
1.19 -32.04
1.19 -32.04
1.37 -32.04
1.37 -32.04
1.37 -32.04
-3.93 -31.86
-3.93 -31.86
-3.93 -31.86
-3.56 -31.86
-3.56 -31.86
-3.56 -31.86
-3.38 -31.86
-3.38 -31.86
-3.38 -31.86
-3.20 -31.86
-3.20 -31.86
-3.20 -31.86
-3.01 -31.86
-3.01 -31.86
-3.01 -31.86
-2.10 -31.86
-2.10 -31.86
-2.10 -31.86
-1.92 -31.86
-1.92 -31.86
-1.92 -31.86
-1.73 -31.86
-1.73 -31.86
-1.73 -31.86
-1.55 -31.86
-1.55 -31.86
-1.55 -31.86
-1.37 -31.86
-1.37 -31.86
-1.37 -31.86
0.46 -31.86
0.46 -31.86
0.46 -31.86
0.64 -31.86
0.64 -31.86
0.64 -31.86
0.82 -31.86
0.82 -31.86
0.82 -31.86
1.19 -31.86
1.19 -31.86
1.19 -31.86
-3.74 -31.68
-3.74 -31.68
-3.74 -31.68
-3.20 -31.68
-3.20 -31.68
-3.20 -31.68
-3.01 -31.68
-3.01 -31.68
-3.01 -31.68
-2.83 -31.68
-2.83 -31.68
-2.83 -31.68
-2.46 -31.68
-2.46 -31.68
-2.46 -31.68
-2.28 -31.68
-2.28 -31.68
-2.28 -31.68
-2.10 -31.68
-2.10 -31.68
-2.10 -31.68
-1.92 -31.68
-1.92 -31.68
-1.92 -31.68
-1.73 -31.68
-1.73 -31.68
-1.73 -31.68
-1.55 -31.68
-1.55 -31.68
-1.55 -31.68
-1.37 -31.68
-1.37 -31.68
-1.37 -31.68
-1.19 -31.68
-1.19 -31.68
-1.19 -31.68
0.46 -31.68
0.46 -31.68
0.46 -31.68
0.64 -31.68
0.64 -31.68
0.64 -31.68
-3.93 -31.49
-3.93 -31.49
-3.93 -31.49
-3.56 -31.49
-3.56 -31.49
-3.56 -31.49
-3.38 -31.49
-3.38 -31.49
-3.38 -31.49
-3.20 -31.49
-3.20 -31.49
-3.20 -31.49
-1.73 -31.49
-1.73 -31.49
-1.73 -31.49
-1.55 -31.49
-1.55 -31.49
-1.55 -31.49
-1.37 -31.49
-1.37 -31.49
-1.37 -31.49
-1.19 -31.49
-1.19 -31.49
-1.19 -31.49
-1.00 -31.49
-1.00 -31.49
-1.00 -31.49
-0.82 -31.49
-0.82 -31.49
-0.82 -31.49
-0.64 -31.49
-0.64 -31.49
-0.64 -31.49
-0.46 -31.49
-0.46 -31.49
-0.46 -31.49
-0.27 -31.49
-0.27 -31.49
-0.27 -31.49
0.27 -31.49
0.27 -31.49
0.27 -31.49
0.46 -31.49
0.46 -31.49
0.46 -31.49
0.64 -31.49
0.64 -31.49
0.64 -31.49
-3.56 -31.31
-3.56 -31.31
-3.56 -31.31
-0.64 -31.31
-0.64 -31.31
-0.64 -31.31
-0.46 -31.31
-0.46 -31.31
-0.46 -31.31
-0.09 -31.31
-0.09 -31.31
-0.09 -31.31
0.09 -31.31
0.09 -31.31
0.09 -31.31
0.27 -31.31
0.27 -31.31
0.27 -31.31
0.64 -31.31
0.64 -31.31
0.64 -31.31
-3.74 -31.13
-3.74 -31.13
-3.74 -31.13
-3.56 -31.13
-3.56 -31.13
-3.56 -31.13
-3.38 -31.13
-3.38 -31.13
-3.38 -31.13
-3.20 -31.13
-3.20 -31.13
-3.20 -31.13
-3.01 -31.13
-3.01 -31.13
-3.01 -31.13
-2.83 -31.13
-2.83 -31.13
-2.83 -31.13
-2.65 -31.13
-2.65 -31.13
-2.65 -31.13
-2.46 -31.13
-2.46 -31.13
-2.46 -31.13
-0.46 -31.13
-0.46 -31.13
-0.46 -31.13
-0.09 -31.13
-0.09 -31.13
-0.09 -31.13
0.09 -31.13
0.09 -31.13
0.09 -31.13
-3.56 -30.95
-3.56 -30.95
-3.56 -30.95
-3.38 -30.95
-3.38 -30.95
-3.38 -30.95
-3.20 -30.95
-3.20 -30.95
-3.20 -30.95
-3.01 -30.95
-3.01 -30.95
-3.01 -30.95
-2.83 -30.95
-2.83 -30.95
-2.83 -30.95
-2.65 -30.95
-2.65 -30.95
-2.65 -30.95
-2.46 -30.95
-2.46 -30.95
-2.46 -30.95
-2.28 -30.95
-2.28 -30.95
-2.28 -30.95
-0.46 -30.95
-0.46 -30.95
-0.46 -30.95
-0.09 -30.95
-0.09 -30.95
-0.09 -30.95
-3.01 -30.76
-3.01 -30.76
-3.01 -30.76
-2.83 -30.76
-2.83 -30.76
-2.83 -30.76
-2.65 -30.76
-2.65 -30.76
-2.65 -30.76
-2.46 -30.76
-2.46 -30.76
-2.46 -30.76
-2.28 -30.76
-2.28 -30.76
-2.28 -30.76
-2.10 -30.76
-2.10 -30.76
-2.10 -30.76
-1.92 -30.76
-1.92 -30.76
-1.92 -30.76
-1.73 -30.76
-1.73 -30.76
-1.73 -30.76
-1.55 -30.76
-1.55 -30.76
-1.55 -30.76
-1.37 -30.76
-1.37 -30.76
-1.37 -30.76
-1.19 -30.76
-1.19 -30.76
-1.19 -30.76
-0.64 -30.76
-0.64 -30.76
-0.64 -30.76
-0.46 -30.76
-0.46 -30.76
-0.46 -30.76
-0.09 -30.76
-0.09 -30.76
-0.09 -30.76
0.46 -30.76
0.46 -30.76
0.46 -30.76
-3.56 -30.58
-3.56 -30.58
-3.56 -30.58
-3.38 -30.58
-3.38 -30.58
-3.38 -30.58
-3.20 -30.58
-3.20 -30.58
-3.20 -30.58
-3.01 -30.58
-3.01 -30.58
-3.01 -30.58
-2.10 -30.58
-2.10 -30.58
-2.10 -30.58
-1.92 -30.58
-1.92 -30.58
-1.92 -30.58
-1.73 -30.58
-1.73 -30.58
-1.73 -30.58
-1.55 -30.58
-1.55 -30.58
-1.55 -30.58
-1.37 -30.58
-1.37 -30.58
-1.37 -30.58
-1.19 -30.58
-1.19 -30.58
-1.19 -30.58
-1.00 -30.58
-1.00 -30.58
-1.00 -30.58
-4.11 -30.40
-4.11 -30.40
-4.11 -30.40
-3.93 -30.40
-3.93 -30.40
-3.93 -30.40
-3.74 -30.40
-3.74 -30.40
-3.74 -30.40
-3.56 -30.40
-3.56 -30.40
-3.56 -30.40
-3.38 -30.40
-3.38 -30.40
-3.38 -30.40
-3.20 -30.40
-3.20 -30.40
-3.20 -30.40
-3.01 -30.40
-3.01 -30.40
-3.01 -30.40
-2.83 -30.40
-2.83 -30.40
-2.83 -30.40
-2.10 -30.40
-2.10 -30.40
-2.10 -30.40
-1.92 -30.40
-1.92 -30.40
-1.92 -30.40
-1.73 -30.40
-1.73 -30.40
-1.73 -30.40
-1.55 -30.40
-1.55 -30.40
-1.55 -30.40
-1.37 -30.40
-1.37 -30.40
-1.37 -30.40
-1.19 -30.40
-1.19 -30.40
-1.19 -30.40
-1.00 -30.40
-1.00 -30.40
-1.00 -30.40
-0.82 -30.40
-0.82 -30.40
-0.82 -30.40
-0.64 -30.40
-0.64 -30.40
-0.64 -30.40
-0.46 -30.40
-0.46 -30.40
-0.46 -30.40
-4.11 -30.22
-4.11 -30.22
-4.11 -30.22
-3.93 -30.22
-3.93 -30.22
-3.93 -30.22
-3.56 -30.22
-3.56 -30.22
-3.56 -30.22
-3.38 -30.22
-3.38 -30.22
-3.38 -30.22
-3.20 -30.22
-3.20 -30.22
-3.20 -30.22
-3.01 -30.22
-3.01 -30.22
-3.01 -30.22
-2.83 -30.22
-2.83 -30.22
-2.83 -30.22
-2.10 -30.22
-2.10 -30.22
-2.10 -30.22
-1.92 -30.22
-1.92 -30.22
-1.92 -30.22
-1.73 -30.22
-1.73 -30.22
-1.73 -30.22
-1.55 -30.22
-1.55 -30.22
-1.55 -30.22
-1.37 -30.22
-1.37 -30.22
-1.37 -30.22
-4.11 -30.03
-4.11 -30.03
-4.11 -30.03
-2.10 -30.03
-2.10 -30.03
-2.10 -30.03
-1.92 -30.03
-1.92 -30.03
-1.92 -30.03
-1.73 -30.03
-1.73 -30.03
-1.73 -30.03
-0.46 -30.03
-0.46 -30.03
-0.46 -30.03
-0.27 -30.03
-0.27 -30.03
-0.27 -30.03
-3.93 -29.85
-3.93 -29.85
-3.93 -29.85
-2.65 -29.85
-2.65 -29.85
-2.65 -29.85
-2.46 -29.85
-2.46 -29.85
-2.46 -29.85
-2.28 -29.85
-2.28 -29.85
-2.28 -29.85
-2.10 -29.85
-2.10 -29.85
-2.10 -29.85
-1.92 -29.85
-1.92 -29.85
-1.92 -29.85
-0.64 -29.85
-0.64 -29.85
-0.64 -29.85
-0.27 -29.85
-0.27 -29.85
-0.27 -29.85
-3.56 -29.67
-3.56 -29.67
-3.56 -29.67
-3.38 -29.67
-3.38 -29.67
-3.38 -29.67
-3.20 -29.67
-3.20 -29.67
-3.20 -29.67
-3.01 -29.67
-3.01 -29.67
-3.01 -29.67
-2.83 -29.67
-2.83 -29.67
-2.83 -29.67
-2.65 -29.67
-2.65 -29.67
-2.65 -29.67
-2.46 -29.67
-2.46 -29.67
-2.46 -29.67
-2.28 -29.67
-2.28 -29.67
-2.28 -29.67
-2.10 -29.67
-2.10 -29.67
-2.10 -29.67
-1.92 -29.67
-1.92 -29.67
-1.92 -29.67
-1.73 -29.67
-1.73 -29.67
-1.73 -29.67
-1.55 -29.67
-1.55 -29.67
-1.55 -29.67
-1.37 -29.67
-1.37 -29.67
-1.37 -29.67
-1.19 -29.67
-1.19 -29.67
-1.19 -29.67
-1.00 -29.67
-1.00 -29.67
-1.00 -29.67
-0.82 -29.67
-0.82 -29.67
-0.82 -29.67
-0.46 -29.67
-0.46 -29.67
-0.46 -29.67
-3.93 -29.49
-3.93 -29.49
-3.93 -29.49
-3.74 -29.49
-3.74 -29.49
-3.74 -29.49
-3.56 -29.49
-3.56 -29.49
-3.56 -29.49
-3.38 -29.49
-3.38 -29.49
-3.38 -29.49
-3.20 -29.49
-3.20 -29.49
-3.20 -29.49
-3.01 -29.49
-3.01 -29.49
-3.01 -29.49
-2.83 -29.49
-2.83 -29.49
-2.83 -29.49
-2.65 -29.49
-2.65 -29.49
-2.65 -29.49
-2.46 -29.49
-2.46 -29.49
-2.46 -29.49
-2.28 -29.49
-2.28 -29.49
-2.28 -29.49
-1.73 -29.49
-1.73 -29.49
-1.73 -29.49
-1.55 -29.49
-1.55 -29.49
-1.55 -29.49
-1.37 -29.49
-1.37 -29.49
-1.37 -29.49
-1.19 -29.49
-1.19 -29.49
-1.19 -29.49
-1.00 -29.49
-1.00 -29.49
-1.00 -29.49
-0.82 -29.49
-0.82 -29.49
-0.82 -29.49
-0.64 -29.49
-0.64 -29.49
-0.64 -29.49
-0.46 -29.49
-0.46 -29.49
-0.46 -29.49
-4.84 -29.30
-4.84 -29.30
-4.84 -29.30
-4.29 -29.30
-4.29 -29.30
-4.29 -29.30
-3.56 -29.30
-3.56 -29.30
-3.56 -29.30
-3.38 -29.30
-3.38 -29.30
-3.38 -29.30
-3.20 -29.30
-3.20 -29.30
-3.20 -29.30
-3.01 -29.30
-3.01 -29.30
-3.01 -29.30
-2.83 -29.30
-2.83 -29.30
-2.83 -29.30
-2.65 -29.30
-2.65 -29.30
-2.65 -29.30
-2.46 -29.30
-2.46 -29.30
-2.46 -29.30
-2.28 -29.30
-2.28 -29.30
-2.28 -29.30
-0.82 -29.30
-0.82 -29.30
-0.82 -29.30
-0.64 -29.30
-0.64 -29.30
-0.64 -29.30
-0.27 -29.30
-0.27 -29.30
-0.27 -29.30
-4.29 -29.12
-4.29 -29.12
-4.29 -29.12
-3.93 -29.12
-3.93 -29.12
-3.93 -29.12
-2.83 -29.12
-2.83 -29.12
-2.83 -29.12
-2.65 -29.12
-2.65 -29.12
-2.65 -29.12
-2.46 -29.12
-2.46 -29.12
-2.46 -29.12
-2.28 -29.12
-2.28 -29.12
-2.28 -29.12
-1.37 -29.12
-1.37 -29.12
-1.37 -29.12
-1.19 -29.12
-1.19 -29.12
-1.19 -29.12
-1.00 -29.12
-1.00 -29.12
-1.00 -29.12
-0.82 -29.12
-0.82 -29.12
-0.82 -29.12
-0.46 -29.12
-0.46 -29.12
-0.46 -29.12
-3.93 -28.94
-3.93 -28.94
-3.93 -28.94
-3.74 -28.94
-3.74 -28.94
-3.74 -28.94
-3.56 -28.94
-3.56 -28.94
-3.56 -28.94
-3.38 -28.94
-3.38 -28.94
-3.38 -28.94
-1.19 -28.94
-1.19 -28.94
-1.19 -28.94
-1.00 -28.94
-1.00 -28.94
-1.00 -28.94
-0.82 -28.94
-0.82 -28.94
-0.82 -28.94
-0.46 -28.94
-0.46 -28.94
-0.46 -28.94
-0.27 -28.94
-0.27 -28.94
-0.27 -28.94
-4.66 -28.76
-4.66 -28.76
-4.66 -28.76
-3.56 -28.76
-3.56 -28.76
-3.56 -28.76
-3.38 -28.76
-3.38 -28.76
-3.38 -28.76
-3.20 -28.76
-3.20 -28.76
-3.20 -28.76
-3.01 -28.76
-3.01 -28.76
-3.01 -28.76
-2.83 -28.76
-2.83 -28.76
-2.83 -28.76
-0.64 -28.76
-0.64 -28.76
-0.64 -28.76
-0.27 -28.76
-0.27 -28.76
-0.27 -28.76
-5.02 -28.57
-5.02 -28.57
-5.02 -28.57
-4.84 -28.57
-4.84 -28.57
-4.84 -28.57
-4.11 -28.57
-4.11 -28.57
-4.11 -28.57
-3.74 -28.57
-3.74 -28.57
-3.74 -28.57
-3.56 -28.57
-3.56 -28.57
-3.56 -28.57
-3.38 -28.57
-3.38 -28.57
-3.38 -28.57
-3.20 -28.57
-3.20 -28.57
-3.20 -28.57
-3.01 -28.57
-3.01 -28.57
-3.01 -28.57
-2.83 -28.57
-2.83 -28.57
-2.83 -28.57
-2.65 -28.57
-2.65 -28.57
-2.65 -28.57
-2.46 -28.57
-2.46 -28.57
-2.46 -28.57
-2.28 -28.57
-2.28 -28.57
-2.28 -28.57
-2.10 -28.57
-2.10 -28.57
-2.10 -28.57
-1.92 -28.57
-1.92 -28.57
-1.92 -28.57
-1.73 -28.57
-1.73 -28.57
-1.73 -28.57
-5.02 -28.39
-5.02 -28.39
-5.02 -28.39
-4.84 -28.39
-4.84 -28.39
-4.84 -28.39
-3.93 -28.39
-3.93 -28.39
-3.93 -28.39
-3.74 -28.39
-3.74 -28.39
-3.74 -28.39
-3.56 -28.39
-3.56 -28.39
-3.56 -28.39
-3.38 -28.39
-3.38 -28.39
-3.38 -28.39
-3.20 -28.39
-3.20 -28.39
-3.20 -28.39
-3.01 -28.39
-3.01 -28.39
-3.01 -28.39
-2.83 -28.39
-2.83 -28.39
-2.83 -28.39
-2.65 -28.39
-2.65 -28.39
-2.65 -28.39
-2.46 -28.39
-2.46 -28.39
-2.46 -28.39
-2.28 -28.39
-2.28 -28.39
-2.28 -28.39
-1.00 -28.39
-1.00 -28.39
-1.00 -28.39
-0.82 -28.39
-0.82 -28.39
-0.82 -28.39
-0.64 -28.39
-0.64 -28.39
-0.64 -28.39
-0.46 -28.39
-0.46 -28.39
-0.46 -28.39
-5.02 -28.21
-5.02 -28.21
-5.02 -28.21
-4.84 -28.21
-4.84 -28.21
-4.84 -28.21
-4.66 -28.21
-4.66 -28.21
-4.66 -28.21
-4.47 -28.21
-4.47 -28.21
-4.47 -28.21
-4.29 -28.21
-4.29 -28.21
-4.29 -28.21
-4.11 -28.21
-4.11 -28.21
-4.11 -28.21
-3.93 -28.21
-3.93 -28.21
-3.93 -28.21
-3.74 -28.21
-3.74 -28.21
-3.74 -28.21
-3.56 -28.21
-3.56 -28.21
-3.56 -28.21
-3.38 -28.21
-3.38 -28.21
-3.38 -28.21
-3.20 -28.21
-3.20 -28.21
-3.20 -28.21
-3.01 -28.21
-3.01 -28.21
-3.01 -28.21
-2.83 -28.21
-2.83 -28.21
-2.83 -28.21
-2.65 -28.21
-2.65 -28.21
-2.65 -28.21
-2.46 -28.21
-2.46 -28.21
-2.46 -28.21
-2.28 -28.21
-2.28 -28.21
-2.28 -28.21
-2.10 -28.21
-2.10 -28.21
-2.10 -28.21
-1.92 -28.21
-1.92 -28.21
-1.92 -28.21
-0.46 -28.21
-0.46 -28.21
-0.46 -28.21
-4.66 -28.03
-4.66 -28.03
-4.66 -28.03
-4.47 -28.03
-4.47 -28.03
-4.47 -28.03
-4.29 -28.03
-4.29 -28.03
-4.29 -28.03
-4.11 -28.03
-4.11 -28.03
-4.11 -28.03
-3.93 -28.03
-3.93 -28.03
-3.93 -28.03
-2.10 -28.03
-2.10 -28.03
-2.10 -28.03
-4.66 -27.84
-4.66 -27.84
-4.66 -27.84
-4.47 -27.84
-4.47 -27.84
-4.47 -27.84
-4.29 -27.84
-4.29 -27.84
-4.29 -27.84
-4.11 -27.84
-4.11 -27.84
-4.11 -27.84
-3.93 -27.84
-3.93 -27.84
-3.93 -27.84
-3.74 -27.84
-3.74 -27.84
-3.74 -27.84
-5.02 -27.66
-5.02 -27.66
-5.02 -27.66
-4.84 -27.66
-4.84 -27.66
-4.84 -27.66
-4.66 -27.66
-4.66 -27.66
-4.66 -27.66
-4.47 -27.66
-4.47 -27.66
-4.47 -27.66
-4.29 -27.66
-4.29 -27.66
-4.29 -27.66
-4.11 -27.66
-4.11 -27.66
-4.11 -27.66
-3.93 -27.66
-3.93 -27.66
-3.93 -27.66
-3.74 -27.66
-3.74 -27.66
-3.74 -27.66
-3.56 -27.66
-3.56 -27.66
-3.56 -27.66
-3.38 -27.66
-3.38 -27.66
-3.38 -27.66
-3.20 -27.66
-3.20 -27.66
-3.20 -27.66
-3.01 -27.66
-3.01 -27.66
-3.01 -27.66
-2.83 -27.66
-2.83 -27.66
-2.83 -27.66
-1.00 -27.66
-1.00 -27.66
-1.00 -27.66
-0.82 -27.66
-0.82 -27.66
-0.82 -27.66
-0.64 -27.66
-0.64 -27.66
-0.64 -27.66
-0.46 -27.66
-0.46 -27.66
-0.46 -27.66
-3.74 -27.48
-3.74 -27.48
-3.74 -27.48
-3.56 -27.48
-3.56 -27.48
-3.56 -27.48
-3.38 -27.48
-3.38 -27.48
-3.38 -27.48
-3.20 -27.48
-3.20 -27.48
-3.20 -27.48
-3.01 -27.48
-3.01 -27.48
-3.01 -27.48
-2.83 -27.48
-2.83 -27.48
-2.83 -27.48
-2.65 -27.48
-2.65 -27.48
-2.65 -27.48
-1.19 -27.48
-1.19 -27.48
-1.19 -27.48
-1.00 -27.48
-1.00 -27.48
-1.00 -27.48
-0.82 -27.48
-0.82 -27.48
-0.82 -27.48
-0.09 -27.48
-0.09 -27.48
-0.09 -27.48
0.27 -27.48
0.27 -27.48
0.27 -27.48
0.46 -27.48
0.46 -27.48
0.46 -27.48
-3.56 -27.30
-3.56 -27.30
-3.56 -27.30
-3.38 -27.30
-3.38 -27.30
-3.38 -27.30
-3.20 -27.30
-3.20 -27.30
-3.20 -27.30
-3.01 -27.30
-3.01 -27.30
-3.01 -27.30
-2.83 -27.30
-2.83 -27.30
-2.83 -27.30
-1.37 -27.30
-1.37 -27.30
-1.37 -27.30
-1.19 -27.30
-1.19 -27.30
-1.19 -27.30
-1.00 -27.30
-1.00 -27.30
-1.00 -27.30
-0.82 -27.30
-0.82 -27.30
-0.82 -27.30
-0.64 -27.30
-0.64 -27.30
-0.64 -27.30
-0.27 -27.30
-0.27 -27.30
-0.27 -27.30
-5.02 -27.11
-5.02 -27.11
-5.02 -27.11
-4.84 -27.11
-4.84 -27.11
-4.84 -27.11
-3.93 -27.11
-3.93 -27.11
-3.93 -27.11
-3.74 -27.11
-3.74 -27.11
-3.74 -27.11
-3.56 -27.11
-3.56 -27.11
-3.56 -27.11
-3.38 -27.11
-3.38 -27.11
-3.38 -27.11
-3.20 -27.11
-3.20 -27.11
-3.20 -27.11
-3.01 -27.11
-3.01 -27.11
-3.01 -27.11
-2.83 -27.11
-2.83 -27.11
-2.83 -27.11
-2.65 -27.11
-2.65 -27.11
-2.65 -27.11
-1.19 -27.11
-1.19 -27.11
-1.19 -27.11
-1.00 -27.11
-1.00 -27.11
-1.00 -27.11
-0.82 -27.11
-0.82 -27.11
-0.82 -27.11
-0.64 -27.11
-0.64 -27.11
-0.64 -27.11
-0.46 -27.11
-0.46 -27.11
-0.46 -27.11
-0.27 -27.11
-0.27 -27.11
-0.27 -27.11
0.09 -27.11
0.09 -27.11
0.09 -27.11
0.27 -27.11
0.27 -27.11
0.27 -27.11
-5.20 -26.93
-5.20 -26.93
-5.20 -26.93
-5.02 -26.93
-5.02 -26.93
-5.02 -26.93
-4.84 -26.93
-4.84 -26.93
-4.84 -26.93
-4.66 -26.93
-4.66 -26.93
-4.66 -26.93
-4.47 -26.93
-4.47 -26.93
-4.47 -26.93
-4.11 -26.93
-4.11 -26.93
-4.11 -26.93
-3.74 -26.93
-3.74 -26.93
-3.74 -26.93
-3.56 -26.93
-3.56 -26.93
-3.56 -26.93
-3.38 -26.93
-3.38 -26.93
-3.38 -26.93
-3.20 -26.93
-3.20 -26.93
-3.20 -26.93
-2.28 -26.93
-2.28 -26.93
-2.28 -26.93
-1.92 -26.93
-1.92 -26.93
-1.92 -26.93
-1.37 -26.93
-1.37 -26.93
-1.37 -26.93
-1.00 -26.93
-1.00 -26.93
-1.00 -26.93
-0.64 -26.93
-0.64 -26.93
-0.64 -26.93
-0.27 -26.93
-0.27 -26.93
-0.27 -26.93
-0.09 -26.93
-0.09 -26.93
-0.09 -26.93
-5.20 -26.75
-5.20 -26.75
-5.20 -26.75
-3.74 -26.75
-3.74 -26.75
-3.74 -26.75
-3.56 -26.75
-3.56 -26.75
-3.56 -26.75
-3.38 -26.75
-3.38 -26.75
-3.38 -26.75
-3.20 -26.75
-3.20 -26.75
-3.20 -26.75
-3.01 -26.75
-3.01 -26.75
-3.01 -26.75
-2.83 -26.75
-2.83 -26.75
-2.83 -26.75
-1.92 -26.75
-1.92 -26.75
-1.92 -26.75
-1.73 -26.75
-1.73 -26.75
-1.73 -26.75
-0.64 -26.75
-0.64 -26.75
-0.64 -26.75
0.27 -26.75
0.27 -26.75
0.27 -26.75
-4.11 -26.56
-4.11 -26.56
-4.11 -26.56
-3.93 -26.56
-3.93 -26.56
-3.93 -26.56
-2.83 -26.56
-2.83 -26.56
-2.83 -26.56
-2.65 -26.56
-2.65 -26.56
-2.65 -26.56
-2.46 -26.56
-2.46 -26.56
-2.46 -26.56
-2.10 -26.56
-2.10 -26.56
-2.10 -26.56
-1.19 -26.56
-1.19 -26.56
-1.19 -26.56
-1.00 -26.56
-1.00 -26.56
-1.00 -26.56
0.27 -26.56
0.27 -26.56
0.27 -26.56
-1.00 -26.38
-1.00 -26.38
-1.00 -26.38
-0.27 -26.38
-0.27 -26.38
-0.27 -26.38
-0.09 -26.38
-0.09 -26.38
-0.09 -26.38
0.09 -26.38
0.09 -26.38
0.09 -26.38
-1.00 -26.20
-1.00 -26.20
-1.00 -26.20
-0.82 -26.20
-0.82 -26.20
-0.82 -26.20
-0.09 -26.20
-0.09 -26.20
-0.09 -26.20
0.09 -26.20
0.09 -26.20
0.09 -26.20
-0.64 -26.02
-0.64 -26.02
-0.64 -26.02
-0.46 -26.02
-0.46 -26.02
-0.46 -26.02
-0.82 -25.83
-0.82 -25.83
-0.82 -25.83
-0.46 -25.83
-0.46 -25.83
-0.46 -25.83
-0.27 -25.83
-0.27 -25.83
-0.27 -25.83
-0.09 -25.83
-0.09 -25.83
-0.09 -25.83
0.09 -25.83
0.09 -25.83
0.09 -25.83
0.27 -25.83
0.27 -25.83
0.27 -25.83
-0.27 -25.65
-0.27 -25.65
-0.27 -25.65
-0.27 -25.47
-0.27 -25.47
-0.27 -25.47
-0.09 -25.47
-0.09 -25.47
-0.09 -25.47
-0.46 -25.29
-0.46 -25.29
-0.46 -25.29
0.09 -25.29
0.09 -25.29
0.09 -25.29
0.27 -25.29
0.27 -25.29
0.27 -25.29
0.46 -24.92
0.46 -24.92
0.46 -24.92
0.82 -24.92
0.82 -24.92
0.82 -24.92
0.64 -24.74
0.64 -24.74
0.64 -24.74
1.00 -24.74
1.00 -24.74
1.00 -24.74
1.73 -24.74
1.73 -24.74
1.73 -24.74
-15.25 8.67
-15.25 8.67
-15.25 8.67
-15.06 8.67
-15.06 8.67
-15.06 8.67
-14.88 8.67
-14.88 8.67
-14.88 8.67
-14.70 8.67
-14.70 8.67
-14.70 8.67
-15.43 8.85
-15.43 8.85
-15.43 8.85
-15.06 8.85
-15.06 8.85
-15.06 8.85
-15.43 9.04
-15.43 9.04
-15.43 9.04
-15.25 9.04
-15.25 9.04
-15.25 9.04
-15.06 9.04
-15.06 9.04
-15.06 9.04
-14.88 9.04
-14.88 9.04
-14.88 9.04
-14.70 9.04
-14.70 9.04
-14.70 9.04
-15.43 9.22
-15.43 9.22
-15.43 9.22
-15.43 9.40
-15.43 9.40
-15.43 9.40
-15.25 9.40
-15.25 9.40
-15.25 9.40
-14.15 9.40
-14.15 9.40
-14.15 9.40
-15.25 9.59
-15.25 9.59
-15.25 9.59
-14.88 9.59
-14.88 9.59
-14.88 9.59
-14.33 9.59
-14.33 9.59
-14.33 9.59
-14.70 9.77
-14.70 9.77
-14.70 9.77
-14.51 9.95
-14.51 9.95
-14.51 9.95
-13.24 10.13
-13.24 10.13
-13.24 10.13
-13.24 10.32
-13.24 10.32
-13.24 10.32
-13.05 10.32
-13.05 10.32
-13.05 10.32
-12.32 10.32
-12.32 10.32
-12.32 10.32
-13.78 10.50
-13.78 10.50
-13.78 10.50
-12.69 10.50
-12.69 10.50
-12.69 10.50
-13.42 10.68
-13.42 10.68
-13.42 10.68
-13.24 10.68
-13.24 10.68
-13.24 10.68
-13.05 10.68
-13.05 10.68
-13.05 10.68
-17.98 10.86
-17.98 10.86
-17.98 10.86
-17.80 10.86
-17.80 10.86
-17.80 10.86
-17.62 10.86
-17.62 10.86
-17.62 10.86
-12.87 10.86
-12.87 10.86
-12.87 10.86
-12.32 10.86
-12.32 10.86
-12.32 10.86
-11.78 10.86
-11.78 10.86
-11.78 10.86
-11.59 10.86
-11.59 10.86
-11.59 10.86
-11.41 10.86
-11.41 10.86
-11.41 10.86
-12.69 11.05
-12.69 11.05
-12.69 11.05
-12.14 11.05
-12.14 11.05
-12.14 11.05
-11.96 11.05
-11.96 11.05
-11.96 11.05
-12.14 11.23
-12.14 11.23
-12.14 11.23
-11.59 11.23
-11.59 11.23
-11.59 11.23
-11.41 11.23
-11.41 11.23
-11.41 11.23
-11.78 11.41
-11.78 11.41
-11.78 11.41
-10.68 11.41
-10.68 11.41
-10.68 11.41
-17.44 11.59
-17.44 11.59
-17.44 11.59
-16.71 11.59
-16.71 11.59
-16.71 11.59
-11.78 11.59
-11.78 11.59
-11.78 11.59
-11.05 11.59
-11.05 11.59
-11.05 11.59
-17.80 11.78
-17.80 11.78
-17.80 11.78
-16.89 11.78
-16.89 11.78
-16.89 11.78
-16.71 11.78
-16.71 11.78
-16.71 11.78
-12.14 11.78
-12.14 11.78
-12.14 11.78
-11.59 11.78
-11.59 11.78
-11.59 11.78
-11.41 11.78
-11.41 11.78
-11.41 11.78
-17.25 11.96
-17.25 11.96
-17.25 11.96
-16.52 11.96
-16.52 11.96
-16.52 11.96
-11.96 11.96
-11.96 11.96
-11.96 11.96
-11.78 11.96
-11.78 11.96
-11.78 11.96
-11.59 11.96
-11.59 11.96
-11.59 11.96
-11.41 11.96
-11.41 11.96
-11.41 11.96
-11.05 11.96
-11.05 11.96
-11.05 11.96
-10.86 11.96
-10.86 11.96
-10.86 11.96
-10.68 11.96
-10.68 11.96
-10.68 11.96
-10.50 11.96
-10.50 11.96
-10.50 11.96
-9.95 11.96
-9.95 11.96
-9.95 11.96
-9.77 11.96
-9.77 11.96
-9.77 11.96
-16.71 12.14
-16.71 12.14
-16.71 12.14
-16.16 12.14
-16.16 12.14
-16.16 12.14
-15.98 12.14
-15.98 12.14
-15.98 12.14
-11.41 12.14
-11.41 12.14
-11.41 12.14
-11.05 12.14
-11.05 12.14
-11.05 12.14
-10.32 12.14
-10.32 12.14
-10.32 12.14
-16.34 12.32
-16.34 12.32
-16.34 12.32
-15.79 12.32
-15.79 12.32
-15.79 12.32
-11.23 12.32
-11.23 12.32
-11.23 12.32
-10.13 12.32
-10.13 12.32
-10.13 12.32
-9.95 12.32
-9.95 12.32
-9.95 12.32
-15.98 12.51
-15.98 12.51
-15.98 12.51
-15.79 12.51
-15.79 12.51
-15.79 12.51
-11.23 12.51
-11.23 12.51
-11.23 12.51
-11.05 12.51
-11.05 12.51
-11.05 12.51
-10.68 12.51
-10.68 12.51
-10.68 12.51
-10.13 12.51
-10.13 12.51
-10.13 12.51
-17.44 12.69
-17.44 12.69
-17.44 12.69
-17.25 12.69
-17.25 12.69
-17.25 12.69
-16.52 12.69
-16.52 12.69
-16.52 12.69
-16.34 12.69
-16.34 12.69
-16.34 12.69
-16.16 12.69
-16.16 12.69
-16.16 12.69
-9.40 12.69
-9.40 12.69
-9.40 12.69
-9.22 12.69
-9.22 12.69
-9.22 12.69
-15.98 12.87
-15.98 12.87
-15.98 12.87
-15.79 12.87
-15.79 12.87
-15.79 12.87
-10.50 12.87
-10.50 12.87
-10.50 12.87
-9.95 12.87
-9.95 12.87
-9.95 12.87
-9.77 12.87
-9.77 12.87
-9.77 12.87
-14.70 13.05
-14.70 13.05
-14.70 13.05
-14.15 13.05
-14.15 13.05
-14.15 13.05
-10.32 13.05
-10.32 13.05
-10.32 13.05
-9.77 13.05
-9.77 13.05
-9.77 13.05
-9.40 13.05
-9.40 13.05
-9.40 13.05
-9.22 13.05
-9.22 13.05
-9.22 13.05
-15.25 13.24
-15.25 13.24
-15.25 13.24
-14.88 13.24
-14.88 13.24
-14.88 13.24
-14.33 13.24
-14.33 13.24
-14.33 13.24
-14.15 13.24
-14.15 13.24
-14.15 13.24
-9.77 13.24
-9.77 13.24
-9.77 13.24
-9.59 13.24
-9.59 13.24
-9.59 13.24
-9.22 13.24
-9.22 13.24
-9.22 13.24
-9.04 13.24
-9.04 13.24
-9.04 13.24
-15.61 13.42
-15.61 13.42
-15.61 13.42
-15.43 13.42
-15.43 13.42
-15.43 13.42
-14.88 13.42
-14.88 13.42
-14.88 13.42
-14.15 13.42
-14.15 13.42
-14.15 13.42
-9.59 13.42
-9.59 13.42
-9.59 13.42
-9.40 13.42
-9.40 13.42
-9.40 13.42
-9.22 13.42
-9.22 13.42
-9.22 13.42
-9.04 13.42
-9.04 13.42
-9.04 13.42
-14.70 13.60
-14.70 13.60
-14.70 13.60
-14.51 13.60
-14.51 13.60
-14.51 13.60
-14.88 13.78
-14.88 13.78
-14.88 13.78
-14.70 13.78
-14.70 13.78
-14.70 13.78
-14.33 13.78
-14.33 13.78
-14.33 13.78
-14.15 13.78
-14.15 13.78
-14.15 13.78
-9.77 13.78
-9.77 13.78
-9.77 13.78
-9.40 13.78
-9.40 13.78
-9.40 13.78
-9.22 13.78
-9.22 13.78
-9.22 13.78
-9.04 13.78
-9.04 13.78
-9.04 13.78
-14.88 13.97
-14.88 13.97
-14.88 13.97
-14.70 13.97
-14.70 13.97
-14.70 13.97
-14.51 13.97
-14.51 13.97
-14.51 13.97
-14.33 13.97
-14.33 13.97
-14.33 13.97
-14.88 14.15
-14.88 14.15
-14.88 14.15
-14.51 14.15
-14.51 14.15
-14.51 14.15
-13.97 14.15
-13.97 14.15
-13.97 14.15
-13.42 14.15
-13.42 14.15
-13.42 14.15
-14.88 14.33
-14.88 14.33
-14.88 14.33
-14.70 14.33
-14.70 14.33
-14.70 14.33
-14.51 14.33
-14.51 14.33
-14.51 14.33
-14.33 14.33
-14.33 14.33
-14.33 14.33
-13.78 14.33
-13.78 14.33
-13.78 14.33
-13.60 14.33
-13.60 14.33
-13.60 14.33
-13.42 14.33
-13.42 14.33
-13.42 14.33
-14.33 14.51
-14.33 14.51
-14.33 14.51
-14.15 14.51
-14.15 14.51
-14.15 14.51
-13.78 14.51
-13.78 14.51
-13.78 14.51
-13.60 14.51
-13.60 14.51
-13.60 14.51
-14.88 14.70
-14.88 14.70
-14.88 14.70
-14.51 14.70
-14.51 14.70
-14.51 14.70
-14.15 14.70
-14.15 14.70
-14.15 14.70
-13.60 14.70
-13.60 14.70
-13.60 14.70
-13.24 14.70
-13.24 14.70
-13.24 14.70
-13.05 14.70
-13.05 14.70
-13.05 14.70
-12.87 14.70
-12.87 14.70
-12.87 14.70
-5.93 14.70
-5.93 14.70
-5.93 14.70
-14.15 14.88
-14.15 14.88
-14.15 14.88
-13.97 14.88
-13.97 14.88
-13.97 14.88
-13.78 14.88
-13.78 14.88
-13.78 14.88
-13.42 14.88
-13.42 14.88
-13.42 14.88
-13.24 14.88
-13.24 14.88
-13.24 14.88
-12.69 14.88
-12.69 14.88
-12.69 14.88
-12.51 14.88
-12.51 14.88
-12.51 14.88
-6.30 14.88
-6.30 14.88
-6.30 14.88
-6.12 14.88
-6.12 14.88
-6.12 14.88
-5.93 14.88
-5.93 14.88
-5.93 14.88
-13.97 15.06
-13.97 15.06
-13.97 15.06
-12.87 15.06
-12.87 15.06
-12.87 15.06
-12.69 15.06
-12.69 15.06
-12.69 15.06
-5.93 15.06
-5.93 15.06
-5.93 15.06
-13.05 15.25
-13.05 15.25
-13.05 15.25
-12.51 15.25
-12.51 15.25
-12.51 15.25
-12.14 15.25
-12.14 15.25
-12.14 15.25
-5.75 15.25
-5.75 15.25
-5.75 15.25
-5.39 15.25
-5.39 15.25
-5.39 15.25
-12.87 15.43
-12.87 15.43
-12.87 15.43
-12.51 15.43
-12.51 15.43
-12.51 15.43
-12.32 15.43
-12.32 15.43
-12.32 15.43
-6.48 15.43
-6.48 15.43
-6.48 15.43
-6.12 15.43
-6.12 15.43
-6.12 15.43
-5.93 15.43
-5.93 15.43
-5.93 15.43
-5.75 15.43
-5.75 15.43
-5.75 15.43
-12.14 15.61
-12.14 15.61
-12.14 15.61
-11.96 15.61
-11.96 15.61
-11.96 15.61
-5.02 15.61
-5.02 15.61
-5.02 15.61
-12.32 15.79
-12.32 15.79
-12.32 15.79
-12.14 15.79
-12.14 15.79
-12.14 15.79
-5.39 15.79
-5.39 15.79
-5.39 15.79
-5.20 15.79
-5.20 15.79
-5.20 15.79
-5.02 15.79
-5.02 15.79
-5.02 15.79
-4.47 15.79
-4.47 15.79
-4.47 15.79
-4.29 15.79
-4.29 15.79
-4.29 15.79
-12.51 15.98
-12.51 15.98
-12.51 15.98
-4.66 15.98
-4.66 15.98
-4.66 15.98
-5.75 16.16
-5.75 16.16
-5.75 16.16
-5.57 16.16
-5.57 16.16
-5.57 16.16
-4.84 16.16
-4.84 16.16
-4.84 16.16
-4.66 16.16
-4.66 16.16
-4.66 16.16
-4.29 16.16
-4.29 16.16
-4.29 16.16
-5.75 16.34
-5.75 16.34
-5.75 16.34
-5.57 16.34
-5.57 16.34
-5.57 16.34
-5.39 16.34
-5.39 16.34
-5.39 16.34
-5.20 16.34
-5.20 16.34
-5.20 16.34
-5.02 16.34
-5.02 16.34
-5.02 16.34
-4.84 16.34
-4.84 16.34
-4.84 16.34
-4.66 16.34
-4.66 16.34
-4.66 16.34
-4.29 16.34
-4.29 16.34
-4.29 16.34
-5.57 16.52
-5.57 16.52
-5.57 16.52
-5.02 16.52
-5.02 16.52
-5.02 16.52
-4.66 16.71
-4.66 16.71
-4.66 16.71
-4.47 16.71
-4.47 16.71
-4.47 16.71
-4.84 16.89
-4.84 16.89
-4.84 16.89
-4.66 16.89
-4.66 16.89
-4.66 16.89
-4.47 16.89
-4.47 16.89
-4.47 16.89
-4.29 16.89
-4.29 16.89
-4.29 16.89
-4.11 16.89
-4.11 16.89
-4.11 16.89
-5.02 17.07
-5.02 17.07
-5.02 17.07
-4.84 17.07
-4.84 17.07
-4.84 17.07
-4.29 17.07
-4.29 17.07
-4.29 17.07
-4.11 17.07
-4.11 17.07
-4.11 17.07
-3.74 17.07
-3.74 17.07
-3.74 17.07
-3.56 17.07
-3.56 17.07
-3.56 17.07
-4.66 17.25
-4.66 17.25
-4.66 17.25
-4.47 17.25
-4.47 17.25
-4.47 17.25
-4.29 17.25
-4.29 17.25
-4.29 17.25
-3.74 17.25
-3.74 17.25
-3.74 17.25
-3.93 17.44
-3.93 17.44
-3.93 17.44
-3.74 17.44
-3.74 17.44
-3.74 17.44
-8.31 17.62
-8.31 17.62
-8.31 17.62
-7.58 17.62
-7.58 17.62
-7.58 17.62
-4.11 17.62
-4.11 17.62
-4.11 17.62
-3.93 17.62
-3.93 17.62
-3.93 17.62
-3.56 17.62
-3.56 17.62
-3.56 17.62
-3.38 17.62
-3.38 17.62
-3.38 17.62
-3.20 17.62
-3.20 17.62
-3.20 17.62
-8.12 17.80
-8.12 17.80
-8.12 17.80
-7.94 17.80
-7.94 17.80
-7.94 17.80
-7.76 17.80
-7.76 17.80
-7.76 17.80
-7.58 17.80
-7.58 17.80
-7.58 17.80
-4.84 17.80
-4.84 17.80
-4.84 17.80
-4.66 17.80
-4.66 17.80
-4.66 17.80
-4.47 17.80
-4.47 17.80
-4.47 17.80
-3.93 17.80
-3.93 17.80
-3.93 17.80
-3.74 17.80
-3.74 17.80
-3.74 17.80
-3.56 17.80
-3.56 17.80
-3.56 17.80
-3.38 17.80
-3.38 17.80
-3.38 17.80
-2.83 17.80
-2.83 17.80
-2.83 17.80
-8.12 17.98
-8.12 17.98
-8.12 17.98
-5.02 17.98
-5.02 17.98
-5.02 17.98
-4.84 17.98
-4.84 17.98
-4.84 17.98
-4.66 17.98
-4.66 17.98
-4.66 17.98
-4.47 17.98
-4.47 17.98
-4.47 17.98
-4.29 17.98
-4.29 17.98
-4.29 17.98
-3.74 17.98
-3.74 17.98
-3.74 17.98
-3.38 17.98
-3.38 17.98
-3.38 17.98
-3.20 17.98
-3.20 17.98
-3.20 17.98
-8.31 18.17
-8.31 18.17
-8.31 18.17
-8.12 18.17
-8.12 18.17
-8.12 18.17
-7.94 18.17
-7.94 18.17
-7.94 18.17
-7.76 18.17
-7.76 18.17
-7.76 18.17
-7.21 18.17
-7.21 18.17
-7.21 18.17
-7.03 18.17
-7.03 18.17
-7.03 18.17
-6.85 18.17
-6.85 18.17
-6.85 18.17
-4.11 18.17
-4.11 18.17
-4.11 18.17
-3.93 18.17
-3.93 18.17
-3.93 18.17
-3.56 18.17
-3.56 18.17
-3.56 18.17
-3.01 18.17
-3.01 18.17
-3.01 18.17
-2.83 18.17
-2.83 18.17
-2.83 18.17
-8.31 18.35
-8.31 18.35
-8.31 18.35
-8.12 18.35
-8.12 18.35
-8.12 18.35
-7.58 18.35
-7.58 18.35
-7.58 18.35
-7.21 18.35
-7.21 18.35
-7.21 18.35
-6.85 18.35
-6.85 18.35
-6.85 18.35
-4.29 18.35
-4.29 18.35
-4.29 18.35
-4.11 18.35
-4.11 18.35
-4.11 18.35
-3.93 18.35
-3.93 18.35
-3.93 18.35
-3.56 18.35
-3.56 18.35
-3.56 18.35
-3.38 18.35
-3.38 18.35
-3.38 18.35
-3.20 18.35
-3.20 18.35
-3.20 18.35
-3.01 18.35
-3.01 18.35
-3.01 18.35
-2.83 18.35
-2.83 18.35
-2.83 18.35
-2.65 18.35
-2.65 18.35
-2.65 18.35
-2.46 18.35
-2.46 18.35
-2.46 18.35
-2.28 18.35
-2.28 18.35
-2.28 18.35
-2.10 18.35
-2.10 18.35
-2.10 18.35
-1.92 18.35
-1.92 18.35
-1.92 18.35
-7.94 18.53
-7.94 18.53
-7.94 18.53
-7.76 18.53
-7.76 18.53
-7.76 18.53
-7.58 18.53
-7.58 18.53
-7.58 18.53
-7.21 18.53
-7.21 18.53
-7.21 18.53
-7.03 18.53
-7.03 18.53
-7.03 18.53
-4.29 18.53
-4.29 18.53
-4.29 18.53
-3.93 18.53
-3.93 18.53
-3.93 18.53
-3.74 18.53
-3.74 18.53
-3.74 18.53
-3.56 18.53
-3.56 18.53
-3.56 18.53
-2.65 18.53
-2.65 18.53
-2.65 18.53
-2.46 18.53
-2.46 18.53
-2.46 18.53
-2.28 18.53
-2.28 18.53
-2.28 18.53
-2.10 18.53
-2.10 18.53
-2.10 18.53
-8.31 18.71
-8.31 18.71
-8.31 18.71
-8.12 18.71
-8.12 18.71
-8.12 18.71
-7.94 18.71
-7.94 18.71
-7.94 18.71
-7.58 18.71
-7.58 18.71
-7.58 18.71
-7.21 18.71
-7.21 18.71
-7.21 18.71
-7.03 18.71
-7.03 18.71
-7.03 18.71
-4.29 18.71
-4.29 18.71
-4.29 18.71
-2.65 18.71
-2.65 18.71
-2.65 18.71
-2.46 18.71
-2.46 18.71
-2.46 18.71
-2.28 18.71
-2.28 18.71
-2.28 18.71
-2.10 18.71
-2.10 18.71
-2.10 18.71
-1.92 18.71
-1.92 18.71
-1.92 18.71
-8.12 18.90
-8.12 18.90
-8.12 18.90
-7.58 18.90
-7.58 18.90
-7.58 18.90
-7.21 18.90
-7.21 18.90
-7.21 18.90
-6.85 18.90
-6.85 18.90
-6.85 18.90
-6.30 18.90
-6.30 18.90
-6.30 18.90
-6.12 18.90
-6.12 18.90
-6.12 18.90
-4.29 18.90
-4.29 18.90
-4.29 18.90
-3.01 18.90
-3.01 18.90
-3.01 18.90
-2.83 18.90
-2.83 18.90
-2.83 18.90
-2.65 18.90
-2.65 18.90
-2.65 18.90
-2.10 18.90
-2.10 18.90
-2.10 18.90
-8.31 19.08
-8.31 19.08
-8.31 19.08
-7.94 19.08
-7.94 19.08
-7.94 19.08
-7.58 19.08
-7.58 19.08
-7.58 19.08
-6.66 19.08
-6.66 19.08
-6.66 19.08
-6.48 19.08
-6.48 19.08
-6.48 19.08
-6.30 19.08
-6.30 19.08
-6.30 19.08
-3.93 19.08
-3.93 19.08
-3.93 19.08
-3.56 19.08
-3.56 19.08
-3.56 19.08
-2.65 19.08
-2.65 19.08
-2.65 19.08
-8.12 19.26
-8.12 19.26
-8.12 19.26
-7.94 19.26
-7.94 19.26
-7.94 19.26
-7.21 19.26
-7.21 19.26
-7.21 19.26
-7.03 19.26
-7.03 19.26
-7.03 19.26
-6.66 19.26
-6.66 19.26
-6.66 19.26
-6.48 19.26
-6.48 19.26
-6.48 19.26
-6.12 19.26
-6.12 19.26
-6.12 19.26
-4.29 19.26
-4.29 19.26
-4.29 19.26
-2.46 19.26
-2.46 19.26
-2.46 19.26
-2.28 19.26
-2.28 19.26
-2.28 19.26
-2.10 19.26
-2.10 19.26
-2.10 19.26
-1.92 19.26
-1.92 19.26
-1.92 19.26
-8.49 19.44
-8.49 19.44
-8.49 19.44
-8.12 19.44
-8.12 19.44
-8.12 19.44
-7.94 19.44
-7.94 19.44
-7.94 19.44
-7.76 19.44
-7.76 19.44
-7.76 19.44
-7.39 19.44
-7.39 19.44
-7.39 19.44
-7.21 19.44
-7.21 19.44
-7.21 19.44
-7.03 19.44
-7.03 19.44
-7.03 19.44
-6.85 19.44
-6.85 19.44
-6.85 19.44
-6.66 19.44
-6.66 19.44
-6.66 19.44
-6.48 19.44
-6.48 19.44
-6.48 19.44
-6.12 19.44
-6.12 19.44
-6.12 19.44
-2.65 19.44
-2.65 19.44
-2.65 19.44
-2.46 19.44
-2.46 19.44
-2.46 19.44
-2.28 19.44
-2.28 19.44
-2.28 19.44
-1.92 19.44
-1.92 19.44
-1.92 19.44
-1.55 19.44
-1.55 19.44
-1.55 19.44
-1.37 19.44
-1.37 19.44
-1.37 19.44
-8.49 19.63
-8.49 19.63
-8.49 19.63
-8.12 19.63
-8.12 19.63
-8.12 19.63
-7.76 19.63
-7.76 19.63
-7.76 19.63
-7.58 19.63
-7.58 19.63
-7.58 19.63
-7.39 19.63
-7.39 19.63
-7.39 19.63
-6.85 19.63
-6.85 19.63
-6.85 19.63
-6.66 19.63
-6.66 19.63
-6.66 19.63
-6.48 19.63
-6.48 19.63
-6.48 19.63
-6.30 19.63
-6.30 19.63
-6.30 19.63
-6.12 19.63
-6.12 19.63
-6.12 19.63
-4.29 19.63
-4.29 19.63
-4.29 19.63
-3.93 19.63
-3.93 19.63
-3.93 19.63
-3.56 19.63
-3.56 19.63
-3.56 19.63
-2.65 19.63
-2.65 19.63
-2.65 19.63
-2.46 19.63
-2.46 19.63
-2.46 19.63
-1.92 19.63
-1.92 19.63
-1.92 19.63
-1.37 19.63
-1.37 19.63
-1.37 19.63
-1.19 19.63
-1.19 19.63
-1.19 19.63
-7.39 19.81
-7.39 19.81
-7.39 19.81
-6.66 19.81
-6.66 19.81
-6.66 19.81
-6.48 19.81
-6.48 19.81
-6.48 19.81
-6.30 19.81
-6.30 19.81
-6.30 19.81
-2.46 19.81
-2.46 19.81
-2.46 19.81
-1.92 19.81
-1.92 19.81
-1.92 19.81
-1.37 19.81
-1.37 19.81
-1.37 19.81
-1.19 19.81
-1.19 19.81
-1.19 19.81
-7.58 19.99
-7.58 19.99
-7.58 19.99
-7.21 19.99
-7.21 19.99
-7.21 19.99
-7.03 19.99
-7.03 19.99
-7.03 19.99
-6.85 19.99
-6.85 19.99
-6.85 19.99
-6.48 19.99
-6.48 19.99
-6.48 19.99
-6.12 19.99
-6.12 19.99
-6.12 19.99
-5.93 19.99
-5.93 19.99
-5.93 19.99
-2.65 19.99
-2.65 19.99
-2.65 19.99
-2.28 19.99
-2.28 19.99
-2.28 19.99
-2.10 19.99
-2.10 19.99
-2.10 19.99
-1.92 19.99
-1.92 19.99
-1.92 19.99
-1.73 19.99
-1.73 19.99
-1.73 19.99
-1.55 19.99
-1.55 19.99
-1.55 19.99
-1.37 19.99
-1.37 19.99
-1.37 19.99
-7.58 20.17
-7.58 20.17
-7.58 20.17
-7.39 20.17
-7.39 20.17
-7.39 20.17
-7.21 20.17
-7.21 20.17
-7.21 20.17
-6.48 20.17
-6.48 20.17
-6.48 20.17
-5.75 20.17
-5.75 20.17
-5.75 20.17
-5.57 20.17
-5.57 20.17
-5.57 20.17
-5.39 20.17
-5.39 20.17
-5.39 20.17
-2.65 20.17
-2.65 20.17
-2.65 20.17
-1.55 20.17
-1.55 20.17
-1.55 20.17
-1.19 20.17
-1.19 20.17
-1.19 20.17
-1.00 20.17
-1.00 20.17
-1.00 20.17
-0.82 20.17
-0.82 20.17
-0.82 20.17
-0.64 20.17
-0.64 20.17
-0.64 20.17
-6.85 20.36
-6.85 20.36
-6.85 20.36
-2.28 20.36
-2.28 20.36
-2.28 20.36
-1.92 20.36
-1.92 20.36
-1.92 20.36
-1.55 20.36
-1.55 20.36
-1.55 20.36
-1.19 20.36
-1.19 20.36
-1.19 20.36
-0.46 20.36
-0.46 20.36
-0.46 20.36
-6.66 20.54
-6.66 20.54
-6.66 20.54
-6.48 20.54
-6.48 20.54
-6.48 20.54
-6.30 20.54
-6.30 20.54
-6.30 20.54
-5.93 20.54
-5.93 20.54
-5.93 20.54
-2.65 20.54
-2.65 20.54
-2.65 20.54
-2.46 20.54
-2.46 20.54
-2.46 20.54
-1.92 20.54
-1.92 20.54
-1.92 20.54
-1.55 20.54
-1.55 20.54
-1.55 20.54
-1.37 20.54
-1.37 20.54
-1.37 20.54
-1.19 20.54
-1.19 20.54
-1.19 20.54
-0.82 20.54
-0.82 20.54
-0.82 20.54
-0.46 20.54
-0.46 20.54
-0.46 20.54
-6.66 20.72
-6.66 20.72
-6.66 20.72
-5.93 20.72
-5.93 20.72
-5.93 20.72
-5.57 20.72
-5.57 20.72
-5.57 20.72
-5.39 20.72
-5.39 20.72
-5.39 20.72
-1.92 20.72
-1.92 20.72
-1.92 20.72
-1.73 20.72
-1.73 20.72
-1.73 20.72
-0.46 20.72
-0.46 20.72
-0.46 20.72
-6.30 20.91
-6.30 20.91
-6.30 20.91
-6.12 20.91
-6.12 20.91
-6.12 20.91
-5.93 20.91
-5.93 20.91
-5.93 20.91
-1.19 20.91
-1.19 20.91
-1.19 20.91
-0.64 20.91
-0.64 20.91
-0.64 20.91
-6.85 21.09
-6.85 21.09
-6.85 21.09
-6.48 21.09
-6.48 21.09
-6.48 21.09
-6.30 21.09
-6.30 21.09
-6.30 21.09
-5.93 21.09
-5.93 21.09
-5.93 21.09
-5.57 21.09
-5.57 21.09
-5.57 21.09
-1.55 21.09
-1.55 21.09
-1.55 21.09
-1.37 21.09
-1.37 21.09
-1.37 21.09
-0.82 21.09
-0.82 21.09
-0.82 21.09
-0.46 21.09
-0.46 21.09
-0.46 21.09
-0.27 21.09
-0.27 21.09
-0.27 21.09
0.09 21.09
0.09 21.09
0.09 21.09
0.27 21.09
0.27 21.09
0.27 21.09
-6.66 21.27
-6.66 21.27
-6.66 21.27
-6.48 21.27
-6.48 21.27
-6.48 21.27
-5.93 21.27
-5.93 21.27
-5.93 21.27
-4.47 21.27
-4.47 21.27
-4.47 21.27
-1.92 21.27
-1.92 21.27
-1.92 21.27
-1.55 21.27
-1.55 21.27
-1.55 21.27
-1.37 21.27
-1.37 21.27
-1.37 21.27
-1.00 21.27
-1.00 21.27
-1.00 21.27
-0.82 21.27
-0.82 21.27
-0.82 21.27
-0.64 21.27
-0.64 21.27
-0.64 21.27
-0.46 21.27
-0.46 21.27
-0.46 21.27
-0.09 21.27
-0.09 21.27
-0.09 21.27
0.27 21.27
0.27 21.27
0.27 21.27
-6.12 21.45
-6.12 21.45
-6.12 21.45
-5.75 21.45
-5.75 21.45
-5.75 21.45
-5.57 21.45
-5.57 21.45
-5.57 21.45
-5.02 21.45
-5.02 21.45
-5.02 21.45
-1.92 21.45
-1.92 21.45
-1.92 21.45
-1.73 21.45
-1.73 21.45
-1.73 21.45
-1.55 21.45
-1.55 21.45
-1.55 21.45
-1.37 21.45
-1.37 21.45
-1.37 21.45
-1.19 21.45
-1.19 21.45
-1.19 21.45
-0.64 21.45
-0.64 21.45
-0.64 21.45
-0.46 21.45
-0.46 21.45
-0.46 21.45
-0.09 21.45
-0.09 21.45
-0.09 21.45
-6.12 21.64
-6.12 21.64
-6.12 21.64
-5.93 21.64
-5.93 21.64
-5.93 21.64
-5.75 21.64
-5.75 21.64
-5.75 21.64
-5.57 21.64
-5.57 21.64
-5.57 21.64
-5.20 21.64
-5.20 21.64
-5.20 21.64
-1.19 21.64
-1.19 21.64
-1.19 21.64
-0.82 21.64
-0.82 21.64
-0.82 21.64
-0.46 21.64
-0.46 21.64
-0.46 21.64
0.09 21.64
0.09 21.64
0.09 21.64
0.27 21.64
0.27 21.64
0.27 21.64
1.19 21.64
1.19 21.64
1.19 21.64
-5.93 21.82
-5.93 21.82
-5.93 21.82
-5.39 21.82
-5.39 21.82
-5.39 21.82
0.09 21.82
0.09 21.82
0.09 21.82
0.27 21.82
0.27 21.82
0.27 21.82
0.46 21.82
0.46 21.82
0.46 21.82
0.64 21.82
0.64 21.82
0.64 21.82
0.82 21.82
0.82 21.82
0.82 21.82
-6.12 22.00
-6.12 22.00
-6.12 22.00
-5.75 22.00
-5.75 22.00
-5.75 22.00
-5.39 22.00
-5.39 22.00
-5.39 22.00
-1.00 22.00
-1.00 22.00
-1.00 22.00
-0.64 22.00
-0.64 22.00
-0.64 22.00
-0.09 22.00
-0.09 22.00
-0.09 22.00
1.00 22.00
1.00 22.00
1.00 22.00
1.19 22.00
1.19 22.00
1.19 22.00
1.37 22.00
1.37 22.00
1.37 22.00
1.55 22.00
1.55 22.00
1.55 22.00
1.92 22.00
1.92 22.00
1.92 22.00
-4.29 22.18
-4.29 22.18
-4.29 22.18
-4.11 22.18
-4.11 22.18
-4.11 22.18
-3.93 22.18
-3.93 22.18
-3.93 22.18
-3.74 22.18
-3.74 22.18
-3.74 22.18
-1.19 22.18
-1.19 22.18
-1.19 22.18
-0.64 22.18
-0.64 22.18
-0.64 22.18
-0.27 22.18
-0.27 22.18
-0.27 22.18
-0.09 22.18
-0.09 22.18
-0.09 22.18
0.09 22.18
0.09 22.18
0.09 22.18
0.27 22.18
0.27 22.18
0.27 22.18
0.46 22.18
0.46 22.18
0.46 22.18
1.00 22.18
1.00 22.18
1.00 22.18
1.73 22.18
1.73 22.18
1.73 22.18
1.92 22.18
1.92 22.18
1.92 22.18
-4.47 22.37
-4.47 22.37
-4.47 22.37
-3.93 22.37
-3.93 22.37
-3.93 22.37
-3.74 22.37
-3.74 22.37
-3.74 22.37
-0.46 22.37
-0.46 22.37
-0.46 22.37
-0.27 22.37
-0.27 22.37
-0.27 22.37
0.27 22.37
0.27 22.37
0.27 22.37
0.46 22.37
0.46 22.37
0.46 22.37
0.82 22.37
0.82 22.37
0.82 22.37
-4.66 22.55
-4.66 22.55
-4.66 22.55
-4.29 22.55
-4.29 22.55
-4.29 22.55
-4.11 22.55
-4.11 22.55
-4.11 22.55
-3.93 22.55
-3.93 22.55
-3.93 22.55
-3.74 22.55
-3.74 22.55
-3.74 22.55
-1.19 22.55
-1.19 22.55
-1.19 22.55
0.09 22.55
0.09 22.55
0.09 22.55
1.55 22.55
1.55 22.55
1.55 22.55
1.92 22.55
1.92 22.55
1.92 22.55
-5.02 22.73
-5.02 22.73
-5.02 22.73
-4.66 22.73
-4.66 22.73
-4.66 22.73
-3.93 22.73
-3.93 22.73
-3.93 22.73
-0.27 22.73
-0.27 22.73
-0.27 22.73
-0.09 22.73
-0.09 22.73
-0.09 22.73
1.37 22.73
1.37 22.73
1.37 22.73
1.92 22.73
1.92 22.73
1.92 22.73
-4.47 22.91
-4.47 22.91
-4.47 22.91
-4.29 22.91
-4.29 22.91
-4.29 22.91
-3.56 22.91
-3.56 22.91
-3.56 22.91
-3.20 22.91
-3.20 22.91
-3.20 22.91
0.27 22.91
0.27 22.91
0.27 22.91
0.46 22.91
0.46 22.91
0.46 22.91
0.64 22.91
0.64 22.91
0.64 22.91
1.00 22.91
1.00 22.91
1.00 22.91
1.37 22.91
1.37 22.91
1.37 22.91
1.73 22.91
1.73 22.91
1.73 22.91
1.92 22.91
1.92 22.91
1.92 22.91
-4.29 23.10
-4.29 23.10
-4.29 23.10
-4.11 23.10
-4.11 23.10
-4.11 23.10
-3.93 23.10
-3.93 23.10
-3.93 23.10
-3.74 23.10
-3.74 23.10
-3.74 23.10
-0.46 23.10
-0.46 23.10
-0.46 23.10
-0.27 23.10
-0.27 23.10
-0.27 23.10
-0.09 23.10
-0.09 23.10
-0.09 23.10
0.09 23.10
0.09 23.10
0.09 23.10
1.37 23.10
1.37 23.10
1.37 23.10
1.73 23.10
1.73 23.10
1.73 23.10
-4.47 23.28
-4.47 23.28
-4.47 23.28
-3.20 23.28
-3.20 23.28
-3.20 23.28
-3.01 23.28
-3.01 23.28
-3.01 23.28
-0.46 23.28
-0.46 23.28
-0.46 23.28
0.09 23.28
0.09 23.28
0.09 23.28
0.27 23.28
0.27 23.28
0.27 23.28
0.46 23.28
0.46 23.28
0.46 23.28
0.64 23.28
0.64 23.28
0.64 23.28
1.73 23.28
1.73 23.28
1.73 23.28
-3.74 23.46
-3.74 23.46
-3.74 23.46
-3.56 23.46
-3.56 23.46
-3.56 23.46
-3.38 23.46
-3.38 23.46
-3.38 23.46
-0.46 23.46
-0.46 23.46
-0.46 23.46
0.09 23.46
0.09 23.46
0.09 23.46
0.27 23.46
0.27 23.46
0.27 23.46
0.46 23.46
0.46 23.46
0.46 23.46
0.82 23.46
0.82 23.46
0.82 23.46
1.00 23.46
1.00 23.46
1.00 23.46
1.19 23.46
1.19 23.46
1.19 23.46
1.55 23.46
1.55 23.46
1.55 23.46
1.73 23.46
1.73 23.46
1.73 23.46
-4.29 23.64
-4.29 23.64
-4.29 23.64
-4.11 23.64
-4.11 23.64
-4.11 23.64
-3.20 23.64
-3.20 23.64
-3.20 23.64
-3.01 23.64
-3.01 23.64
-3.01 23.64
-0.27 23.64
-0.27 23.64
-0.27 23.64
-0.09 23.64
-0.09 23.64
-0.09 23.64
0.09 23.64
0.09 23.64
0.09 23.64
0.64 23.64
0.64 23.64
0.64 23.64
0.82 23.64
0.82 23.64
0.82 23.64
1.00 23.64
1.00 23.64
1.00 23.64
1.19 23.64
1.19 23.64
1.19 23.64
1.55 23.64
1.55 23.64
1.55 23.64
1.73 23.64
1.73 23.64
1.73 23.64
1.00 23.83
1.00 23.83
1.00 23.83
1.19 23.83
1.19 23.83
1.19 23.83
1.55 23.83
1.55 23.83
1.55 23.83
-4.29 24.01
-4.29 24.01
-4.29 24.01
-3.38 24.01
-3.38 24.01
-3.38 24.01
-3.01 24.01
-3.01 24.01
-3.01 24.01
-2.83 24.01
-2.83 24.01
-2.83 24.01
-2.65 24.01
-2.65 24.01
-2.65 24.01
-2.28 24.01
-2.28 24.01
-2.28 24.01
0.46 24.01
0.46 24.01
0.46 24.01
0.64 24.01
0.64 24.01
0.64 24.01
1.00 24.01
1.00 24.01
1.00 24.01
1.19 24.01
1.19 24.01
1.19 24.01
1.55 24.01
1.55 24.01
1.55 24.01
-4.29 24.19
-4.29 24.19
-4.29 24.19
-3.74 24.19
-3.74 24.19
-3.74 24.19
-2.28 24.19
-2.28 24.19
-2.28 24.19
0.27 24.19
0.27 24.19
0.27 24.19
0.64 24.19
0.64 24.19
0.64 24.19
0.82 24.19
0.82 24.19
0.82 24.19
1.19 24.19
1.19 24.19
1.19 24.19
1.55 24.19
1.55 24.19
1.55 24.19
0.27 24.37
0.27 24.37
0.27 24.37
0.64 24.37
0.64 24.37
0.64 24.37
0.82 24.37
0.82 24.37
0.82 24.37
1.00 24.37
1.00 24.37
1.00 24.37
1.19 24.37
1.19 24.37
1.19 24.37
1.55 24.37
1.55 24.37
1.55 24.37
-3.74 24.56
-3.74 24.56
-3.74 24.56
-2.28 24.56
-2.28 24.56
-2.28 24.56
0.64 24.56
0.64 24.56
0.64 24.56
0.82 24.56
0.82 24.56
0.82 24.56
1.00 24.56
1.00 24.56
1.00 24.56
1.19 24.56
1.19 24.56
1.19 24.56
1.92 24.56
1.92 24.56
1.92 24.56
2.10 24.56
2.10 24.56
2.10 24.56
-2.46 24.74
-2.46 24.74
-2.46 24.74
-2.28 24.74
-2.28 24.74
-2.28 24.74
0.27 24.74
0.27 24.74
0.27 24.74
0.46 24.74
0.46 24.74
0.46 24.74
1.00 24.74
1.00 24.74
1.00 24.74
1.19 24.74
1.19 24.74
1.19 24.74
1.55 24.74
1.55 24.74
1.55 24.74
1.73 24.74
1.73 24.74
1.73 24.74
2.10 24.74
2.10 24.74
2.10 24.74
2.28 24.74
2.28 24.74
2.28 24.74
2.46 24.74
2.46 24.74
2.46 24.74
-3.74 24.92
-3.74 24.92
-3.74 24.92
-2.28 24.92
-2.28 24.92
-2.28 24.92
0.64 24.92
0.64 24.92
0.64 24.92
1.19 24.92
1.19 24.92
1.19 24.92
1.37 24.92
1.37 24.92
1.37 24.92
1.55 24.92
1.55 24.92
1.55 24.92
1.73 24.92
1.73 24.92
1.73 24.92
1.92 24.92
1.92 24.92
1.92 24.92
2.10 24.92
2.10 24.92
2.10 24.92
2.46 24.92
2.46 24.92
2.46 24.92
0.46 25.10
0.46 25.10
0.46 25.10
0.82 25.10
0.82 25.10
0.82 25.10
1.00 25.10
1.00 25.10
1.00 25.10
1.37 25.10
1.37 25.10
1.37 25.10
1.73 25.10
1.73 25.10
1.73 25.10
2.10 25.10
2.10 25.10
2.10 25.10
2.28 25.10
2.28 25.10
2.28 25.10
2.46 25.10
2.46 25.10
2.46 25.10
-3.56 25.29
-3.56 25.29
-3.56 25.29
-3.38 25.29
-3.38 25.29
-3.38 25.29
-3.20 25.29
-3.20 25.29
-3.20 25.29
-3.01 25.29
-3.01 25.29
-3.01 25.29
-2.83 25.29
-2.83 25.29
-2.83 25.29
-2.65 25.29
-2.65 25.29
-2.65 25.29
0.27 25.29
0.27 25.29
0.27 25.29
0.46 25.29
0.46 25.29
0.46 25.29
1.00 25.29
1.00 25.29
1.00 25.29
1.37 25.29
1.37 25.29
1.37 25.29
1.55 25.29
1.55 25.29
1.55 25.29
1.73 25.29
1.73 25.29
1.73 25.29
1.92 25.29
1.92 25.29
1.92 25.29
2.10 25.29
2.10 25.29
2.10 25.29
2.46 25.29
2.46 25.29
2.46 25.29
-3.74 25.47
-3.74 25.47
-3.74 25.47
-3.56 25.47
-3.56 25.47
-3.56 25.47
-3.38 25.47
-3.38 25.47
-3.38 25.47
-3.20 25.47
-3.20 25.47
-3.20 25.47
-3.01 25.47
-3.01 25.47
-3.01 25.47
-2.83 25.47
-2.83 25.47
-2.83 25.47
-1.92 25.47
-1.92 25.47
-1.92 25.47
1.19 25.47
1.19 25.47
1.19 25.47
2.28 25.47
2.28 25.47
2.28 25.47
2.46 25.47
2.46 25.47
2.46 25.47
-2.10 25.65
-2.10 25.65
-2.10 25.65
1.37 25.65
1.37 25.65
1.37 25.65
1.92 25.65
1.92 25.65
1.92 25.65
2.28 25.65
2.28 25.65
2.28 25.65
1.00 25.83
1.00 25.83
1.00 25.83
1.19 25.83
1.19 25.83
1.19 25.83
1.55 25.83
1.55 25.83
1.55 25.83
2.28 25.83
2.28 25.83
2.28 25.83
2.65 25.83
2.65 25.83
2.65 25.83
3.01 25.83
3.01 25.83
3.01 25.83
1.55 26.02
1.55 26.02
1.55 26.02
2.10 26.02
2.10 26.02
2.10 26.02
2.46 26.02
2.46 26.02
2.46 26.02
3.01 26.02
3.01 26.02
3.01 26.02
3.20 26.02
3.20 26.02
3.20 26.02
-0.82 26.20
-0.82 26.20
-0.82 26.20
1.92 26.20
1.92 26.20
1.92 26.20
2.46 26.20
2.46 26.20
2.46 26.20
2.65 26.20
2.65 26.20
2.65 26.20
-1.37 26.38
-1.37 26.38
-1.37 26.38
-1.19 26.38
-1.19 26.38
-1.19 26.38
-1.00 26.38
-1.00 26.38
-1.00 26.38
-0.82 26.38
-0.82 26.38
-0.82 26.38
-0.64 26.38
-0.64 26.38
-0.64 26.38
2.10 26.38
2.10 26.38
2.10 26.38
2.83 26.38
2.83 26.38
2.83 26.38
3.01 26.38
3.01 26.38
3.01 26.38
3.20 26.38
3.20 26.38
3.20 26.38
1.73 26.56
1.73 26.56
1.73 26.56
1.92 26.56
1.92 26.56
1.92 26.56
2.28 26.56
2.28 26.56
2.28 26.56
2.46 26.56
2.46 26.56
2.46 26.56
-1.19 26.75
-1.19 26.75
-1.19 26.75
-1.00 26.75
-1.00 26.75
-1.00 26.75
-0.82 26.75
-0.82 26.75
-0.82 26.75
1.73 26.75
1.73 26.75
1.73 26.75
2.10 26.75
2.10 26.75
2.10 26.75
2.46 26.75
2.46 26.75
2.46 26.75
2.65 26.75
2.65 26.75
2.65 26.75
3.01 26.75
3.01 26.75
3.01 26.75
-2.28 26.93
-2.28 26.93
-2.28 26.93
-1.92 26.93
-1.92 26.93
-1.92 26.93
-1.55 26.93
-1.55 26.93
-1.55 26.93
-1.37 26.93
-1.37 26.93
-1.37 26.93
-1.19 26.93
-1.19 26.93
-1.19 26.93
1.92 26.93
1.92 26.93
1.92 26.93
2.10 26.93
2.10 26.93
2.10 26.93
2.28 26.93
2.28 26.93
2.28 26.93
2.83 26.93
2.83 26.93
2.83 26.93
3.38 26.93
3.38 26.93
3.38 26.93
3.74 26.93
3.74 26.93
3.74 26.93
-1.73 27.11
-1.73 27.11
-1.73 27.11
-1.55 27.11
-1.55 27.11
-1.55 27.11
-1.37 27.11
-1.37 27.11
-1.37 27.11
1.73 27.11
1.73 27.11
1.73 27.11
2.10 27.11
2.10 27.11
2.10 27.11
2.83 27.11
2.83 27.11
2.83 27.11
3.01 27.11
3.01 27.11
3.01 27.11
3.38 27.11
3.38 27.11
3.38 27.11
3.93 27.11
3.93 27.11
3.93 27.11
-1.19 27.30
-1.19 27.30
-1.19 27.30
-0.82 27.30
-0.82 27.30
-0.82 27.30
2.65 27.30
2.65 27.30
2.65 27.30
3.20 27.30
3.20 27.30
3.20 27.30
3.38 27.30
3.38 27.30
3.38 27.30
3.74 27.30
3.74 27.30
3.74 27.30
-0.82 27.48
-0.82 27.48
-0.82 27.48
2.83 27.48
2.83 27.48
2.83 27.48
3.01 27.48
3.01 27.48
3.01 27.48
3.56 27.48
3.56 27.48
3.56 27.48
-1.37 27.66
-1.37 27.66
-1.37 27.66
2.83 27.66
2.83 27.66
2.83 27.66
3.38 27.66
3.38 27.66
3.38 27.66
3.93 27.66
3.93 27.66
3.93 27.66
2.46 27.84
2.46 27.84
2.46 27.84
2.65 27.84
2.65 27.84
2.65 27.84
2.83 27.84
2.83 27.84
2.83 27.84
3.38 27.84
3.38 27.84
3.38 27.84
3.56 27.84
3.56 27.84
3.56 27.84
3.74 27.84
3.74 27.84
3.74 27.84
2.46 28.03
2.46 28.03
2.46 28.03
3.01 28.03
3.01 28.03
3.01 28.03
3.20 28.03
3.20 28.03
3.20 28.03
3.93 28.03
3.93 28.03
3.93 28.03
4.11 28.03
4.11 28.03
4.11 28.03
4.29 28.03
4.29 28.03
4.29 28.03
4.47 28.03
4.47 28.03
4.47 28.03
4.84 28.03
4.84 28.03
4.84 28.03
2.65 28.21
2.65 28.21
2.65 28.21
4.11 28.21
4.11 28.21
4.11 28.21
4.47 28.21
4.47 28.21
4.47 28.21
4.66 28.21
4.66 28.21
4.66 28.21
3.38 28.39
3.38 28.39
3.38 28.39
3.56 28.39
3.56 28.39
3.56 28.39
3.74 28.39
3.74 28.39
3.74 28.39
3.93 28.39
3.93 28.39
3.93 28.39
4.29 28.39
4.29 28.39
4.29 28.39
4.47 28.39
4.47 28.39
4.47 28.39
4.84 28.39
4.84 28.39
4.84 28.39
3.38 28.57
3.38 28.57
3.38 28.57
3.56 28.57
3.56 28.57
3.56 28.57
3.74 28.57
3.74 28.57
3.74 28.57
3.93 28.57
3.93 28.57
3.93 28.57
4.11 28.57
4.11 28.57
4.11 28.57
4.47 28.57
4.47 28.57
4.47 28.57
4.66 28.57
4.66 28.57
4.66 28.57
3.38 28.76
3.38 28.76
3.38 28.76
3.74 28.76
3.74 28.76
3.74 28.76
4.29 28.76
4.29 28.76
4.29 28.76
4.47 28.76
4.47 28.76
4.47 28.76
3.93 28.94
3.93 28.94
3.93 28.94
4.47 28.94
4.47 28.94
4.47 28.94
4.66 28.94
4.66 28.94
4.66 28.94
4.11 29.12
4.11 29.12
4.11 29.12
4.29 29.12
4.29 29.12
4.29 29.12
4.66 29.12
4.66 29.12
4.66 29.12
4.11 29.30
4.11 29.30
4.11 29.30
