7.58 -49.57
7.58 -49.57
7.58 -49.57
7.76 -49.57
7.76 -49.57
7.76 -49.57
8.12 -49.57
8.12 -49.57
8.12 -49.57
7.76 -49.39
7.76 -49.39
7.76 -49.39
8.12 -49.39
8.12 -49.39
8.12 -49.39
8.31 -49.39
8.31 -49.39
8.31 -49.39
8.49 -49.39
8.49 -49.39
8.49 -49.39
8.67 -49.39
8.67 -49.39
8.67 -49.39
8.85 -49.39
8.85 -49.39
8.85 -49.39
7.39 -49.20
7.39 -49.20
7.39 -49.20
7.94 -49.20
7.94 -49.20
7.94 -49.20
8.31 -49.20
8.31 -49.20
8.31 -49.20
8.85 -49.20
8.85 -49.20
8.85 -49.20
7.58 -49.02
7.58 -49.02
7.58 -49.02
8.49 -49.02
8.49 -49.02
8.49 -49.02
8.67 -49.02
8.67 -49.02
8.67 -49.02
7.39 -48.84
7.39 -48.84
7.39 -48.84
7.58 -48.84
7.58 -48.84
7.58 -48.84
8.31 -48.84
8.31 -48.84
8.31 -48.84
8.49 -48.84
8.49 -48.84
8.49 -48.84
8.85 -48.84
8.85 -48.84
8.85 -48.84
8.67 -48.47
8.67 -48.47
8.67 -48.47
8.12 -48.29
8.12 -48.29
8.12 -48.29
8.31 -48.29
8.31 -48.29
8.31 -48.29
8.85 -48.29
8.85 -48.29
8.85 -48.29
9.22 -48.29
9.22 -48.29
9.22 -48.29
9.59 -48.29
9.59 -48.29
9.59 -48.29
9.40 -48.11
9.40 -48.11
9.40 -48.11
-1.19 -46.83
-1.19 -46.83
-1.19 -46.83
-0.82 -46.83
-0.82 -46.83
-0.82 -46.83
-0.64 -46.83
-0.64 -46.83
-0.64 -46.83
-1.19 -46.65
-1.19 -46.65
-1.19 -46.65
-0.82 -46.65
-0.82 -46.65
-0.82 -46.65
10.32 -44.09
10.32 -44.09
10.32 -44.09
10.50 -44.09
10.50 -44.09
10.50 -44.09
11.41 -44.09
11.41 -44.09
11.41 -44.09
2.65 -43.91
2.65 -43.91
2.65 -43.91
3.20 -43.91
3.20 -43.91
3.20 -43.91
10.86 -43.91
10.86 -43.91
10.86 -43.91
11.05 -43.91
11.05 -43.91
11.05 -43.91
11.41 -43.91
11.41 -43.91
11.41 -43.91
11.59 -43.91
11.59 -43.91
11.59 -43.91
2.65 -43.73
2.65 -43.73
2.65 -43.73
2.83 -43.73
2.83 -43.73
2.83 -43.73
3.01 -43.73
3.01 -43.73
3.01 -43.73
10.32 -43.73
10.32 -43.73
10.32 -43.73
10.50 -43.73
10.50 -43.73
10.50 -43.73
10.68 -43.73
10.68 -43.73
10.68 -43.73
10.86 -43.73
10.86 -43.73
10.86 -43.73
11.05 -43.73
11.05 -43.73
11.05 -43.73
11.23 -43.73
11.23 -43.73
11.23 -43.73
11.59 -43.73
11.59 -43.73
11.59 -43.73
2.83 -43.54
2.83 -43.54
2.83 -43.54
3.01 -43.54
3.01 -43.54
3.01 -43.54
3.20 -43.54
3.20 -43.54
3.20 -43.54
9.40 -43.54
9.40 -43.54
9.40 -43.54
9.59 -43.54
9.59 -43.54
9.59 -43.54
9.77 -43.54
9.77 -43.54
9.77 -43.54
9.95 -43.54
9.95 -43.54
9.95 -43.54
10.50 -43.54
10.50 -43.54
10.50 -43.54
10.68 -43.54
10.68 -43.54
10.68 -43.54
11.23 -43.54
11.23 -43.54
11.23 -43.54
11.41 -43.54
11.41 -43.54
11.41 -43.54
2.83 -43.36
2.83 -43.36
2.83 -43.36
3.01 -43.36
3.01 -43.36
3.01 -43.36
3.20 -43.36
3.20 -43.36
3.20 -43.36
9.95 -43.36
9.95 -43.36
9.95 -43.36
10.13 -43.36
10.13 -43.36
10.13 -43.36
10.50 -43.36
10.50 -43.36
10.50 -43.36
11.05 -43.36
11.05 -43.36
11.05 -43.36
11.23 -43.36
11.23 -43.36
11.23 -43.36
11.41 -43.36
11.41 -43.36
11.41 -43.36
11.59 -43.36
11.59 -43.36
11.59 -43.36
2.46 -43.18
2.46 -43.18
2.46 -43.18
9.59 -43.18
9.59 -43.18
9.59 -43.18
9.77 -43.18
9.77 -43.18
9.77 -43.18
10.13 -43.18
10.13 -43.18
10.13 -43.18
10.86 -43.18
10.86 -43.18
10.86 -43.18
9.40 -43.00
9.40 -43.00
9.40 -43.00
9.59 -43.00
9.59 -43.00
9.59 -43.00
9.77 -43.00
9.77 -43.00
9.77 -43.00
10.32 -43.00
10.32 -43.00
10.32 -43.00
10.86 -43.00
10.86 -43.00
10.86 -43.00
3.74 -42.81
3.74 -42.81
3.74 -42.81
3.93 -42.81
3.93 -42.81
3.93 -42.81
9.40 -42.81
9.40 -42.81
9.40 -42.81
9.59 -42.81
9.59 -42.81
9.59 -42.81
9.77 -42.81
9.77 -42.81
9.77 -42.81
10.13 -42.81
10.13 -42.81
10.13 -42.81
10.32 -42.81
10.32 -42.81
10.32 -42.81
10.50 -42.81
10.50 -42.81
10.50 -42.81
9.77 -42.63
9.77 -42.63
9.77 -42.63
3.38 -42.45
3.38 -42.45
3.38 -42.45
3.74 -42.45
3.74 -42.45
3.74 -42.45
9.40 -42.45
9.40 -42.45
9.40 -42.45
9.59 -42.45
9.59 -42.45
9.59 -42.45
9.77 -42.45
9.77 -42.45
9.77 -42.45
10.13 -42.45
10.13 -42.45
10.13 -42.45
3.20 -42.27
3.20 -42.27
3.20 -42.27
3.38 -42.27
3.38 -42.27
3.38 -42.27
3.56 -42.27
3.56 -42.27
3.56 -42.27
3.93 -42.27
3.93 -42.27
3.93 -42.27
10.32 -42.27
10.32 -42.27
10.32 -42.27
10.50 -42.27
10.50 -42.27
10.50 -42.27
3.38 -42.08
3.38 -42.08
3.38 -42.08
3.74 -42.08
3.74 -42.08
3.74 -42.08
3.93 -42.08
3.93 -42.08
3.93 -42.08
10.13 -42.08
10.13 -42.08
10.13 -42.08
3.38 -41.90
3.38 -41.90
3.38 -41.90
3.74 -41.90
3.74 -41.90
3.74 -41.90
10.32 -41.90
10.32 -41.90
10.32 -41.90
10.50 -41.90
10.50 -41.90
10.50 -41.90
3.93 -41.72
3.93 -41.72
3.93 -41.72
10.13 -41.72
10.13 -41.72
10.13 -41.72
10.50 -41.72
10.50 -41.72
10.50 -41.72
10.68 -41.72
10.68 -41.72
10.68 -41.72
3.20 -41.54
3.20 -41.54
3.20 -41.54
3.56 -41.54
3.56 -41.54
3.56 -41.54
3.93 -41.54
3.93 -41.54
3.93 -41.54
3.93 -41.35
3.93 -41.35
3.93 -41.35
3.20 -41.17
3.20 -41.17
3.20 -41.17
3.38 -41.17
3.38 -41.17
3.38 -41.17
3.56 -41.17
3.56 -41.17
3.56 -41.17
4.29 -41.17
4.29 -41.17
4.29 -41.17
4.47 -41.17
4.47 -41.17
4.47 -41.17
4.66 -41.17
4.66 -41.17
4.66 -41.17
3.20 -40.99
3.20 -40.99
3.20 -40.99
3.56 -40.99
3.56 -40.99
3.56 -40.99
3.74 -40.99
3.74 -40.99
3.74 -40.99
4.11 -40.99
4.11 -40.99
4.11 -40.99
4.29 -40.99
4.29 -40.99
4.29 -40.99
3.38 -40.81
3.38 -40.81
3.38 -40.81
3.56 -40.81
3.56 -40.81
3.56 -40.81
3.74 -40.81
3.74 -40.81
3.74 -40.81
4.29 -40.81
4.29 -40.81
4.29 -40.81
3.20 -40.62
3.20 -40.62
3.20 -40.62
3.38 -40.62
3.38 -40.62
3.38 -40.62
3.56 -40.62
3.56 -40.62
3.56 -40.62
3.74 -40.62
3.74 -40.62
3.74 -40.62
3.93 -40.62
3.93 -40.62
3.93 -40.62
4.29 -40.62
4.29 -40.62
4.29 -40.62
4.47 -40.62
4.47 -40.62
4.47 -40.62
4.84 -40.62
4.84 -40.62
4.84 -40.62
5.20 -40.62
5.20 -40.62
5.20 -40.62
4.84 -40.44
4.84 -40.44
4.84 -40.44
5.02 -40.44
5.02 -40.44
5.02 -40.44
5.39 -40.44
5.39 -40.44
5.39 -40.44
3.20 -40.26
3.20 -40.26
3.20 -40.26
3.38 -40.26
3.38 -40.26
3.38 -40.26
4.84 -40.26
4.84 -40.26
4.84 -40.26
5.39 -40.26
5.39 -40.26
5.39 -40.26
3.56 -40.08
3.56 -40.08
3.56 -40.08
3.74 -40.08
3.74 -40.08
3.74 -40.08
3.93 -40.08
3.93 -40.08
3.93 -40.08
3.20 -39.89
3.20 -39.89
3.20 -39.89
3.56 -39.89
3.56 -39.89
3.56 -39.89
4.29 -39.89
4.29 -39.89
4.29 -39.89
4.84 -39.89
4.84 -39.89
4.84 -39.89
5.20 -39.89
5.20 -39.89
5.20 -39.89
5.39 -39.89
5.39 -39.89
5.39 -39.89
7.21 -39.89
7.21 -39.89
7.21 -39.89
3.74 -39.71
3.74 -39.71
3.74 -39.71
4.84 -39.71
4.84 -39.71
4.84 -39.71
7.39 -39.71
7.39 -39.71
7.39 -39.71
7.58 -39.71
7.58 -39.71
7.58 -39.71
7.76 -39.71
7.76 -39.71
7.76 -39.71
7.94 -39.71
7.94 -39.71
7.94 -39.71
3.38 -39.53
3.38 -39.53
3.38 -39.53
3.56 -39.53
3.56 -39.53
3.56 -39.53
3.93 -39.53
3.93 -39.53
3.93 -39.53
4.84 -39.53
4.84 -39.53
4.84 -39.53
5.20 -39.53
5.20 -39.53
5.20 -39.53
7.03 -39.53
7.03 -39.53
7.03 -39.53
7.21 -39.53
7.21 -39.53
7.21 -39.53
7.76 -39.53
7.76 -39.53
7.76 -39.53
7.94 -39.53
7.94 -39.53
7.94 -39.53
8.12 -39.53
8.12 -39.53
8.12 -39.53
4.11 -39.35
4.11 -39.35
4.11 -39.35
4.29 -39.35
4.29 -39.35
4.29 -39.35
4.47 -39.35
4.47 -39.35
4.47 -39.35
5.02 -39.35
5.02 -39.35
5.02 -39.35
5.20 -39.35
5.20 -39.35
5.20 -39.35
5.39 -39.35
5.39 -39.35
5.39 -39.35
7.03 -39.35
7.03 -39.35
7.03 -39.35
7.21 -39.35
7.21 -39.35
7.21 -39.35
7.39 -39.35
7.39 -39.35
7.39 -39.35
7.58 -39.35
7.58 -39.35
7.58 -39.35
7.76 -39.35
7.76 -39.35
7.76 -39.35
8.31 -39.35
8.31 -39.35
8.31 -39.35
4.11 -39.16
4.11 -39.16
4.11 -39.16
4.47 -39.16
4.47 -39.16
4.47 -39.16
4.66 -39.16
4.66 -39.16
4.66 -39.16
5.02 -39.16
5.02 -39.16
5.02 -39.16
5.39 -39.16
5.39 -39.16
5.39 -39.16
5.75 -39.16
5.75 -39.16
5.75 -39.16
6.30 -39.16
6.30 -39.16
6.30 -39.16
6.48 -39.16
6.48 -39.16
6.48 -39.16
6.85 -39.16
6.85 -39.16
6.85 -39.16
7.03 -39.16
7.03 -39.16
7.03 -39.16
7.39 -39.16
7.39 -39.16
7.39 -39.16
3.93 -38.98
3.93 -38.98
3.93 -38.98
4.47 -38.98
4.47 -38.98
4.47 -38.98
4.66 -38.98
4.66 -38.98
4.66 -38.98
4.84 -38.98
4.84 -38.98
4.84 -38.98
5.20 -38.98
5.20 -38.98
5.20 -38.98
5.75 -38.98
5.75 -38.98
5.75 -38.98
6.12 -38.98
6.12 -38.98
6.12 -38.98
6.85 -38.98
6.85 -38.98
6.85 -38.98
7.03 -38.98
7.03 -38.98
7.03 -38.98
7.39 -38.98
7.39 -38.98
7.39 -38.98
8.12 -38.98
8.12 -38.98
8.12 -38.98
8.31 -38.98
8.31 -38.98
8.31 -38.98
8.67 -38.98
8.67 -38.98
8.67 -38.98
3.20 -38.80
3.20 -38.80
3.20 -38.80
3.56 -38.80
3.56 -38.80
3.56 -38.80
3.74 -38.80
3.74 -38.80
3.74 -38.80
4.11 -38.80
4.11 -38.80
4.11 -38.80
4.29 -38.80
4.29 -38.80
4.29 -38.80
4.84 -38.80
4.84 -38.80
4.84 -38.80
5.20 -38.80
5.20 -38.80
5.20 -38.80
5.57 -38.80
5.57 -38.80
5.57 -38.80
5.93 -38.80
5.93 -38.80
5.93 -38.80
6.12 -38.80
6.12 -38.80
6.12 -38.80
6.66 -38.80
6.66 -38.80
6.66 -38.80
7.03 -38.80
7.03 -38.80
7.03 -38.80
7.76 -38.80
7.76 -38.80
7.76 -38.80
8.31 -38.80
8.31 -38.80
8.31 -38.80
8.85 -38.80
8.85 -38.80
8.85 -38.80
9.40 -38.80
9.40 -38.80
9.40 -38.80
9.59 -38.80
9.59 -38.80
9.59 -38.80
3.20 -38.61
3.20 -38.61
3.20 -38.61
3.38 -38.61
3.38 -38.61
3.38 -38.61
3.93 -38.61
3.93 -38.61
3.93 -38.61
4.11 -38.61
4.11 -38.61
4.11 -38.61
4.29 -38.61
4.29 -38.61
4.29 -38.61
4.84 -38.61
4.84 -38.61
4.84 -38.61
5.02 -38.61
5.02 -38.61
5.02 -38.61
5.20 -38.61
5.20 -38.61
5.20 -38.61
5.39 -38.61
5.39 -38.61
5.39 -38.61
5.75 -38.61
5.75 -38.61
5.75 -38.61
6.30 -38.61
6.30 -38.61
6.30 -38.61
6.48 -38.61
6.48 -38.61
6.48 -38.61
6.66 -38.61
6.66 -38.61
6.66 -38.61
6.85 -38.61
6.85 -38.61
6.85 -38.61
8.49 -38.61
8.49 -38.61
8.49 -38.61
9.22 -38.61
9.22 -38.61
9.22 -38.61
9.40 -38.61
9.40 -38.61
9.40 -38.61
3.20 -38.43
3.20 -38.43
3.20 -38.43
3.56 -38.43
3.56 -38.43
3.56 -38.43
3.74 -38.43
3.74 -38.43
3.74 -38.43
3.93 -38.43
3.93 -38.43
3.93 -38.43
4.66 -38.43
4.66 -38.43
4.66 -38.43
5.20 -38.43
5.20 -38.43
5.20 -38.43
5.57 -38.43
5.57 -38.43
5.57 -38.43
5.75 -38.43
5.75 -38.43
5.75 -38.43
6.48 -38.43
6.48 -38.43
6.48 -38.43
6.66 -38.43
6.66 -38.43
6.66 -38.43
9.04 -38.43
9.04 -38.43
9.04 -38.43
9.59 -38.43
9.59 -38.43
9.59 -38.43
3.20 -38.25
3.20 -38.25
3.20 -38.25
3.56 -38.25
3.56 -38.25
3.56 -38.25
4.29 -38.25
4.29 -38.25
4.29 -38.25
4.47 -38.25
4.47 -38.25
4.47 -38.25
4.66 -38.25
4.66 -38.25
4.66 -38.25
5.02 -38.25
5.02 -38.25
5.02 -38.25
5.57 -38.25
5.57 -38.25
5.57 -38.25
5.75 -38.25
5.75 -38.25
5.75 -38.25
5.93 -38.25
5.93 -38.25
5.93 -38.25
6.12 -38.25
6.12 -38.25
6.12 -38.25
6.66 -38.25
6.66 -38.25
6.66 -38.25
8.12 -38.25
8.12 -38.25
8.12 -38.25
8.31 -38.25
8.31 -38.25
8.31 -38.25
8.67 -38.25
8.67 -38.25
8.67 -38.25
8.85 -38.25
8.85 -38.25
8.85 -38.25
9.22 -38.25
9.22 -38.25
9.22 -38.25
3.01 -38.07
3.01 -38.07
3.01 -38.07
3.38 -38.07
3.38 -38.07
3.38 -38.07
4.29 -38.07
4.29 -38.07
4.29 -38.07
4.84 -38.07
4.84 -38.07
4.84 -38.07
5.02 -38.07
5.02 -38.07
5.02 -38.07
5.20 -38.07
5.20 -38.07
5.20 -38.07
5.39 -38.07
5.39 -38.07
5.39 -38.07
5.57 -38.07
5.57 -38.07
5.57 -38.07
6.12 -38.07
6.12 -38.07
6.12 -38.07
6.48 -38.07
6.48 -38.07
6.48 -38.07
8.31 -38.07
8.31 -38.07
8.31 -38.07
8.67 -38.07
8.67 -38.07
8.67 -38.07
3.56 -37.88
3.56 -37.88
3.56 -37.88
3.74 -37.88
3.74 -37.88
3.74 -37.88
3.93 -37.88
3.93 -37.88
3.93 -37.88
5.39 -37.88
5.39 -37.88
5.39 -37.88
5.57 -37.88
5.57 -37.88
5.57 -37.88
5.75 -37.88
5.75 -37.88
5.75 -37.88
5.93 -37.88
5.93 -37.88
5.93 -37.88
6.30 -37.88
6.30 -37.88
6.30 -37.88
6.48 -37.88
6.48 -37.88
6.48 -37.88
8.31 -37.88
8.31 -37.88
8.31 -37.88
3.20 -37.70
3.20 -37.70
3.20 -37.70
3.38 -37.70
3.38 -37.70
3.38 -37.70
3.56 -37.70
3.56 -37.70
3.56 -37.70
3.93 -37.70
3.93 -37.70
3.93 -37.70
4.11 -37.70
4.11 -37.70
4.11 -37.70
4.66 -37.70
4.66 -37.70
4.66 -37.70
4.84 -37.70
4.84 -37.70
4.84 -37.70
5.02 -37.70
5.02 -37.70
5.02 -37.70
5.20 -37.70
5.20 -37.70
5.20 -37.70
7.03 -37.70
7.03 -37.70
7.03 -37.70
7.21 -37.70
7.21 -37.70
7.21 -37.70
7.39 -37.70
7.39 -37.70
7.39 -37.70
7.58 -37.70
7.58 -37.70
7.58 -37.70
7.76 -37.70
7.76 -37.70
7.76 -37.70
7.94 -37.70
7.94 -37.70
7.94 -37.70
8.12 -37.70
8.12 -37.70
8.12 -37.70
3.93 -37.52
3.93 -37.52
3.93 -37.52
6.30 -37.52
6.30 -37.52
6.30 -37.52
6.48 -37.52
6.48 -37.52
6.48 -37.52
6.66 -37.52
6.66 -37.52
6.66 -37.52
6.85 -37.52
6.85 -37.52
6.85 -37.52
7.03 -37.52
7.03 -37.52
7.03 -37.52
7.21 -37.52
7.21 -37.52
7.21 -37.52
7.39 -37.52
7.39 -37.52
7.39 -37.52
7.58 -37.52
7.58 -37.52
7.58 -37.52
7.76 -37.52
7.76 -37.52
7.76 -37.52
7.94 -37.52
7.94 -37.52
7.94 -37.52
8.12 -37.52
8.12 -37.52
8.12 -37.52
8.31 -37.52
8.31 -37.52
8.31 -37.52
4.29 -37.34
4.29 -37.34
4.29 -37.34
6.12 -37.34
6.12 -37.34
6.12 -37.34
8.12 -37.34
8.12 -37.34
8.12 -37.34
3.74 -37.15
3.74 -37.15
3.74 -37.15
4.11 -37.15
4.11 -37.15
4.11 -37.15
4.29 -37.15
4.29 -37.15
4.29 -37.15
7.94 -37.15
7.94 -37.15
7.94 -37.15
8.31 -37.15
8.31 -37.15
8.31 -37.15
7.03 -36.97
7.03 -36.97
7.03 -36.97
7.21 -36.97
7.21 -36.97
7.21 -36.97
8.12 -36.97
8.12 -36.97
8.12 -36.97
6.85 -36.79
6.85 -36.79
6.85 -36.79
7.03 -36.79
7.03 -36.79
7.03 -36.79
7.76 -36.79
7.76 -36.79
7.76 -36.79
8.12 -36.79
8.12 -36.79
8.12 -36.79
8.31 -36.79
8.31 -36.79
8.31 -36.79
6.85 -36.61
6.85 -36.61
6.85 -36.61
7.21 -36.61
7.21 -36.61
7.21 -36.61
7.39 -36.61
7.39 -36.61
7.39 -36.61
7.58 -36.61
7.58 -36.61
7.58 -36.61
7.76 -36.61
7.76 -36.61
7.76 -36.61
8.31 -36.61
8.31 -36.61
8.31 -36.61
6.85 -36.42
6.85 -36.42
6.85 -36.42
7.94 -36.42
7.94 -36.42
7.94 -36.42
8.31 -36.42
8.31 -36.42
8.31 -36.42
7.39 -36.24
7.39 -36.24
7.39 -36.24
7.58 -36.24
7.58 -36.24
7.58 -36.24
7.03 -36.06
7.03 -36.06
7.03 -36.06
7.03 -35.88
7.03 -35.88
7.03 -35.88
-1.00 -35.69
-1.00 -35.69
-1.00 -35.69
6.85 -35.69
6.85 -35.69
6.85 -35.69
7.03 -35.69
7.03 -35.69
7.03 -35.69
7.39 -35.69
7.39 -35.69
7.39 -35.69
-1.73 -35.33
-1.73 -35.33
-1.73 -35.33
-1.37 -35.33
-1.37 -35.33
-1.37 -35.33
-0.82 -35.33
-0.82 -35.33
-0.82 -35.33
-0.64 -35.33
-0.64 -35.33
-0.64 -35.33
-0.46 -35.33
-0.46 -35.33
-0.46 -35.33
-0.27 -35.33
-0.27 -35.33
-0.27 -35.33
-1.73 -35.15
-1.73 -35.15
-1.73 -35.15
-1.55 -35.15
-1.55 -35.15
-1.55 -35.15
-1.37 -35.15
-1.37 -35.15
-1.37 -35.15
-1.00 -35.15
-1.00 -35.15
-1.00 -35.15
-0.46 -35.15
-0.46 -35.15
-0.46 -35.15
-0.09 -35.15
-0.09 -35.15
-0.09 -35.15
0.09 -35.15
0.09 -35.15
0.09 -35.15
0.27 -35.15
0.27 -35.15
0.27 -35.15
0.46 -35.15
0.46 -35.15
0.46 -35.15
-1.00 -34.96
-1.00 -34.96
-1.00 -34.96
-0.64 -34.96
-0.64 -34.96
-0.64 -34.96
-0.09 -34.96
-0.09 -34.96
-0.09 -34.96
-0.82 -34.78
-0.82 -34.78
-0.82 -34.78
-0.27 -34.78
-0.27 -34.78
-0.27 -34.78
-0.09 -34.78
-0.09 -34.78
-0.09 -34.78
-1.19 -34.60
-1.19 -34.60
-1.19 -34.60
-1.00 -34.60
-1.00 -34.60
-1.00 -34.60
-0.64 -34.60
-0.64 -34.60
-0.64 -34.60
-0.46 -34.60
-0.46 -34.60
-0.46 -34.60
0.46 -34.60
0.46 -34.60
0.46 -34.60
2.10 -34.60
2.10 -34.60
2.10 -34.60
2.46 -34.60
2.46 -34.60
2.46 -34.60
2.65 -34.60
2.65 -34.60
2.65 -34.60
2.83 -34.60
2.83 -34.60
2.83 -34.60
3.01 -34.60
3.01 -34.60
3.01 -34.60
3.20 -34.60
3.20 -34.60
3.20 -34.60
-0.82 -34.42
-0.82 -34.42
-0.82 -34.42
-0.27 -34.42
-0.27 -34.42
-0.27 -34.42
0.09 -34.42
0.09 -34.42
0.09 -34.42
2.10 -34.42
2.10 -34.42
2.10 -34.42
2.46 -34.42
2.46 -34.42
2.46 -34.42
2.65 -34.42
2.65 -34.42
2.65 -34.42
3.20 -34.42
3.20 -34.42
3.20 -34.42
3.38 -34.42
3.38 -34.42
3.38 -34.42
3.56 -34.42
3.56 -34.42
3.56 -34.42
3.74 -34.42
3.74 -34.42
3.74 -34.42
4.11 -34.42
4.11 -34.42
4.11 -34.42
4.29 -34.42
4.29 -34.42
4.29 -34.42
-0.82 -34.23
-0.82 -34.23
-0.82 -34.23
-0.64 -34.23
-0.64 -34.23
-0.64 -34.23
-0.27 -34.23
-0.27 -34.23
-0.27 -34.23
-0.09 -34.23
-0.09 -34.23
-0.09 -34.23
0.27 -34.23
0.27 -34.23
0.27 -34.23
0.46 -34.23
0.46 -34.23
0.46 -34.23
2.10 -34.23
2.10 -34.23
2.10 -34.23
3.38 -34.23
3.38 -34.23
3.38 -34.23
3.56 -34.23
3.56 -34.23
3.56 -34.23
3.74 -34.23
3.74 -34.23
3.74 -34.23
3.93 -34.23
3.93 -34.23
3.93 -34.23
4.11 -34.23
4.11 -34.23
4.11 -34.23
4.29 -34.23
4.29 -34.23
4.29 -34.23
-0.82 -34.05
-0.82 -34.05
-0.82 -34.05
-0.46 -34.05
-0.46 -34.05
-0.46 -34.05
-0.09 -34.05
-0.09 -34.05
-0.09 -34.05
0.09 -34.05
0.09 -34.05
0.09 -34.05
0.82 -34.05
0.82 -34.05
0.82 -34.05
1.00 -34.05
1.00 -34.05
1.00 -34.05
1.55 -34.05
1.55 -34.05
1.55 -34.05
1.73 -34.05
1.73 -34.05
1.73 -34.05
2.28 -34.05
2.28 -34.05
2.28 -34.05
2.46 -34.05
2.46 -34.05
2.46 -34.05
3.20 -34.05
3.20 -34.05
3.20 -34.05
3.38 -34.05
3.38 -34.05
3.38 -34.05
3.56 -34.05
3.56 -34.05
3.56 -34.05
-0.64 -33.87
-0.64 -33.87
-0.64 -33.87
-0.09 -33.87
-0.09 -33.87
-0.09 -33.87
0.27 -33.87
0.27 -33.87
0.27 -33.87
0.64 -33.87
0.64 -33.87
0.64 -33.87
1.19 -33.87
1.19 -33.87
1.19 -33.87
1.37 -33.87
1.37 -33.87
1.37 -33.87
2.83 -33.87
2.83 -33.87
2.83 -33.87
3.01 -33.87
3.01 -33.87
3.01 -33.87
3.20 -33.87
3.20 -33.87
3.20 -33.87
3.38 -33.87
3.38 -33.87
3.38 -33.87
3.56 -33.87
3.56 -33.87
3.56 -33.87
-1.00 -33.69
-1.00 -33.69
-1.00 -33.69
-0.09 -33.69
-0.09 -33.69
-0.09 -33.69
0.27 -33.69
0.27 -33.69
0.27 -33.69
0.46 -33.69
0.46 -33.69
0.46 -33.69
0.82 -33.69
0.82 -33.69
0.82 -33.69
1.00 -33.69
1.00 -33.69
1.00 -33.69
1.37 -33.69
1.37 -33.69
1.37 -33.69
3.01 -33.69
3.01 -33.69
3.01 -33.69
3.20 -33.69
3.20 -33.69
3.20 -33.69
3.38 -33.69
3.38 -33.69
3.38 -33.69
3.56 -33.69
3.56 -33.69
3.56 -33.69
-0.46 -33.50
-0.46 -33.50
-0.46 -33.50
-0.09 -33.50
-0.09 -33.50
-0.09 -33.50
0.09 -33.50
0.09 -33.50
0.09 -33.50
0.46 -33.50
0.46 -33.50
0.46 -33.50
0.64 -33.50
0.64 -33.50
0.64 -33.50
1.19 -33.50
1.19 -33.50
1.19 -33.50
3.01 -33.50
3.01 -33.50
3.01 -33.50
3.20 -33.50
3.20 -33.50
3.20 -33.50
3.38 -33.50
3.38 -33.50
3.38 -33.50
3.56 -33.50
3.56 -33.50
3.56 -33.50
-1.73 -33.32
-1.73 -33.32
-1.73 -33.32
-1.19 -33.32
-1.19 -33.32
-1.19 -33.32
-1.00 -33.32
-1.00 -33.32
-1.00 -33.32
-0.82 -33.32
-0.82 -33.32
-0.82 -33.32
-0.64 -33.32
-0.64 -33.32
-0.64 -33.32
-0.46 -33.32
-0.46 -33.32
-0.46 -33.32
0.09 -33.32
0.09 -33.32
0.09 -33.32
0.27 -33.32
0.27 -33.32
0.27 -33.32
1.19 -33.32
1.19 -33.32
1.19 -33.32
1.37 -33.32
1.37 -33.32
1.37 -33.32
1.55 -33.32
1.55 -33.32
1.55 -33.32
1.73 -33.32
1.73 -33.32
1.73 -33.32
2.28 -33.32
2.28 -33.32
2.28 -33.32
2.46 -33.32
2.46 -33.32
2.46 -33.32
2.65 -33.32
2.65 -33.32
2.65 -33.32
2.83 -33.32
2.83 -33.32
2.83 -33.32
3.01 -33.32
3.01 -33.32
3.01 -33.32
-1.92 -33.14
-1.92 -33.14
-1.92 -33.14
-1.73 -33.14
-1.73 -33.14
-1.73 -33.14
-1.37 -33.14
-1.37 -33.14
-1.37 -33.14
-1.19 -33.14
-1.19 -33.14
-1.19 -33.14
-0.27 -33.14
-0.27 -33.14
-0.27 -33.14
2.10 -33.14
2.10 -33.14
2.10 -33.14
2.28 -33.14
2.28 -33.14
2.28 -33.14
2.46 -33.14
2.46 -33.14
2.46 -33.14
-1.73 -32.96
-1.73 -32.96
-1.73 -32.96
-1.37 -32.96
-1.37 -32.96
-1.37 -32.96
-0.82 -32.96
-0.82 -32.96
-0.82 -32.96
1.37 -32.96
1.37 -32.96
1.37 -32.96
1.55 -32.96
1.55 -32.96
1.55 -32.96
1.73 -32.96
1.73 -32.96
1.73 -32.96
2.10 -32.96
2.10 -32.96
2.10 -32.96
-1.73 -32.77
-1.73 -32.77
-1.73 -32.77
-0.46 -32.77
-0.46 -32.77
-0.46 -32.77
1.55 -32.77
1.55 -32.77
1.55 -32.77
1.73 -32.77
1.73 -32.77
1.73 -32.77
1.92 -32.77
1.92 -32.77
1.92 -32.77
2.28 -32.77
2.28 -32.77
2.28 -32.77
2.46 -32.77
2.46 -32.77
2.46 -32.77
2.83 -32.77
2.83 -32.77
2.83 -32.77
-1.92 -32.59
-1.92 -32.59
-1.92 -32.59
-1.55 -32.59
-1.55 -32.59
-1.55 -32.59
-1.37 -32.59
-1.37 -32.59
-1.37 -32.59
-1.19 -32.59
-1.19 -32.59
-1.19 -32.59
-1.00 -32.59
-1.00 -32.59
-1.00 -32.59
-0.82 -32.59
-0.82 -32.59
-0.82 -32.59
-0.64 -32.59
-0.64 -32.59
-0.64 -32.59
1.92 -32.59
1.92 -32.59
1.92 -32.59
3.20 -32.59
3.20 -32.59
3.20 -32.59
3.38 -32.59
3.38 -32.59
3.38 -32.59
-2.65 -32.41
-2.65 -32.41
-2.65 -32.41
-2.46 -32.41
-2.46 -32.41
-2.46 -32.41
-2.10 -32.41
-2.10 -32.41
-2.10 -32.41
-1.92 -32.41
-1.92 -32.41
-1.92 -32.41
-1.55 -32.41
-1.55 -32.41
-1.55 -32.41
-1.37 -32.41
-1.37 -32.41
-1.37 -32.41
-1.19 -32.41
-1.19 -32.41
-1.19 -32.41
-1.00 -32.41
-1.00 -32.41
-1.00 -32.41
-0.82 -32.41
-0.82 -32.41
-0.82 -32.41
-0.64 -32.41
-0.64 -32.41
-0.64 -32.41
1.55 -32.41
1.55 -32.41
1.55 -32.41
1.92 -32.41
1.92 -32.41
1.92 -32.41
2.10 -32.41
2.10 -32.41
2.10 -32.41
2.28 -32.41
2.28 -32.41
2.28 -32.41
2.65 -32.41
2.65 -32.41
2.65 -32.41
2.83 -32.41
2.83 -32.41
2.83 -32.41
-2.65 -32.22
-2.65 -32.22
-2.65 -32.22
-2.28 -32.22
-2.28 -32.22
-2.28 -32.22
-1.73 -32.22
-1.73 -32.22
-1.73 -32.22
-1.55 -32.22
-1.55 -32.22
-1.55 -32.22
-1.00 -32.22
-1.00 -32.22
-1.00 -32.22
-0.27 -32.22
-0.27 -32.22
-0.27 -32.22
-0.09 -32.22
-0.09 -32.22
-0.09 -32.22
0.27 -32.22
0.27 -32.22
0.27 -32.22
0.46 -32.22
0.46 -32.22
0.46 -32.22
0.82 -32.22
0.82 -32.22
0.82 -32.22
1.00 -32.22
1.00 -32.22
1.00 -32.22
1.37 -32.22
1.37 -32.22
1.37 -32.22
1.55 -32.22
1.55 -32.22
1.55 -32.22
1.73 -32.22
1.73 -32.22
1.73 -32.22
1.92 -32.22
1.92 -32.22
1.92 -32.22
2.28 -32.22
2.28 -32.22
2.28 -32.22
2.65 -32.22
2.65 -32.22
2.65 -32.22
-2.28 -32.04
-2.28 -32.04
-2.28 -32.04
-2.10 -32.04
-2.10 -32.04
-2.10 -32.04
-1.92 -32.04
-1.92 -32.04
-1.92 -32.04
-1.73 -32.04
-1.73 -32.04
-1.73 -32.04
-1.19 -32.04
-1.19 -32.04
-1.19 -32.04
-0.82 -32.04
-0.82 -32.04
-0.82 -32.04
-0.46 -32.04
-0.46 -32.04
-0.46 -32.04
-0.27 -32.04
-0.27 -32.04
-0.27 -32.04
0.09 -32.04
0.09 -32.04
0.09 -32.04
0.27 -32.04
0.27 -32.04
0.27 -32.04
1.37 -32.04
1.37 -32.04
1.37 -32.04
1.55 -32.04
1.55 -32.04
1.55 -32.04
2.10 -32.04
2.10 -32.04
2.10 -32.04
2.28 -32.04
2.28 -32.04
2.28 -32.04
2.65 -32.04
2.65 -32.04
2.65 -32.04
-2.65 -31.86
-2.65 -31.86
-2.65 -31.86
-1.92 -31.86
-1.92 -31.86
-1.92 -31.86
-1.73 -31.86
-1.73 -31.86
-1.73 -31.86
-1.37 -31.86
-1.37 -31.86
-1.37 -31.86
-1.19 -31.86
-1.19 -31.86
-1.19 -31.86
-0.82 -31.86
-0.82 -31.86
-0.82 -31.86
-0.27 -31.86
-0.27 -31.86
-0.27 -31.86
0.27 -31.86
0.27 -31.86
0.27 -31.86
0.64 -31.86
0.64 -31.86
0.64 -31.86
0.82 -31.86
0.82 -31.86
0.82 -31.86
1.00 -31.86
1.00 -31.86
1.00 -31.86
1.19 -31.86
1.19 -31.86
1.19 -31.86
1.37 -31.86
1.37 -31.86
1.37 -31.86
1.92 -31.86
1.92 -31.86
1.92 -31.86
2.10 -31.86
2.10 -31.86
2.10 -31.86
2.46 -31.86
2.46 -31.86
2.46 -31.86
-2.65 -31.68
-2.65 -31.68
-2.65 -31.68
-1.73 -31.68
-1.73 -31.68
-1.73 -31.68
-1.37 -31.68
-1.37 -31.68
-1.37 -31.68
-0.82 -31.68
-0.82 -31.68
-0.82 -31.68
-0.64 -31.68
-0.64 -31.68
-0.64 -31.68
-0.27 -31.68
-0.27 -31.68
-0.27 -31.68
-0.09 -31.68
-0.09 -31.68
-0.09 -31.68
0.46 -31.68
0.46 -31.68
0.46 -31.68
1.19 -31.68
1.19 -31.68
1.19 -31.68
1.55 -31.68
1.55 -31.68
1.55 -31.68
1.73 -31.68
1.73 -31.68
1.73 -31.68
-2.65 -31.49
-2.65 -31.49
-2.65 -31.49
-2.10 -31.49
-2.10 -31.49
-2.10 -31.49
-1.92 -31.49
-1.92 -31.49
-1.92 -31.49
-1.73 -31.49
-1.73 -31.49
-1.73 -31.49
-1.37 -31.49
-1.37 -31.49
-1.37 -31.49
-1.00 -31.49
-1.00 -31.49
-1.00 -31.49
-0.46 -31.49
-0.46 -31.49
-0.46 -31.49
0.09 -31.49
0.09 -31.49
0.09 -31.49
1.00 -31.49
1.00 -31.49
1.00 -31.49
1.19 -31.49
1.19 -31.49
1.19 -31.49
1.55 -31.49
1.55 -31.49
1.55 -31.49
1.73 -31.49
1.73 -31.49
1.73 -31.49
-3.56 -31.31
-3.56 -31.31
-3.56 -31.31
-3.38 -31.31
-3.38 -31.31
-3.38 -31.31
-3.20 -31.31
-3.20 -31.31
-3.20 -31.31
-3.01 -31.31
-3.01 -31.31
-3.01 -31.31
-2.83 -31.31
-2.83 -31.31
-2.83 -31.31
-2.65 -31.31
-2.65 -31.31
-2.65 -31.31
-2.46 -31.31
-2.46 -31.31
-2.46 -31.31
-2.28 -31.31
-2.28 -31.31
-2.28 -31.31
-2.10 -31.31
-2.10 -31.31
-2.10 -31.31
-1.92 -31.31
-1.92 -31.31
-1.92 -31.31
-1.73 -31.31
-1.73 -31.31
-1.73 -31.31
-1.55 -31.31
-1.55 -31.31
-1.55 -31.31
0.82 -31.31
0.82 -31.31
0.82 -31.31
1.37 -31.31
1.37 -31.31
1.37 -31.31
1.73 -31.31
1.73 -31.31
1.73 -31.31
-3.56 -31.13
-3.56 -31.13
-3.56 -31.13
-3.38 -31.13
-3.38 -31.13
-3.38 -31.13
-3.20 -31.13
-3.20 -31.13
-3.20 -31.13
-2.46 -31.13
-2.46 -31.13
-2.46 -31.13
-2.28 -31.13
-2.28 -31.13
-2.28 -31.13
-2.10 -31.13
-2.10 -31.13
-2.10 -31.13
0.27 -31.13
0.27 -31.13
0.27 -31.13
0.46 -31.13
0.46 -31.13
0.46 -31.13
0.64 -31.13
0.64 -31.13
0.64 -31.13
1.00 -31.13
1.00 -31.13
1.00 -31.13
-3.56 -30.95
-3.56 -30.95
-3.56 -30.95
-3.38 -30.95
-3.38 -30.95
-3.38 -30.95
-2.46 -30.95
-2.46 -30.95
-2.46 -30.95
-2.28 -30.95
-2.28 -30.95
-2.28 -30.95
-2.10 -30.95
-2.10 -30.95
-2.10 -30.95
-1.92 -30.95
-1.92 -30.95
-1.92 -30.95
-1.73 -30.95
-1.73 -30.95
-1.73 -30.95
-0.64 -30.95
-0.64 -30.95
-0.64 -30.95
-0.46 -30.95
-0.46 -30.95
-0.46 -30.95
-0.27 -30.95
-0.27 -30.95
-0.27 -30.95
-0.09 -30.95
-0.09 -30.95
-0.09 -30.95
0.09 -30.95
0.09 -30.95
0.09 -30.95
0.27 -30.95
0.27 -30.95
0.27 -30.95
0.82 -30.95
0.82 -30.95
0.82 -30.95
1.00 -30.95
1.00 -30.95
1.00 -30.95
-3.56 -30.76
-3.56 -30.76
-3.56 -30.76
-3.38 -30.76
-3.38 -30.76
-3.38 -30.76
-2.46 -30.76
-2.46 -30.76
-2.46 -30.76
-2.28 -30.76
-2.28 -30.76
-2.28 -30.76
-2.10 -30.76
-2.10 -30.76
-2.10 -30.76
-1.92 -30.76
-1.92 -30.76
-1.92 -30.76
-1.73 -30.76
-1.73 -30.76
-1.73 -30.76
-0.82 -30.76
-0.82 -30.76
-0.82 -30.76
-0.64 -30.76
-0.64 -30.76
-0.64 -30.76
-0.27 -30.76
-0.27 -30.76
-0.27 -30.76
-0.09 -30.76
-0.09 -30.76
-0.09 -30.76
0.46 -30.76
0.46 -30.76
0.46 -30.76
0.64 -30.76
0.64 -30.76
0.64 -30.76
-3.56 -30.58
-3.56 -30.58
-3.56 -30.58
-3.38 -30.58
-3.38 -30.58
-3.38 -30.58
-3.20 -30.58
-3.20 -30.58
-3.20 -30.58
-3.01 -30.58
-3.01 -30.58
-3.01 -30.58
-2.83 -30.58
-2.83 -30.58
-2.83 -30.58
-2.65 -30.58
-2.65 -30.58
-2.65 -30.58
-2.46 -30.58
-2.46 -30.58
-2.46 -30.58
-2.28 -30.58
-2.28 -30.58
-2.28 -30.58
-0.27 -30.58
-0.27 -30.58
-0.27 -30.58
-0.09 -30.58
-0.09 -30.58
-0.09 -30.58
-4.29 -30.40
-4.29 -30.40
-4.29 -30.40
-4.11 -30.40
-4.11 -30.40
-4.11 -30.40
-3.56 -30.40
-3.56 -30.40
-3.56 -30.40
-3.38 -30.40
-3.38 -30.40
-3.38 -30.40
-3.20 -30.40
-3.20 -30.40
-3.20 -30.40
-3.01 -30.40
-3.01 -30.40
-3.01 -30.40
-2.83 -30.40
-2.83 -30.40
-2.83 -30.40
-2.65 -30.40
-2.65 -30.40
-2.65 -30.40
-2.46 -30.40
-2.46 -30.40
-2.46 -30.40
-2.28 -30.40
-2.28 -30.40
-2.28 -30.40
-0.46 -30.40
-0.46 -30.40
-0.46 -30.40
-0.27 -30.40
-0.27 -30.40
-0.27 -30.40
0.27 -30.40
0.27 -30.40
0.27 -30.40
-4.29 -30.22
-4.29 -30.22
-4.29 -30.22
-4.11 -30.22
-4.11 -30.22
-4.11 -30.22
-3.93 -30.22
-3.93 -30.22
-3.93 -30.22
-3.74 -30.22
-3.74 -30.22
-3.74 -30.22
-3.56 -30.22
-3.56 -30.22
-3.56 -30.22
-3.38 -30.22
-3.38 -30.22
-3.38 -30.22
-3.20 -30.22
-3.20 -30.22
-3.20 -30.22
-3.01 -30.22
-3.01 -30.22
-3.01 -30.22
-2.83 -30.22
-2.83 -30.22
-2.83 -30.22
-2.65 -30.22
-2.65 -30.22
-2.65 -30.22
-2.46 -30.22
-2.46 -30.22
-2.46 -30.22
-2.28 -30.22
-2.28 -30.22
-2.28 -30.22
-2.10 -30.22
-2.10 -30.22
-2.10 -30.22
-1.92 -30.22
-1.92 -30.22
-1.92 -30.22
-1.73 -30.22
-1.73 -30.22
-1.73 -30.22
-1.55 -30.22
-1.55 -30.22
-1.55 -30.22
-1.37 -30.22
-1.37 -30.22
-1.37 -30.22
-1.19 -30.22
-1.19 -30.22
-1.19 -30.22
-1.00 -30.22
-1.00 -30.22
-1.00 -30.22
-0.82 -30.22
-0.82 -30.22
-0.82 -30.22
0.09 -30.22
0.09 -30.22
0.09 -30.22
0.27 -30.22
0.27 -30.22
0.27 -30.22
-4.47 -30.03
-4.47 -30.03
-4.47 -30.03
-3.93 -30.03
-3.93 -30.03
-3.93 -30.03
-3.56 -30.03
-3.56 -30.03
-3.56 -30.03
-3.38 -30.03
-3.38 -30.03
-3.38 -30.03
-2.28 -30.03
-2.28 -30.03
-2.28 -30.03
-1.73 -30.03
-1.73 -30.03
-1.73 -30.03
-1.55 -30.03
-1.55 -30.03
-1.55 -30.03
-1.37 -30.03
-1.37 -30.03
-1.37 -30.03
-1.19 -30.03
-1.19 -30.03
-1.19 -30.03
-1.00 -30.03
-1.00 -30.03
-1.00 -30.03
-0.82 -30.03
-0.82 -30.03
-0.82 -30.03
-0.64 -30.03
-0.64 -30.03
-0.64 -30.03
-0.46 -30.03
-0.46 -30.03
-0.46 -30.03
-0.27 -30.03
-0.27 -30.03
-0.27 -30.03
0.09 -30.03
0.09 -30.03
0.09 -30.03
-3.56 -29.85
-3.56 -29.85
-3.56 -29.85
-1.73 -29.85
-1.73 -29.85
-1.73 -29.85
-1.55 -29.85
-1.55 -29.85
-1.55 -29.85
-1.37 -29.85
-1.37 -29.85
-1.37 -29.85
-1.19 -29.85
-1.19 -29.85
-1.19 -29.85
-1.00 -29.85
-1.00 -29.85
-1.00 -29.85
-0.82 -29.85
-0.82 -29.85
-0.82 -29.85
-0.46 -29.85
-0.46 -29.85
-0.46 -29.85
-0.09 -29.85
-0.09 -29.85
-0.09 -29.85
0.09 -29.85
0.09 -29.85
0.09 -29.85
0.27 -29.85
0.27 -29.85
0.27 -29.85
-3.74 -29.67
-3.74 -29.67
-3.74 -29.67
-2.83 -29.67
-2.83 -29.67
-2.83 -29.67
-2.65 -29.67
-2.65 -29.67
-2.65 -29.67
-2.46 -29.67
-2.46 -29.67
-2.46 -29.67
-2.28 -29.67
-2.28 -29.67
-2.28 -29.67
-2.10 -29.67
-2.10 -29.67
-2.10 -29.67
-1.92 -29.67
-1.92 -29.67
-1.92 -29.67
-1.73 -29.67
-1.73 -29.67
-1.73 -29.67
-1.55 -29.67
-1.55 -29.67
-1.55 -29.67
-1.37 -29.67
-1.37 -29.67
-1.37 -29.67
-1.19 -29.67
-1.19 -29.67
-1.19 -29.67
-0.64 -29.67
-0.64 -29.67
-0.64 -29.67
0.09 -29.67
0.09 -29.67
0.09 -29.67
-4.11 -29.49
-4.11 -29.49
-4.11 -29.49
-3.74 -29.49
-3.74 -29.49
-3.74 -29.49
-3.56 -29.49
-3.56 -29.49
-3.56 -29.49
-3.38 -29.49
-3.38 -29.49
-3.38 -29.49
-3.20 -29.49
-3.20 -29.49
-3.20 -29.49
-3.01 -29.49
-3.01 -29.49
-3.01 -29.49
-2.83 -29.49
-2.83 -29.49
-2.83 -29.49
-2.65 -29.49
-2.65 -29.49
-2.65 -29.49
-2.46 -29.49
-2.46 -29.49
-2.46 -29.49
-2.28 -29.49
-2.28 -29.49
-2.28 -29.49
-2.10 -29.49
-2.10 -29.49
-2.10 -29.49
-1.92 -29.49
-1.92 -29.49
-1.92 -29.49
-1.73 -29.49
-1.73 -29.49
-1.73 -29.49
-1.55 -29.49
-1.55 -29.49
-1.55 -29.49
-1.37 -29.49
-1.37 -29.49
-1.37 -29.49
-0.46 -29.49
-0.46 -29.49
-0.46 -29.49
-0.27 -29.49
-0.27 -29.49
-0.27 -29.49
-4.47 -29.30
-4.47 -29.30
-4.47 -29.30
-4.29 -29.30
-4.29 -29.30
-4.29 -29.30
-4.11 -29.30
-4.11 -29.30
-4.11 -29.30
-3.93 -29.30
-3.93 -29.30
-3.93 -29.30
-3.56 -29.30
-3.56 -29.30
-3.56 -29.30
-3.38 -29.30
-3.38 -29.30
-3.38 -29.30
-3.20 -29.30
-3.20 -29.30
-3.20 -29.30
-3.01 -29.30
-3.01 -29.30
-3.01 -29.30
-2.83 -29.30
-2.83 -29.30
-2.83 -29.30
-2.65 -29.30
-2.65 -29.30
-2.65 -29.30
-2.46 -29.30
-2.46 -29.30
-2.46 -29.30
-2.28 -29.30
-2.28 -29.30
-2.28 -29.30
-2.10 -29.30
-2.10 -29.30
-2.10 -29.30
-1.92 -29.30
-1.92 -29.30
-1.92 -29.30
-1.73 -29.30
-1.73 -29.30
-1.73 -29.30
-1.55 -29.30
-1.55 -29.30
-1.55 -29.30
-1.37 -29.30
-1.37 -29.30
-1.37 -29.30
-1.19 -29.30
-1.19 -29.30
-1.19 -29.30
-1.00 -29.30
-1.00 -29.30
-1.00 -29.30
-0.82 -29.30
-0.82 -29.30
-0.82 -29.30
-0.64 -29.30
-0.64 -29.30
-0.64 -29.30
-4.47 -29.12
-4.47 -29.12
-4.47 -29.12
-4.29 -29.12
-4.29 -29.12
-4.29 -29.12
-4.11 -29.12
-4.11 -29.12
-4.11 -29.12
-3.93 -29.12
-3.93 -29.12
-3.93 -29.12
-2.10 -29.12
-2.10 -29.12
-2.10 -29.12
-1.92 -29.12
-1.92 -29.12
-1.92 -29.12
-1.73 -29.12
-1.73 -29.12
-1.73 -29.12
-1.55 -29.12
-1.55 -29.12
-1.55 -29.12
-1.37 -29.12
-1.37 -29.12
-1.37 -29.12
-1.19 -29.12
-1.19 -29.12
-1.19 -29.12
-1.00 -29.12
-1.00 -29.12
-1.00 -29.12
-0.82 -29.12
-0.82 -29.12
-0.82 -29.12
-0.64 -29.12
-0.64 -29.12
-0.64 -29.12
-3.93 -28.94
-3.93 -28.94
-3.93 -28.94
-2.46 -28.94
-2.46 -28.94
-2.46 -28.94
-2.28 -28.94
-2.28 -28.94
-2.28 -28.94
-2.10 -28.94
-2.10 -28.94
-2.10 -28.94
-1.92 -28.94
-1.92 -28.94
-1.92 -28.94
-1.73 -28.94
-1.73 -28.94
-1.73 -28.94
-1.55 -28.94
-1.55 -28.94
-1.55 -28.94
-1.37 -28.94
-1.37 -28.94
-1.37 -28.94
-1.19 -28.94
-1.19 -28.94
-1.19 -28.94
-1.00 -28.94
-1.00 -28.94
-1.00 -28.94
-0.82 -28.94
-0.82 -28.94
-0.82 -28.94
-3.93 -28.76
-3.93 -28.76
-3.93 -28.76
-3.56 -28.76
-3.56 -28.76
-3.56 -28.76
-2.46 -28.76
-2.46 -28.76
-2.46 -28.76
-2.28 -28.76
-2.28 -28.76
-2.28 -28.76
-1.92 -28.76
-1.92 -28.76
-1.92 -28.76
-1.73 -28.76
-1.73 -28.76
-1.73 -28.76
-1.55 -28.76
-1.55 -28.76
-1.55 -28.76
-1.37 -28.76
-1.37 -28.76
-1.37 -28.76
-1.19 -28.76
-1.19 -28.76
-1.19 -28.76
-1.00 -28.76
-1.00 -28.76
-1.00 -28.76
-0.64 -28.76
-0.64 -28.76
-0.64 -28.76
-0.46 -28.76
-0.46 -28.76
-0.46 -28.76
-0.27 -28.76
-0.27 -28.76
-0.27 -28.76
-4.47 -28.57
-4.47 -28.57
-4.47 -28.57
-4.29 -28.57
-4.29 -28.57
-4.29 -28.57
-3.93 -28.57
-3.93 -28.57
-3.93 -28.57
-3.56 -28.57
-3.56 -28.57
-3.56 -28.57
-3.38 -28.57
-3.38 -28.57
-3.38 -28.57
-3.20 -28.57
-3.20 -28.57
-3.20 -28.57
-3.01 -28.57
-3.01 -28.57
-3.01 -28.57
-1.55 -28.57
-1.55 -28.57
-1.55 -28.57
-1.37 -28.57
-1.37 -28.57
-1.37 -28.57
-1.19 -28.57
-1.19 -28.57
-1.19 -28.57
-1.00 -28.57
-1.00 -28.57
-1.00 -28.57
-0.82 -28.57
-0.82 -28.57
-0.82 -28.57
-0.64 -28.57
-0.64 -28.57
-0.64 -28.57
-0.46 -28.57
-0.46 -28.57
-0.46 -28.57
-0.09 -28.57
-0.09 -28.57
-0.09 -28.57
0.09 -28.57
0.09 -28.57
0.09 -28.57
-4.29 -28.39
-4.29 -28.39
-4.29 -28.39
-3.93 -28.39
-3.93 -28.39
-3.93 -28.39
-3.56 -28.39
-3.56 -28.39
-3.56 -28.39
-3.38 -28.39
-3.38 -28.39
-3.38 -28.39
-3.20 -28.39
-3.20 -28.39
-3.20 -28.39
-3.01 -28.39
-3.01 -28.39
-3.01 -28.39
-2.83 -28.39
-2.83 -28.39
-2.83 -28.39
-1.55 -28.39
-1.55 -28.39
-1.55 -28.39
-1.37 -28.39
-1.37 -28.39
-1.37 -28.39
-1.19 -28.39
-1.19 -28.39
-1.19 -28.39
-1.00 -28.39
-1.00 -28.39
-1.00 -28.39
-0.82 -28.39
-0.82 -28.39
-0.82 -28.39
-0.46 -28.39
-0.46 -28.39
-0.46 -28.39
-4.47 -28.21
-4.47 -28.21
-4.47 -28.21
-4.29 -28.21
-4.29 -28.21
-4.29 -28.21
-2.83 -28.21
-2.83 -28.21
-2.83 -28.21
-2.65 -28.21
-2.65 -28.21
-2.65 -28.21
-2.46 -28.21
-2.46 -28.21
-2.46 -28.21
-2.28 -28.21
-2.28 -28.21
-2.28 -28.21
-1.92 -28.21
-1.92 -28.21
-1.92 -28.21
-1.73 -28.21
-1.73 -28.21
-1.73 -28.21
-1.55 -28.21
-1.55 -28.21
-1.55 -28.21
-1.37 -28.21
-1.37 -28.21
-1.37 -28.21
-1.19 -28.21
-1.19 -28.21
-1.19 -28.21
-1.00 -28.21
-1.00 -28.21
-1.00 -28.21
-0.82 -28.21
-0.82 -28.21
-0.82 -28.21
-0.64 -28.21
-0.64 -28.21
-0.64 -28.21
-0.46 -28.21
-0.46 -28.21
-0.46 -28.21
-2.28 -28.03
-2.28 -28.03
-2.28 -28.03
-2.10 -28.03
-2.10 -28.03
-2.10 -28.03
-1.92 -28.03
-1.92 -28.03
-1.92 -28.03
-1.73 -28.03
-1.73 -28.03
-1.73 -28.03
-1.55 -28.03
-1.55 -28.03
-1.55 -28.03
-1.37 -28.03
-1.37 -28.03
-1.37 -28.03
-1.19 -28.03
-1.19 -28.03
-1.19 -28.03
-1.00 -28.03
-1.00 -28.03
-1.00 -28.03
-0.82 -28.03
-0.82 -28.03
-0.82 -28.03
-0.09 -28.03
-0.09 -28.03
-0.09 -28.03
0.09 -28.03
0.09 -28.03
0.09 -28.03
-4.29 -27.84
-4.29 -27.84
-4.29 -27.84
-4.11 -27.84
-4.11 -27.84
-4.11 -27.84
-3.93 -27.84
-3.93 -27.84
-3.93 -27.84
-3.56 -27.84
-3.56 -27.84
-3.56 -27.84
-3.38 -27.84
-3.38 -27.84
-3.38 -27.84
-3.20 -27.84
-3.20 -27.84
-3.20 -27.84
-2.10 -27.84
-2.10 -27.84
-2.10 -27.84
-1.92 -27.84
-1.92 -27.84
-1.92 -27.84
-1.73 -27.84
-1.73 -27.84
-1.73 -27.84
-1.55 -27.84
-1.55 -27.84
-1.55 -27.84
-1.37 -27.84
-1.37 -27.84
-1.37 -27.84
-1.19 -27.84
-1.19 -27.84
-1.19 -27.84
-1.00 -27.84
-1.00 -27.84
-1.00 -27.84
-0.82 -27.84
-0.82 -27.84
-0.82 -27.84
-0.64 -27.84
-0.64 -27.84
-0.64 -27.84
-0.46 -27.84
-0.46 -27.84
-0.46 -27.84
-0.09 -27.84
-0.09 -27.84
-0.09 -27.84
-4.47 -27.66
-4.47 -27.66
-4.47 -27.66
-3.74 -27.66
-3.74 -27.66
-3.74 -27.66
-3.01 -27.66
-3.01 -27.66
-3.01 -27.66
-2.83 -27.66
-2.83 -27.66
-2.83 -27.66
-2.65 -27.66
-2.65 -27.66
-2.65 -27.66
-2.46 -27.66
-2.46 -27.66
-2.46 -27.66
-2.28 -27.66
-2.28 -27.66
-2.28 -27.66
-1.73 -27.66
-1.73 -27.66
-1.73 -27.66
-1.55 -27.66
-1.55 -27.66
-1.55 -27.66
-1.37 -27.66
-1.37 -27.66
-1.37 -27.66
-1.19 -27.66
-1.19 -27.66
-1.19 -27.66
-1.00 -27.66
-1.00 -27.66
-1.00 -27.66
-0.46 -27.66
-0.46 -27.66
-0.46 -27.66
-0.27 -27.66
-0.27 -27.66
-0.27 -27.66
-3.01 -27.48
-3.01 -27.48
-3.01 -27.48
-2.83 -27.48
-2.83 -27.48
-2.83 -27.48
-2.65 -27.48
-2.65 -27.48
-2.65 -27.48
-2.46 -27.48
-2.46 -27.48
-2.46 -27.48
-2.28 -27.48
-2.28 -27.48
-2.28 -27.48
-1.73 -27.48
-1.73 -27.48
-1.73 -27.48
-1.55 -27.48
-1.55 -27.48
-1.55 -27.48
-1.37 -27.48
-1.37 -27.48
-1.37 -27.48
-1.19 -27.48
-1.19 -27.48
-1.19 -27.48
-1.00 -27.48
-1.00 -27.48
-1.00 -27.48
-0.27 -27.48
-0.27 -27.48
-0.27 -27.48
-0.09 -27.48
-0.09 -27.48
-0.09 -27.48
-3.56 -27.30
-3.56 -27.30
-3.56 -27.30
-3.38 -27.30
-3.38 -27.30
-3.38 -27.30
-3.20 -27.30
-3.20 -27.30
-3.20 -27.30
-3.01 -27.30
-3.01 -27.30
-3.01 -27.30
-2.83 -27.30
-2.83 -27.30
-2.83 -27.30
-1.92 -27.30
-1.92 -27.30
-1.92 -27.30
-1.73 -27.30
-1.73 -27.30
-1.73 -27.30
-1.55 -27.30
-1.55 -27.30
-1.55 -27.30
-1.37 -27.30
-1.37 -27.30
-1.37 -27.30
-1.19 -27.30
-1.19 -27.30
-1.19 -27.30
-0.64 -27.30
-0.64 -27.30
-0.64 -27.30
-0.09 -27.30
-0.09 -27.30
-0.09 -27.30
0.09 -27.30
0.09 -27.30
0.09 -27.30
-3.74 -27.11
-3.74 -27.11
-3.74 -27.11
-3.56 -27.11
-3.56 -27.11
-3.56 -27.11
-3.38 -27.11
-3.38 -27.11
-3.38 -27.11
-3.20 -27.11
-3.20 -27.11
-3.20 -27.11
-2.65 -27.11
-2.65 -27.11
-2.65 -27.11
-2.46 -27.11
-2.46 -27.11
-2.46 -27.11
-2.28 -27.11
-2.28 -27.11
-2.28 -27.11
-2.10 -27.11
-2.10 -27.11
-2.10 -27.11
-1.92 -27.11
-1.92 -27.11
-1.92 -27.11
-1.73 -27.11
-1.73 -27.11
-1.73 -27.11
-0.64 -27.11
-0.64 -27.11
-0.64 -27.11
-0.09 -27.11
-0.09 -27.11
-0.09 -27.11
0.27 -27.11
0.27 -27.11
0.27 -27.11
0.46 -27.11
0.46 -27.11
0.46 -27.11
0.64 -27.11
0.64 -27.11
0.64 -27.11
-3.74 -26.93
-3.74 -26.93
-3.74 -26.93
-3.56 -26.93
-3.56 -26.93
-3.56 -26.93
-2.83 -26.93
-2.83 -26.93
-2.83 -26.93
-2.65 -26.93
-2.65 -26.93
-2.65 -26.93
-2.46 -26.93
-2.46 -26.93
-2.46 -26.93
-2.10 -26.93
-2.10 -26.93
-2.10 -26.93
-1.92 -26.93
-1.92 -26.93
-1.92 -26.93
-1.73 -26.93
-1.73 -26.93
-1.73 -26.93
-1.37 -26.93
-1.37 -26.93
-1.37 -26.93
-1.19 -26.93
-1.19 -26.93
-1.19 -26.93
-1.00 -26.93
-1.00 -26.93
-1.00 -26.93
-0.82 -26.93
-0.82 -26.93
-0.82 -26.93
-0.64 -26.93
-0.64 -26.93
-0.64 -26.93
-0.46 -26.93
-0.46 -26.93
-0.46 -26.93
0.82 -26.93
0.82 -26.93
0.82 -26.93
-3.74 -26.75
-3.74 -26.75
-3.74 -26.75
-3.56 -26.75
-3.56 -26.75
-3.56 -26.75
-3.38 -26.75
-3.38 -26.75
-3.38 -26.75
-3.20 -26.75
-3.20 -26.75
-3.20 -26.75
-2.28 -26.75
-2.28 -26.75
-2.28 -26.75
-1.37 -26.75
-1.37 -26.75
-1.37 -26.75
-1.19 -26.75
-1.19 -26.75
-1.19 -26.75
-1.00 -26.75
-1.00 -26.75
-1.00 -26.75
-0.82 -26.75
-0.82 -26.75
-0.82 -26.75
0.09 -26.75
0.09 -26.75
0.09 -26.75
0.27 -26.75
0.27 -26.75
0.27 -26.75
0.46 -26.75
0.46 -26.75
0.46 -26.75
0.64 -26.75
0.64 -26.75
0.64 -26.75
0.82 -26.75
0.82 -26.75
0.82 -26.75
-3.74 -26.56
-3.74 -26.56
-3.74 -26.56
-3.56 -26.56
-3.56 -26.56
-3.56 -26.56
-3.38 -26.56
-3.38 -26.56
-3.38 -26.56
-3.20 -26.56
-3.20 -26.56
-3.20 -26.56
-3.01 -26.56
-3.01 -26.56
-3.01 -26.56
-2.83 -26.56
-2.83 -26.56
-2.83 -26.56
-2.65 -26.56
-2.65 -26.56
-2.65 -26.56
-1.55 -26.56
-1.55 -26.56
-1.55 -26.56
-1.37 -26.56
-1.37 -26.56
-1.37 -26.56
-1.19 -26.56
-1.19 -26.56
-1.19 -26.56
0.09 -26.56
0.09 -26.56
0.09 -26.56
0.27 -26.56
0.27 -26.56
0.27 -26.56
0.46 -26.56
0.46 -26.56
0.46 -26.56
0.64 -26.56
0.64 -26.56
0.64 -26.56
-3.56 -26.38
-3.56 -26.38
-3.56 -26.38
-3.38 -26.38
-3.38 -26.38
-3.38 -26.38
-1.92 -26.38
-1.92 -26.38
-1.92 -26.38
-1.73 -26.38
-1.73 -26.38
-1.73 -26.38
-1.55 -26.38
-1.55 -26.38
-1.55 -26.38
-1.37 -26.38
-1.37 -26.38
-1.37 -26.38
-1.19 -26.38
-1.19 -26.38
-1.19 -26.38
0.82 -26.38
0.82 -26.38
0.82 -26.38
-3.38 -26.20
-3.38 -26.20
-3.38 -26.20
-3.20 -26.20
-3.20 -26.20
-3.20 -26.20
-3.01 -26.20
-3.01 -26.20
-3.01 -26.20
-2.83 -26.20
-2.83 -26.20
-2.83 -26.20
-2.65 -26.20
-2.65 -26.20
-2.65 -26.20
-2.28 -26.20
-2.28 -26.20
-2.28 -26.20
-2.10 -26.20
-2.10 -26.20
-2.10 -26.20
-1.92 -26.20
-1.92 -26.20
-1.92 -26.20
-1.73 -26.20
-1.73 -26.20
-1.73 -26.20
-1.55 -26.20
-1.55 -26.20
-1.55 -26.20
-1.37 -26.20
-1.37 -26.20
-1.37 -26.20
-3.56 -26.02
-3.56 -26.02
-3.56 -26.02
-2.83 -26.02
-2.83 -26.02
-2.83 -26.02
-2.65 -26.02
-2.65 -26.02
-2.65 -26.02
-2.46 -26.02
-2.46 -26.02
-2.46 -26.02
-2.28 -26.02
-2.28 -26.02
-2.28 -26.02
-1.00 -26.02
-1.00 -26.02
-1.00 -26.02
-0.82 -26.02
-0.82 -26.02
-0.82 -26.02
-0.64 -26.02
-0.64 -26.02
-0.64 -26.02
-0.46 -26.02
-0.46 -26.02
-0.46 -26.02
-0.27 -26.02
-0.27 -26.02
-0.27 -26.02
0.27 -26.02
0.27 -26.02
0.27 -26.02
0.46 -26.02
0.46 -26.02
0.46 -26.02
0.64 -26.02
0.64 -26.02
0.64 -26.02
0.82 -26.02
0.82 -26.02
0.82 -26.02
1.00 -26.02
1.00 -26.02
1.00 -26.02
1.19 -26.02
1.19 -26.02
1.19 -26.02
1.37 -26.02
1.37 -26.02
1.37 -26.02
-3.74 -25.83
-3.74 -25.83
-3.74 -25.83
-3.38 -25.83
-3.38 -25.83
-3.38 -25.83
-3.20 -25.83
-3.20 -25.83
-3.20 -25.83
-3.01 -25.83
-3.01 -25.83
-3.01 -25.83
-2.83 -25.83
-2.83 -25.83
-2.83 -25.83
-1.19 -25.83
-1.19 -25.83
-1.19 -25.83
-1.00 -25.83
-1.00 -25.83
-1.00 -25.83
-0.82 -25.83
-0.82 -25.83
-0.82 -25.83
-0.64 -25.83
-0.64 -25.83
-0.64 -25.83
-0.46 -25.83
-0.46 -25.83
-0.46 -25.83
0.46 -25.83
0.46 -25.83
0.46 -25.83
0.64 -25.83
0.64 -25.83
0.64 -25.83
1.19 -25.83
1.19 -25.83
1.19 -25.83
1.37 -25.83
1.37 -25.83
1.37 -25.83
1.55 -25.83
1.55 -25.83
1.55 -25.83
-2.83 -25.65
-2.83 -25.65
-2.83 -25.65
-2.65 -25.65
-2.65 -25.65
-2.65 -25.65
-2.46 -25.65
-2.46 -25.65
-2.46 -25.65
-2.28 -25.65
-2.28 -25.65
-2.28 -25.65
-2.10 -25.65
-2.10 -25.65
-2.10 -25.65
-1.92 -25.65
-1.92 -25.65
-1.92 -25.65
-1.73 -25.65
-1.73 -25.65
-1.73 -25.65
-1.55 -25.65
-1.55 -25.65
-1.55 -25.65
-1.37 -25.65
-1.37 -25.65
-1.37 -25.65
-1.19 -25.65
-1.19 -25.65
-1.19 -25.65
-1.00 -25.65
-1.00 -25.65
-1.00 -25.65
-0.82 -25.65
-0.82 -25.65
-0.82 -25.65
-0.64 -25.65
-0.64 -25.65
-0.64 -25.65
-0.46 -25.65
-0.46 -25.65
-0.46 -25.65
0.64 -25.65
0.64 -25.65
0.64 -25.65
0.82 -25.65
0.82 -25.65
0.82 -25.65
1.00 -25.65
1.00 -25.65
1.00 -25.65
1.19 -25.65
1.19 -25.65
1.19 -25.65
1.37 -25.65
1.37 -25.65
1.37 -25.65
-3.01 -25.47
-3.01 -25.47
-3.01 -25.47
-2.83 -25.47
-2.83 -25.47
-2.83 -25.47
-2.46 -25.47
-2.46 -25.47
-2.46 -25.47
-2.28 -25.47
-2.28 -25.47
-2.28 -25.47
-2.10 -25.47
-2.10 -25.47
-2.10 -25.47
-1.92 -25.47
-1.92 -25.47
-1.92 -25.47
-1.73 -25.47
-1.73 -25.47
-1.73 -25.47
-1.55 -25.47
-1.55 -25.47
-1.55 -25.47
-1.37 -25.47
-1.37 -25.47
-1.37 -25.47
0.09 -25.47
0.09 -25.47
0.09 -25.47
0.27 -25.47
0.27 -25.47
0.27 -25.47
0.46 -25.47
0.46 -25.47
0.46 -25.47
0.64 -25.47
0.64 -25.47
0.64 -25.47
0.82 -25.47
0.82 -25.47
0.82 -25.47
1.00 -25.47
1.00 -25.47
1.00 -25.47
1.55 -25.47
1.55 -25.47
1.55 -25.47
-2.83 -25.29
-2.83 -25.29
-2.83 -25.29
-2.65 -25.29
-2.65 -25.29
-2.65 -25.29
-2.46 -25.29
-2.46 -25.29
-2.46 -25.29
-2.10 -25.29
-2.10 -25.29
-2.10 -25.29
-1.92 -25.29
-1.92 -25.29
-1.92 -25.29
-1.73 -25.29
-1.73 -25.29
-1.73 -25.29
-1.55 -25.29
-1.55 -25.29
-1.55 -25.29
-1.37 -25.29
-1.37 -25.29
-1.37 -25.29
0.46 -25.29
0.46 -25.29
0.46 -25.29
0.64 -25.29
0.64 -25.29
0.64 -25.29
1.00 -25.29
1.00 -25.29
1.00 -25.29
1.19 -25.29
1.19 -25.29
1.19 -25.29
1.37 -25.29
1.37 -25.29
1.37 -25.29
1.55 -25.29
1.55 -25.29
1.55 -25.29
-3.01 -25.10
-3.01 -25.10
-3.01 -25.10
-2.10 -25.10
-2.10 -25.10
-2.10 -25.10
-1.92 -25.10
-1.92 -25.10
-1.92 -25.10
-1.37 -25.10
-1.37 -25.10
-1.37 -25.10
-1.19 -25.10
-1.19 -25.10
-1.19 -25.10
-1.00 -25.10
-1.00 -25.10
-1.00 -25.10
-0.82 -25.10
-0.82 -25.10
-0.82 -25.10
-0.64 -25.10
-0.64 -25.10
-0.64 -25.10
0.82 -25.10
0.82 -25.10
0.82 -25.10
1.00 -25.10
1.00 -25.10
1.00 -25.10
1.19 -25.10
1.19 -25.10
1.19 -25.10
1.37 -25.10
1.37 -25.10
1.37 -25.10
1.55 -25.10
1.55 -25.10
1.55 -25.10
-2.65 -24.92
-2.65 -24.92
-2.65 -24.92
-2.46 -24.92
-2.46 -24.92
-2.46 -24.92
-2.10 -24.92
-2.10 -24.92
-2.10 -24.92
-1.92 -24.92
-1.92 -24.92
-1.92 -24.92
-1.73 -24.92
-1.73 -24.92
-1.73 -24.92
-1.55 -24.92
-1.55 -24.92
-1.55 -24.92
-1.37 -24.92
-1.37 -24.92
-1.37 -24.92
-1.19 -24.92
-1.19 -24.92
-1.19 -24.92
-1.00 -24.92
-1.00 -24.92
-1.00 -24.92
-0.82 -24.92
-0.82 -24.92
-0.82 -24.92
-0.64 -24.92
-0.64 -24.92
-0.64 -24.92
1.00 -24.92
1.00 -24.92
1.00 -24.92
1.19 -24.92
1.19 -24.92
1.19 -24.92
1.37 -24.92
1.37 -24.92
1.37 -24.92
1.55 -24.92
1.55 -24.92
1.55 -24.92
-3.01 -24.74
-3.01 -24.74
-3.01 -24.74
-2.65 -24.74
-2.65 -24.74
-2.65 -24.74
-2.46 -24.74
-2.46 -24.74
-2.46 -24.74
-2.28 -24.74
-2.28 -24.74
-2.28 -24.74
-2.10 -24.74
-2.10 -24.74
-2.10 -24.74
-1.92 -24.74
-1.92 -24.74
-1.92 -24.74
-1.73 -24.74
-1.73 -24.74
-1.73 -24.74
-1.55 -24.74
-1.55 -24.74
-1.55 -24.74
-1.37 -24.74
-1.37 -24.74
-1.37 -24.74
-1.19 -24.74
-1.19 -24.74
-1.19 -24.74
-1.00 -24.74
-1.00 -24.74
-1.00 -24.74
-0.82 -24.74
-0.82 -24.74
-0.82 -24.74
1.00 -24.74
1.00 -24.74
1.00 -24.74
1.19 -24.74
1.19 -24.74
1.19 -24.74
-3.74 -24.56
-3.74 -24.56
-3.74 -24.56
-3.56 -24.56
-3.56 -24.56
-3.56 -24.56
-3.01 -24.56
-3.01 -24.56
-3.01 -24.56
-2.83 -24.56
-2.83 -24.56
-2.83 -24.56
-2.28 -24.56
-2.28 -24.56
-2.28 -24.56
-2.10 -24.56
-2.10 -24.56
-2.10 -24.56
-1.92 -24.56
-1.92 -24.56
-1.92 -24.56
-1.73 -24.56
-1.73 -24.56
-1.73 -24.56
-1.55 -24.56
-1.55 -24.56
-1.55 -24.56
-1.37 -24.56
-1.37 -24.56
-1.37 -24.56
-1.19 -24.56
-1.19 -24.56
-1.19 -24.56
1.19 -24.56
1.19 -24.56
1.19 -24.56
1.55 -24.56
1.55 -24.56
1.55 -24.56
-3.74 -24.37
-3.74 -24.37
-3.74 -24.37
-3.56 -24.37
-3.56 -24.37
-3.56 -24.37
-0.27 -24.37
-0.27 -24.37
-0.27 -24.37
-0.09 -24.37
-0.09 -24.37
-0.09 -24.37
0.09 -24.37
0.09 -24.37
0.09 -24.37
0.27 -24.37
0.27 -24.37
0.27 -24.37
0.82 -24.37
0.82 -24.37
0.82 -24.37
1.19 -24.37
1.19 -24.37
1.19 -24.37
-2.46 -24.19
-2.46 -24.19
-2.46 -24.19
-2.28 -24.19
-2.28 -24.19
-2.28 -24.19
-0.82 -24.19
-0.82 -24.19
-0.82 -24.19
-0.64 -24.19
-0.64 -24.19
-0.64 -24.19
-0.46 -24.19
-0.46 -24.19
-0.46 -24.19
-0.27 -24.19
-0.27 -24.19
-0.27 -24.19
-0.09 -24.19
-0.09 -24.19
-0.09 -24.19
0.09 -24.19
0.09 -24.19
0.09 -24.19
0.27 -24.19
0.27 -24.19
0.27 -24.19
0.46 -24.19
0.46 -24.19
0.46 -24.19
0.82 -24.19
0.82 -24.19
0.82 -24.19
1.19 -24.19
1.19 -24.19
1.19 -24.19
1.55 -24.19
1.55 -24.19
1.55 -24.19
-2.46 -24.01
-2.46 -24.01
-2.46 -24.01
-2.10 -24.01
-2.10 -24.01
-2.10 -24.01
-1.00 -24.01
-1.00 -24.01
-1.00 -24.01
-0.09 -24.01
-0.09 -24.01
-0.09 -24.01
0.09 -24.01
0.09 -24.01
0.09 -24.01
1.92 -24.01
1.92 -24.01
1.92 -24.01
2.10 -24.01
2.10 -24.01
2.10 -24.01
2.28 -24.01
2.28 -24.01
2.28 -24.01
-3.01 -23.83
-3.01 -23.83
-3.01 -23.83
-2.65 -23.83
-2.65 -23.83
-2.65 -23.83
-1.73 -23.83
-1.73 -23.83
-1.73 -23.83
-1.55 -23.83
-1.55 -23.83
-1.55 -23.83
-1.37 -23.83
-1.37 -23.83
-1.37 -23.83
2.28 -23.83
2.28 -23.83
2.28 -23.83
-2.65 -23.64
-2.65 -23.64
-2.65 -23.64
-1.55 -23.64
-1.55 -23.64
-1.55 -23.64
-1.19 -23.64
-1.19 -23.64
-1.19 -23.64
-1.00 -23.64
-1.00 -23.64
-1.00 -23.64
0.46 -23.64
0.46 -23.64
0.46 -23.64
0.64 -23.64
0.64 -23.64
0.64 -23.64
0.82 -23.64
0.82 -23.64
0.82 -23.64
1.00 -23.64
1.00 -23.64
1.00 -23.64
-2.28 -23.46
-2.28 -23.46
-2.28 -23.46
-2.10 -23.46
-2.10 -23.46
-2.10 -23.46
-1.19 -23.46
-1.19 -23.46
-1.19 -23.46
-1.00 -23.46
-1.00 -23.46
-1.00 -23.46
0.27 -23.46
0.27 -23.46
0.27 -23.46
0.46 -23.46
0.46 -23.46
0.46 -23.46
0.64 -23.46
0.64 -23.46
0.64 -23.46
0.82 -23.46
0.82 -23.46
0.82 -23.46
1.00 -23.46
1.00 -23.46
1.00 -23.46
1.19 -23.46
1.19 -23.46
1.19 -23.46
1.37 -23.46
1.37 -23.46
1.37 -23.46
2.10 -23.46
2.10 -23.46
2.10 -23.46
-2.28 -23.28
-2.28 -23.28
-2.28 -23.28
-2.10 -23.28
-2.10 -23.28
-2.10 -23.28
-1.92 -23.28
-1.92 -23.28
-1.92 -23.28
-1.73 -23.28
-1.73 -23.28
-1.73 -23.28
-1.55 -23.28
-1.55 -23.28
-1.55 -23.28
-1.00 -23.28
-1.00 -23.28
-1.00 -23.28
-0.64 -23.28
-0.64 -23.28
-0.64 -23.28
-0.46 -23.28
-0.46 -23.28
-0.46 -23.28
-0.27 -23.28
-0.27 -23.28
-0.27 -23.28
-0.09 -23.28
-0.09 -23.28
-0.09 -23.28
0.09 -23.28
0.09 -23.28
0.09 -23.28
0.27 -23.28
0.27 -23.28
0.27 -23.28
0.46 -23.28
0.46 -23.28
0.46 -23.28
0.64 -23.28
0.64 -23.28
0.64 -23.28
0.82 -23.28
0.82 -23.28
0.82 -23.28
1.00 -23.28
1.00 -23.28
1.00 -23.28
1.19 -23.28
1.19 -23.28
1.19 -23.28
2.10 -23.28
2.10 -23.28
2.10 -23.28
2.28 -23.28
2.28 -23.28
2.28 -23.28
-1.55 -23.10
-1.55 -23.10
-1.55 -23.10
-1.19 -23.10
-1.19 -23.10
-1.19 -23.10
-1.00 -23.10
-1.00 -23.10
-1.00 -23.10
-0.82 -23.10
-0.82 -23.10
-0.82 -23.10
-0.64 -23.10
-0.64 -23.10
-0.64 -23.10
-0.46 -23.10
-0.46 -23.10
-0.46 -23.10
-0.27 -23.10
-0.27 -23.10
-0.27 -23.10
-0.09 -23.10
-0.09 -23.10
-0.09 -23.10
0.09 -23.10
0.09 -23.10
0.09 -23.10
0.27 -23.10
0.27 -23.10
0.27 -23.10
0.46 -23.10
0.46 -23.10
0.46 -23.10
0.64 -23.10
0.64 -23.10
0.64 -23.10
2.10 -23.10
2.10 -23.10
2.10 -23.10
-1.37 -22.91
-1.37 -22.91
-1.37 -22.91
-1.19 -22.91
-1.19 -22.91
-1.19 -22.91
-1.00 -22.91
-1.00 -22.91
-1.00 -22.91
-0.82 -22.91
-0.82 -22.91
-0.82 -22.91
-0.64 -22.91
-0.64 -22.91
-0.64 -22.91
-0.46 -22.91
-0.46 -22.91
-0.46 -22.91
-0.27 -22.91
-0.27 -22.91
-0.27 -22.91
-0.09 -22.91
-0.09 -22.91
-0.09 -22.91
0.09 -22.91
0.09 -22.91
0.09 -22.91
0.27 -22.91
0.27 -22.91
0.27 -22.91
0.46 -22.91
0.46 -22.91
0.46 -22.91
0.64 -22.91
0.64 -22.91
0.64 -22.91
0.82 -22.91
0.82 -22.91
0.82 -22.91
1.00 -22.91
1.00 -22.91
1.00 -22.91
2.10 -22.91
2.10 -22.91
2.10 -22.91
-1.37 -22.73
-1.37 -22.73
-1.37 -22.73
-0.82 -22.73
-0.82 -22.73
-0.82 -22.73
-0.64 -22.73
-0.64 -22.73
-0.64 -22.73
-0.46 -22.73
-0.46 -22.73
-0.46 -22.73
0.46 -22.73
0.46 -22.73
0.46 -22.73
0.64 -22.73
0.64 -22.73
0.64 -22.73
0.82 -22.73
0.82 -22.73
0.82 -22.73
1.00 -22.73
1.00 -22.73
1.00 -22.73
2.28 -22.73
2.28 -22.73
2.28 -22.73
-1.55 -22.55
-1.55 -22.55
-1.55 -22.55
-1.00 -22.55
-1.00 -22.55
-1.00 -22.55
-0.64 -22.55
-0.64 -22.55
-0.64 -22.55
-0.46 -22.55
-0.46 -22.55
-0.46 -22.55
-0.27 -22.55
-0.27 -22.55
-0.27 -22.55
0.46 -22.55
0.46 -22.55
0.46 -22.55
0.64 -22.55
0.64 -22.55
0.64 -22.55
0.82 -22.55
0.82 -22.55
0.82 -22.55
1.00 -22.55
1.00 -22.55
1.00 -22.55
1.55 -22.55
1.55 -22.55
1.55 -22.55
2.10 -22.55
2.10 -22.55
2.10 -22.55
0.09 -22.37
0.09 -22.37
0.09 -22.37
0.27 -22.37
0.27 -22.37
0.27 -22.37
1.19 -22.37
1.19 -22.37
1.19 -22.37
1.92 -22.37
1.92 -22.37
1.92 -22.37
2.83 -22.37
2.83 -22.37
2.83 -22.37
3.01 -22.37
3.01 -22.37
3.01 -22.37
0.82 -22.18
0.82 -22.18
0.82 -22.18
1.19 -22.18
1.19 -22.18
1.19 -22.18
1.37 -22.18
1.37 -22.18
1.37 -22.18
1.55 -22.18
1.55 -22.18
1.55 -22.18
1.92 -22.18
1.92 -22.18
1.92 -22.18
2.65 -22.18
2.65 -22.18
2.65 -22.18
3.01 -22.18
3.01 -22.18
3.01 -22.18
1.55 -22.00
1.55 -22.00
1.55 -22.00
1.92 -22.00
1.92 -22.00
1.92 -22.00
2.65 -22.00
2.65 -22.00
2.65 -22.00
3.01 -22.00
3.01 -22.00
3.01 -22.00
1.55 -21.82
1.55 -21.82
1.55 -21.82
1.73 -21.82
1.73 -21.82
1.73 -21.82
3.01 -21.82
3.01 -21.82
3.01 -21.82
1.73 -21.64
1.73 -21.64
1.73 -21.64
2.65 -21.64
2.65 -21.64
2.65 -21.64
2.83 -21.64
2.83 -21.64
2.83 -21.64
1.55 -21.45
1.55 -21.45
1.55 -21.45
1.73 -21.45
1.73 -21.45
1.73 -21.45
1.92 -21.45
1.92 -21.45
1.92 -21.45
2.28 -21.45
2.28 -21.45
2.28 -21.45
1.92 -21.27
1.92 -21.27
1.92 -21.27
2.10 -21.27
2.10 -21.27
2.10 -21.27
2.28 -21.27
2.28 -21.27
2.28 -21.27
-14.70 7.39
-14.70 7.39
-14.70 7.39
-14.88 7.58
-14.88 7.58
-14.88 7.58
-14.70 7.58
-14.70 7.58
-14.70 7.58
-15.25 7.94
-15.25 7.94
-15.25 7.94
-14.88 8.12
-14.88 8.12
-14.88 8.12
-15.25 8.31
-15.25 8.31
-15.25 8.31
-15.06 8.31
-15.06 8.31
-15.06 8.31
-14.51 8.31
-14.51 8.31
-14.51 8.31
-14.51 8.49
-14.51 8.49
-14.51 8.49
-14.33 8.49
-14.33 8.49
-14.33 8.49
-13.97 8.49
-13.97 8.49
-13.97 8.49
-13.78 8.49
-13.78 8.49
-13.78 8.49
-19.08 8.85
-19.08 8.85
-19.08 8.85
-18.90 8.85
-18.90 8.85
-18.90 8.85
-13.42 8.85
-13.42 8.85
-13.42 8.85
-19.44 9.04
-19.44 9.04
-19.44 9.04
-18.90 9.04
-18.90 9.04
-18.90 9.04
-13.42 9.04
-13.42 9.04
-13.42 9.04
-13.05 9.04
-13.05 9.04
-13.05 9.04
-19.44 9.22
-19.44 9.22
-19.44 9.22
-19.26 9.22
-19.26 9.22
-19.26 9.22
-18.71 9.22
-18.71 9.22
-18.71 9.22
-18.35 9.22
-18.35 9.22
-18.35 9.22
-13.78 9.22
-13.78 9.22
-13.78 9.22
-13.42 9.22
-13.42 9.22
-13.42 9.22
-19.63 9.40
-19.63 9.40
-19.63 9.40
-19.08 9.40
-19.08 9.40
-19.08 9.40
-18.17 9.40
-18.17 9.40
-18.17 9.40
-18.90 9.59
-18.90 9.59
-18.90 9.59
-18.35 9.59
-18.35 9.59
-18.35 9.59
-10.68 9.95
-10.68 9.95
-10.68 9.95
-11.96 10.13
-11.96 10.13
-11.96 10.13
-11.78 10.13
-11.78 10.13
-11.78 10.13
-11.59 10.13
-11.59 10.13
-11.59 10.13
-11.41 10.13
-11.41 10.13
-11.41 10.13
-10.68 10.13
-10.68 10.13
-10.68 10.13
-12.14 10.32
-12.14 10.32
-12.14 10.32
-11.05 10.32
-11.05 10.32
-11.05 10.32
-10.50 10.32
-10.50 10.32
-10.50 10.32
-9.95 10.32
-9.95 10.32
-9.95 10.32
-9.77 10.32
-9.77 10.32
-9.77 10.32
-16.89 10.50
-16.89 10.50
-16.89 10.50
-16.71 10.50
-16.71 10.50
-16.71 10.50
-11.78 10.50
-11.78 10.50
-11.78 10.50
-11.59 10.50
-11.59 10.50
-11.59 10.50
-11.41 10.50
-11.41 10.50
-11.41 10.50
-10.86 10.50
-10.86 10.50
-10.86 10.50
-10.50 10.50
-10.50 10.50
-10.50 10.50
-10.32 10.50
-10.32 10.50
-10.32 10.50
-9.95 10.50
-9.95 10.50
-9.95 10.50
-17.25 10.68
-17.25 10.68
-17.25 10.68
-16.89 10.68
-16.89 10.68
-16.89 10.68
-12.14 10.68
-12.14 10.68
-12.14 10.68
-11.96 10.68
-11.96 10.68
-11.96 10.68
-11.23 10.68
-11.23 10.68
-11.23 10.68
-11.05 10.68
-11.05 10.68
-11.05 10.68
-15.79 10.86
-15.79 10.86
-15.79 10.86
-10.13 11.05
-10.13 11.05
-10.13 11.05
-9.95 11.05
-9.95 11.05
-9.95 11.05
-10.50 11.23
-10.50 11.23
-10.50 11.23
-10.32 11.23
-10.32 11.23
-10.32 11.23
-9.95 11.23
-9.95 11.23
-9.95 11.23
-9.77 11.23
-9.77 11.23
-9.77 11.23
-10.32 11.41
-10.32 11.41
-10.32 11.41
-10.13 11.41
-10.13 11.41
-10.13 11.41
-9.95 11.41
-9.95 11.41
-9.95 11.41
-9.77 11.41
-9.77 11.41
-9.77 11.41
-14.33 11.59
-14.33 11.59
-14.33 11.59
-14.15 11.59
-14.15 11.59
-14.15 11.59
-9.95 11.59
-9.95 11.59
-9.95 11.59
-14.33 11.78
-14.33 11.78
-14.33 11.78
-14.15 11.78
-14.15 11.78
-14.15 11.78
-13.97 11.78
-13.97 11.78
-13.97 11.78
-14.70 11.96
-14.70 11.96
-14.70 11.96
-14.51 11.96
-14.51 11.96
-14.51 11.96
-14.33 11.96
-14.33 11.96
-14.33 11.96
-13.97 11.96
-13.97 11.96
-13.97 11.96
-13.78 11.96
-13.78 11.96
-13.78 11.96
-13.24 11.96
-13.24 11.96
-13.24 11.96
-7.58 11.96
-7.58 11.96
-7.58 11.96
-7.39 11.96
-7.39 11.96
-7.39 11.96
-13.97 12.14
-13.97 12.14
-13.97 12.14
-13.60 12.14
-13.60 12.14
-13.60 12.14
-7.76 12.14
-7.76 12.14
-7.76 12.14
-14.70 12.32
-14.70 12.32
-14.70 12.32
-14.33 12.32
-14.33 12.32
-14.33 12.32
-14.15 12.32
-14.15 12.32
-14.15 12.32
-13.78 12.32
-13.78 12.32
-13.78 12.32
-13.24 12.32
-13.24 12.32
-13.24 12.32
-12.51 12.32
-12.51 12.32
-12.51 12.32
-7.39 12.32
-7.39 12.32
-7.39 12.32
-14.33 12.51
-14.33 12.51
-14.33 12.51
-13.78 12.51
-13.78 12.51
-13.78 12.51
-8.12 12.51
-8.12 12.51
-8.12 12.51
-7.94 12.51
-7.94 12.51
-7.94 12.51
-7.76 12.51
-7.76 12.51
-7.76 12.51
-7.21 12.51
-7.21 12.51
-7.21 12.51
-7.03 12.51
-7.03 12.51
-7.03 12.51
-6.66 12.51
-6.66 12.51
-6.66 12.51
-13.42 12.69
-13.42 12.69
-13.42 12.69
-12.87 12.69
-12.87 12.69
-12.87 12.69
-12.32 12.69
-12.32 12.69
-12.32 12.69
-8.12 12.69
-8.12 12.69
-8.12 12.69
-7.21 12.69
-7.21 12.69
-7.21 12.69
-7.03 12.69
-7.03 12.69
-7.03 12.69
-6.66 12.69
-6.66 12.69
-6.66 12.69
-6.48 12.69
-6.48 12.69
-6.48 12.69
-13.05 12.87
-13.05 12.87
-13.05 12.87
-12.87 12.87
-12.87 12.87
-12.87 12.87
-7.94 12.87
-7.94 12.87
-7.94 12.87
-7.58 12.87
-7.58 12.87
-7.58 12.87
-7.39 12.87
-7.39 12.87
-7.39 12.87
-6.85 12.87
-6.85 12.87
-6.85 12.87
-13.97 13.05
-13.97 13.05
-13.97 13.05
-13.05 13.05
-13.05 13.05
-13.05 13.05
-12.87 13.05
-12.87 13.05
-12.87 13.05
-12.51 13.05
-12.51 13.05
-12.51 13.05
-12.32 13.05
-12.32 13.05
-12.32 13.05
-8.12 13.05
-8.12 13.05
-8.12 13.05
-7.94 13.05
-7.94 13.05
-7.94 13.05
-7.39 13.05
-7.39 13.05
-7.39 13.05
-7.03 13.05
-7.03 13.05
-7.03 13.05
-6.85 13.05
-6.85 13.05
-6.85 13.05
-6.66 13.05
-6.66 13.05
-6.66 13.05
-12.32 13.24
-12.32 13.24
-12.32 13.24
-6.85 13.24
-6.85 13.24
-6.85 13.24
-12.87 13.42
-12.87 13.42
-12.87 13.42
-7.03 13.42
-7.03 13.42
-7.03 13.42
-6.85 13.42
-6.85 13.42
-6.85 13.42
-6.66 13.42
-6.66 13.42
-6.66 13.42
-6.12 13.60
-6.12 13.60
-6.12 13.60
-5.93 13.60
-5.93 13.60
-5.93 13.60
-6.48 13.78
-6.48 13.78
-6.48 13.78
-6.30 13.78
-6.30 13.78
-6.30 13.78
-5.75 13.78
-5.75 13.78
-5.75 13.78
-6.48 13.97
-6.48 13.97
-6.48 13.97
-6.30 13.97
-6.30 13.97
-6.30 13.97
-5.93 13.97
-5.93 13.97
-5.93 13.97
-5.75 13.97
-5.75 13.97
-5.75 13.97
-6.30 14.15
-6.30 14.15
-6.30 14.15
-6.12 14.15
-6.12 14.15
-6.12 14.15
-5.39 14.15
-5.39 14.15
-5.39 14.15
-5.02 14.15
-5.02 14.15
-5.02 14.15
-6.30 14.33
-6.30 14.33
-6.30 14.33
-6.12 14.33
-6.12 14.33
-6.12 14.33
-5.93 14.33
-5.93 14.33
-5.93 14.33
-5.75 14.33
-5.75 14.33
-5.75 14.33
-5.57 14.33
-5.57 14.33
-5.57 14.33
-4.47 14.33
-4.47 14.33
-4.47 14.33
-4.11 14.33
-4.11 14.33
-4.11 14.33
-6.48 14.51
-6.48 14.51
-6.48 14.51
-5.57 14.51
-5.57 14.51
-5.57 14.51
-5.20 14.51
-5.20 14.51
-5.20 14.51
-4.47 14.51
-4.47 14.51
-4.47 14.51
-9.77 14.70
-9.77 14.70
-9.77 14.70
-9.59 14.70
-9.59 14.70
-9.59 14.70
-9.40 14.70
-9.40 14.70
-9.40 14.70
-6.30 14.70
-6.30 14.70
-6.30 14.70
-6.12 14.70
-6.12 14.70
-6.12 14.70
-5.93 14.70
-5.93 14.70
-5.93 14.70
-5.75 14.70
-5.75 14.70
-5.75 14.70
-5.57 14.70
-5.57 14.70
-5.57 14.70
-5.02 14.70
-5.02 14.70
-5.02 14.70
-4.84 14.70
-4.84 14.70
-4.84 14.70
-4.66 14.70
-4.66 14.70
-4.66 14.70
-4.29 14.70
-4.29 14.70
-4.29 14.70
-10.68 14.88
-10.68 14.88
-10.68 14.88
-10.32 14.88
-10.32 14.88
-10.32 14.88
-10.13 14.88
-10.13 14.88
-10.13 14.88
-9.40 14.88
-9.40 14.88
-9.40 14.88
-5.39 14.88
-5.39 14.88
-5.39 14.88
-5.20 14.88
-5.20 14.88
-5.20 14.88
-4.84 14.88
-4.84 14.88
-4.84 14.88
-10.68 15.06
-10.68 15.06
-10.68 15.06
-10.50 15.06
-10.50 15.06
-10.50 15.06
-10.32 15.06
-10.32 15.06
-10.32 15.06
-10.13 15.06
-10.13 15.06
-10.13 15.06
-9.77 15.06
-9.77 15.06
-9.77 15.06
-9.59 15.06
-9.59 15.06
-9.59 15.06
-9.22 15.06
-9.22 15.06
-9.22 15.06
-9.04 15.06
-9.04 15.06
-9.04 15.06
-8.31 15.06
-8.31 15.06
-8.31 15.06
-5.39 15.06
-5.39 15.06
-5.39 15.06
-5.02 15.06
-5.02 15.06
-5.02 15.06
-4.84 15.06
-4.84 15.06
-4.84 15.06
-4.29 15.06
-4.29 15.06
-4.29 15.06
-10.13 15.25
-10.13 15.25
-10.13 15.25
-9.40 15.25
-9.40 15.25
-9.40 15.25
-8.85 15.25
-8.85 15.25
-8.85 15.25
-8.67 15.25
-8.67 15.25
-8.67 15.25
-8.31 15.25
-8.31 15.25
-8.31 15.25
-5.75 15.25
-5.75 15.25
-5.75 15.25
-5.39 15.25
-5.39 15.25
-5.39 15.25
-4.66 15.25
-4.66 15.25
-4.66 15.25
-4.29 15.25
-4.29 15.25
-4.29 15.25
-9.59 15.43
-9.59 15.43
-9.59 15.43
-8.85 15.43
-8.85 15.43
-8.85 15.43
-8.31 15.43
-8.31 15.43
-8.31 15.43
-4.84 15.43
-4.84 15.43
-4.84 15.43
-4.66 15.43
-4.66 15.43
-4.66 15.43
-3.74 15.43
-3.74 15.43
-3.74 15.43
-3.56 15.43
-3.56 15.43
-3.56 15.43
-9.77 15.61
-9.77 15.61
-9.77 15.61
-9.59 15.61
-9.59 15.61
-9.59 15.61
-8.49 15.61
-8.49 15.61
-8.49 15.61
-3.93 15.61
-3.93 15.61
-3.93 15.61
-3.56 15.61
-3.56 15.61
-3.56 15.61
-3.01 15.61
-3.01 15.61
-3.01 15.61
-2.83 15.61
-2.83 15.61
-2.83 15.61
-9.77 15.79
-9.77 15.79
-9.77 15.79
-9.04 15.79
-9.04 15.79
-9.04 15.79
-8.31 15.79
-8.31 15.79
-8.31 15.79
-4.11 15.79
-4.11 15.79
-4.11 15.79
-3.93 15.79
-3.93 15.79
-3.93 15.79
-3.38 15.79
-3.38 15.79
-3.38 15.79
-3.20 15.79
-3.20 15.79
-3.20 15.79
-3.01 15.79
-3.01 15.79
-3.01 15.79
-2.83 15.79
-2.83 15.79
-2.83 15.79
-8.85 15.98
-8.85 15.98
-8.85 15.98
-8.67 15.98
-8.67 15.98
-8.67 15.98
-8.31 15.98
-8.31 15.98
-8.31 15.98
-7.94 15.98
-7.94 15.98
-7.94 15.98
-7.76 15.98
-7.76 15.98
-7.76 15.98
-4.11 15.98
-4.11 15.98
-4.11 15.98
-3.93 15.98
-3.93 15.98
-3.93 15.98
-3.38 15.98
-3.38 15.98
-3.38 15.98
-9.04 16.16
-9.04 16.16
-9.04 16.16
-8.49 16.16
-8.49 16.16
-8.49 16.16
-8.12 16.16
-8.12 16.16
-8.12 16.16
-7.76 16.16
-7.76 16.16
-7.76 16.16
-7.58 16.16
-7.58 16.16
-7.58 16.16
-4.11 16.16
-4.11 16.16
-4.11 16.16
-3.01 16.16
-3.01 16.16
-3.01 16.16
-2.65 16.16
-2.65 16.16
-2.65 16.16
-2.46 16.16
-2.46 16.16
-2.46 16.16
-9.04 16.34
-9.04 16.34
-9.04 16.34
-6.66 16.34
-6.66 16.34
-6.66 16.34
-3.01 16.34
-3.01 16.34
-3.01 16.34
-8.85 16.52
-8.85 16.52
-8.85 16.52
-8.67 16.52
-8.67 16.52
-8.67 16.52
-8.49 16.52
-8.49 16.52
-8.49 16.52
-8.31 16.52
-8.31 16.52
-8.31 16.52
-8.12 16.52
-8.12 16.52
-8.12 16.52
-7.94 16.52
-7.94 16.52
-7.94 16.52
-7.58 16.52
-7.58 16.52
-7.58 16.52
-7.03 16.52
-7.03 16.52
-7.03 16.52
-6.85 16.52
-6.85 16.52
-6.85 16.52
-3.20 16.52
-3.20 16.52
-3.20 16.52
-3.01 16.52
-3.01 16.52
-3.01 16.52
-2.83 16.52
-2.83 16.52
-2.83 16.52
-2.65 16.52
-2.65 16.52
-2.65 16.52
-2.28 16.52
-2.28 16.52
-2.28 16.52
-7.39 16.71
-7.39 16.71
-7.39 16.71
-7.21 16.71
-7.21 16.71
-7.21 16.71
-6.85 16.71
-6.85 16.71
-6.85 16.71
-3.20 16.71
-3.20 16.71
-3.20 16.71
-3.01 16.71
-3.01 16.71
-3.01 16.71
-2.46 16.71
-2.46 16.71
-2.46 16.71
-2.10 16.71
-2.10 16.71
-2.10 16.71
-7.58 16.89
-7.58 16.89
-7.58 16.89
-7.21 16.89
-7.21 16.89
-7.21 16.89
-2.46 16.89
-2.46 16.89
-2.46 16.89
-2.28 16.89
-2.28 16.89
-2.28 16.89
-1.19 16.89
-1.19 16.89
-1.19 16.89
-8.31 17.07
-8.31 17.07
-8.31 17.07
-7.21 17.07
-7.21 17.07
-7.21 17.07
-7.03 17.07
-7.03 17.07
-7.03 17.07
-6.85 17.07
-6.85 17.07
-6.85 17.07
-2.10 17.07
-2.10 17.07
-2.10 17.07
-1.55 17.07
-1.55 17.07
-1.55 17.07
-8.31 17.25
-8.31 17.25
-8.31 17.25
-7.39 17.25
-7.39 17.25
-7.39 17.25
-7.21 17.25
-7.21 17.25
-7.21 17.25
-2.28 17.25
-2.28 17.25
-2.28 17.25
-1.92 17.25
-1.92 17.25
-1.92 17.25
-1.37 17.25
-1.37 17.25
-1.37 17.25
-1.19 17.25
-1.19 17.25
-1.19 17.25
-8.12 17.44
-8.12 17.44
-8.12 17.44
-6.85 17.44
-6.85 17.44
-6.85 17.44
-5.93 17.44
-5.93 17.44
-5.93 17.44
-2.46 17.44
-2.46 17.44
-2.46 17.44
-2.10 17.44
-2.10 17.44
-2.10 17.44
-1.92 17.44
-1.92 17.44
-1.92 17.44
-1.73 17.44
-1.73 17.44
-1.73 17.44
-1.19 17.44
-1.19 17.44
-1.19 17.44
-7.39 17.62
-7.39 17.62
-7.39 17.62
-6.30 17.62
-6.30 17.62
-6.30 17.62
-2.65 17.62
-2.65 17.62
-2.65 17.62
-2.46 17.62
-2.46 17.62
-2.46 17.62
-2.10 17.62
-2.10 17.62
-2.10 17.62
-1.55 17.62
-1.55 17.62
-1.55 17.62
-1.37 17.62
-1.37 17.62
-1.37 17.62
-1.19 17.62
-1.19 17.62
-1.19 17.62
-1.00 17.62
-1.00 17.62
-1.00 17.62
-0.82 17.62
-0.82 17.62
-0.82 17.62
-0.64 17.62
-0.64 17.62
-0.64 17.62
-0.27 17.62
-0.27 17.62
-0.27 17.62
-7.03 17.80
-7.03 17.80
-7.03 17.80
-6.85 17.80
-6.85 17.80
-6.85 17.80
-6.66 17.80
-6.66 17.80
-6.66 17.80
-5.75 17.80
-5.75 17.80
-5.75 17.80
-5.57 17.80
-5.57 17.80
-5.57 17.80
-5.39 17.80
-5.39 17.80
-5.39 17.80
-5.20 17.80
-5.20 17.80
-5.20 17.80
-2.65 17.80
-2.65 17.80
-2.65 17.80
-2.28 17.80
-2.28 17.80
-2.28 17.80
-1.73 17.80
-1.73 17.80
-1.73 17.80
-1.37 17.80
-1.37 17.80
-1.37 17.80
-0.82 17.80
-0.82 17.80
-0.82 17.80
-0.46 17.80
-0.46 17.80
-0.46 17.80
-6.66 17.98
-6.66 17.98
-6.66 17.98
-6.48 17.98
-6.48 17.98
-6.48 17.98
-6.30 17.98
-6.30 17.98
-6.30 17.98
-6.12 17.98
-6.12 17.98
-6.12 17.98
-5.75 17.98
-5.75 17.98
-5.75 17.98
-5.20 17.98
-5.20 17.98
-5.20 17.98
-1.37 17.98
-1.37 17.98
-1.37 17.98
-1.19 17.98
-1.19 17.98
-1.19 17.98
-1.00 17.98
-1.00 17.98
-1.00 17.98
-0.64 17.98
-0.64 17.98
-0.64 17.98
-0.46 17.98
-0.46 17.98
-0.46 17.98
-0.27 17.98
-0.27 17.98
-0.27 17.98
-5.93 18.17
-5.93 18.17
-5.93 18.17
-5.75 18.17
-5.75 18.17
-5.75 18.17
-5.57 18.17
-5.57 18.17
-5.57 18.17
-5.39 18.17
-5.39 18.17
-5.39 18.17
-1.00 18.17
-1.00 18.17
-1.00 18.17
-0.64 18.17
-0.64 18.17
-0.64 18.17
-0.27 18.17
-0.27 18.17
-0.27 18.17
-5.75 18.35
-5.75 18.35
-5.75 18.35
-5.57 18.35
-5.57 18.35
-5.57 18.35
-5.39 18.35
-5.39 18.35
-5.39 18.35
-0.46 18.35
-0.46 18.35
-0.46 18.35
-0.27 18.35
-0.27 18.35
-0.27 18.35
-5.02 18.53
-5.02 18.53
-5.02 18.53
-1.00 18.53
-1.00 18.53
-1.00 18.53
-0.82 18.53
-0.82 18.53
-0.82 18.53
-5.93 18.71
-5.93 18.71
-5.93 18.71
-5.39 18.71
-5.39 18.71
-5.39 18.71
-4.66 18.71
-4.66 18.71
-4.66 18.71
-4.47 18.71
-4.47 18.71
-4.47 18.71
-5.20 18.90
-5.20 18.90
-5.20 18.90
-5.02 18.90
-5.02 18.90
-5.02 18.90
-4.66 18.90
-4.66 18.90
-4.66 18.90
-4.47 18.90
-4.47 18.90
-4.47 18.90
-1.00 18.90
-1.00 18.90
-1.00 18.90
-0.09 18.90
-0.09 18.90
-0.09 18.90
0.09 18.90
0.09 18.90
0.09 18.90
0.27 18.90
0.27 18.90
0.27 18.90
0.46 18.90
0.46 18.90
0.46 18.90
-5.93 19.08
-5.93 19.08
-5.93 19.08
-5.75 19.08
-5.75 19.08
-5.75 19.08
-5.02 19.08
-5.02 19.08
-5.02 19.08
-4.84 19.08
-4.84 19.08
-4.84 19.08
-4.66 19.08
-4.66 19.08
-4.66 19.08
-1.92 19.08
-1.92 19.08
-1.92 19.08
-1.55 19.08
-1.55 19.08
-1.55 19.08
-1.37 19.08
-1.37 19.08
-1.37 19.08
0.27 19.08
0.27 19.08
0.27 19.08
0.46 19.08
0.46 19.08
0.46 19.08
-5.75 19.26
-5.75 19.26
-5.75 19.26
-5.57 19.26
-5.57 19.26
-5.57 19.26
-5.20 19.26
-5.20 19.26
-5.20 19.26
-3.93 19.26
-3.93 19.26
-3.93 19.26
-3.74 19.26
-3.74 19.26
-3.74 19.26
-3.56 19.26
-3.56 19.26
-3.56 19.26
-1.92 19.26
-1.92 19.26
-1.92 19.26
-0.46 19.26
-0.46 19.26
-0.46 19.26
-0.27 19.26
-0.27 19.26
-0.27 19.26
-0.09 19.26
-0.09 19.26
-0.09 19.26
-5.75 19.44
-5.75 19.44
-5.75 19.44
-4.84 19.44
-4.84 19.44
-4.84 19.44
-4.66 19.44
-4.66 19.44
-4.66 19.44
-4.47 19.44
-4.47 19.44
-4.47 19.44
-4.29 19.44
-4.29 19.44
-4.29 19.44
-4.11 19.44
-4.11 19.44
-4.11 19.44
-3.01 19.44
-3.01 19.44
-3.01 19.44
-2.65 19.44
-2.65 19.44
-2.65 19.44
-2.46 19.44
-2.46 19.44
-2.46 19.44
-2.10 19.44
-2.10 19.44
-2.10 19.44
-1.73 19.44
-1.73 19.44
-1.73 19.44
-1.37 19.44
-1.37 19.44
-1.37 19.44
-1.19 19.44
-1.19 19.44
-1.19 19.44
-1.00 19.44
-1.00 19.44
-1.00 19.44
-0.82 19.44
-0.82 19.44
-0.82 19.44
-0.64 19.44
-0.64 19.44
-0.64 19.44
-0.09 19.44
-0.09 19.44
-0.09 19.44
0.46 19.44
0.46 19.44
0.46 19.44
1.19 19.44
1.19 19.44
1.19 19.44
-5.02 19.63
-5.02 19.63
-5.02 19.63
-4.84 19.63
-4.84 19.63
-4.84 19.63
-4.47 19.63
-4.47 19.63
-4.47 19.63
-3.74 19.63
-3.74 19.63
-3.74 19.63
-3.56 19.63
-3.56 19.63
-3.56 19.63
-3.01 19.63
-3.01 19.63
-3.01 19.63
-2.83 19.63
-2.83 19.63
-2.83 19.63
-2.65 19.63
-2.65 19.63
-2.65 19.63
-2.28 19.63
-2.28 19.63
-2.28 19.63
-2.10 19.63
-2.10 19.63
-2.10 19.63
-1.92 19.63
-1.92 19.63
-1.92 19.63
-1.55 19.63
-1.55 19.63
-1.55 19.63
-1.37 19.63
-1.37 19.63
-1.37 19.63
-0.82 19.63
-0.82 19.63
-0.82 19.63
-0.64 19.63
-0.64 19.63
-0.64 19.63
-0.46 19.63
-0.46 19.63
-0.46 19.63
-0.27 19.63
-0.27 19.63
-0.27 19.63
0.09 19.63
0.09 19.63
0.09 19.63
0.27 19.63
0.27 19.63
0.27 19.63
0.82 19.63
0.82 19.63
0.82 19.63
1.00 19.63
1.00 19.63
1.00 19.63
-4.11 19.81
-4.11 19.81
-4.11 19.81
-3.74 19.81
-3.74 19.81
-3.74 19.81
-3.56 19.81
-3.56 19.81
-3.56 19.81
-3.38 19.81
-3.38 19.81
-3.38 19.81
-2.28 19.81
-2.28 19.81
-2.28 19.81
-2.10 19.81
-2.10 19.81
-2.10 19.81
-1.55 19.81
-1.55 19.81
-1.55 19.81
-1.00 19.81
-1.00 19.81
-1.00 19.81
-0.82 19.81
-0.82 19.81
-0.82 19.81
-0.46 19.81
-0.46 19.81
-0.46 19.81
0.09 19.81
0.09 19.81
0.09 19.81
0.46 19.81
0.46 19.81
0.46 19.81
0.64 19.81
0.64 19.81
0.64 19.81
0.82 19.81
0.82 19.81
0.82 19.81
1.19 19.81
1.19 19.81
1.19 19.81
-4.29 19.99
-4.29 19.99
-4.29 19.99
-4.11 19.99
-4.11 19.99
-4.11 19.99
-3.56 19.99
-3.56 19.99
-3.56 19.99
-2.10 19.99
-2.10 19.99
-2.10 19.99
-1.92 19.99
-1.92 19.99
-1.92 19.99
-1.55 19.99
-1.55 19.99
-1.55 19.99
-1.19 19.99
-1.19 19.99
-1.19 19.99
-0.64 19.99
-0.64 19.99
-0.64 19.99
-0.46 19.99
-0.46 19.99
-0.46 19.99
0.09 19.99
0.09 19.99
0.09 19.99
0.27 19.99
0.27 19.99
0.27 19.99
0.82 19.99
0.82 19.99
0.82 19.99
1.00 19.99
1.00 19.99
1.00 19.99
1.19 19.99
1.19 19.99
1.19 19.99
-3.56 20.17
-3.56 20.17
-3.56 20.17
-3.38 20.17
-3.38 20.17
-3.38 20.17
-3.20 20.17
-3.20 20.17
-3.20 20.17
-1.55 20.17
-1.55 20.17
-1.55 20.17
-0.27 20.17
-0.27 20.17
-0.27 20.17
-3.56 20.36
-3.56 20.36
-3.56 20.36
-3.38 20.36
-3.38 20.36
-3.38 20.36
-3.20 20.36
-3.20 20.36
-3.20 20.36
-3.01 20.36
-3.01 20.36
-3.01 20.36
-2.83 20.36
-2.83 20.36
-2.83 20.36
-2.65 20.36
-2.65 20.36
-2.65 20.36
-2.46 20.36
-2.46 20.36
-2.46 20.36
-2.28 20.36
-2.28 20.36
-2.28 20.36
-1.92 20.36
-1.92 20.36
-1.92 20.36
-0.82 20.36
-0.82 20.36
-0.82 20.36
-0.64 20.36
-0.64 20.36
-0.64 20.36
-0.46 20.36
-0.46 20.36
-0.46 20.36
-0.27 20.36
-0.27 20.36
-0.27 20.36
0.27 20.36
0.27 20.36
0.27 20.36
0.64 20.36
0.64 20.36
0.64 20.36
0.82 20.36
0.82 20.36
0.82 20.36
1.00 20.36
1.00 20.36
1.00 20.36
1.92 20.36
1.92 20.36
1.92 20.36
-3.01 20.54
-3.01 20.54
-3.01 20.54
-2.83 20.54
-2.83 20.54
-2.83 20.54
-2.65 20.54
-2.65 20.54
-2.65 20.54
-2.46 20.54
-2.46 20.54
-2.46 20.54
-2.28 20.54
-2.28 20.54
-2.28 20.54
-1.92 20.54
-1.92 20.54
-1.92 20.54
-1.19 20.54
-1.19 20.54
-1.19 20.54
0.09 20.54
0.09 20.54
0.09 20.54
0.27 20.54
0.27 20.54
0.27 20.54
0.64 20.54
0.64 20.54
0.64 20.54
1.19 20.54
1.19 20.54
1.19 20.54
1.37 20.54
1.37 20.54
1.37 20.54
1.55 20.54
1.55 20.54
1.55 20.54
1.73 20.54
1.73 20.54
1.73 20.54
-1.92 20.72
-1.92 20.72
-1.92 20.72
0.09 20.72
0.09 20.72
0.09 20.72
0.64 20.72
0.64 20.72
0.64 20.72
0.82 20.72
0.82 20.72
0.82 20.72
1.00 20.72
1.00 20.72
1.00 20.72
1.19 20.72
1.19 20.72
1.19 20.72
1.73 20.72
1.73 20.72
1.73 20.72
1.92 20.72
1.92 20.72
1.92 20.72
2.46 20.72
2.46 20.72
2.46 20.72
2.65 20.72
2.65 20.72
2.65 20.72
-2.10 20.91
-2.10 20.91
-2.10 20.91
-0.09 20.91
-0.09 20.91
-0.09 20.91
0.09 20.91
0.09 20.91
0.09 20.91
0.64 20.91
0.64 20.91
0.64 20.91
1.19 20.91
1.19 20.91
1.19 20.91
1.37 20.91
1.37 20.91
1.37 20.91
1.55 20.91
1.55 20.91
1.55 20.91
1.73 20.91
1.73 20.91
1.73 20.91
1.92 20.91
1.92 20.91
1.92 20.91
2.28 20.91
2.28 20.91
2.28 20.91
-3.56 21.09
-3.56 21.09
-3.56 21.09
-3.38 21.09
-3.38 21.09
-3.38 21.09
-0.27 21.09
-0.27 21.09
-0.27 21.09
0.09 21.09
0.09 21.09
0.09 21.09
0.27 21.09
0.27 21.09
0.27 21.09
0.46 21.09
0.46 21.09
0.46 21.09
1.00 21.09
1.00 21.09
1.00 21.09
1.37 21.09
1.37 21.09
1.37 21.09
1.55 21.09
1.55 21.09
1.55 21.09
2.10 21.09
2.10 21.09
2.10 21.09
2.65 21.09
2.65 21.09
2.65 21.09
-3.38 21.27
-3.38 21.27
-3.38 21.27
-0.27 21.27
-0.27 21.27
-0.27 21.27
0.27 21.27
0.27 21.27
0.27 21.27
0.64 21.27
0.64 21.27
0.64 21.27
2.28 21.27
2.28 21.27
2.28 21.27
2.65 21.27
2.65 21.27
2.65 21.27
-3.20 21.45
-3.20 21.45
-3.20 21.45
-3.01 21.45
-3.01 21.45
-3.01 21.45
-2.83 21.45
-2.83 21.45
-2.83 21.45
-2.65 21.45
-2.65 21.45
-2.65 21.45
-2.10 21.45
-2.10 21.45
-2.10 21.45
-0.46 21.45
-0.46 21.45
-0.46 21.45
1.37 21.45
1.37 21.45
1.37 21.45
2.65 21.45
2.65 21.45
2.65 21.45
-3.56 21.64
-3.56 21.64
-3.56 21.64
-3.38 21.64
-3.38 21.64
-3.38 21.64
-3.20 21.64
-3.20 21.64
-3.20 21.64
-3.01 21.64
-3.01 21.64
-3.01 21.64
-2.28 21.64
-2.28 21.64
-2.28 21.64
-2.10 21.64
-2.10 21.64
-2.10 21.64
-1.55 21.64
-1.55 21.64
-1.55 21.64
-1.37 21.64
-1.37 21.64
-1.37 21.64
-0.64 21.64
-0.64 21.64
-0.64 21.64
-0.46 21.64
-0.46 21.64
-0.46 21.64
0.09 21.64
0.09 21.64
0.09 21.64
0.64 21.64
0.64 21.64
0.64 21.64
0.82 21.64
0.82 21.64
0.82 21.64
1.00 21.64
1.00 21.64
1.00 21.64
1.19 21.64
1.19 21.64
1.19 21.64
1.37 21.64
1.37 21.64
1.37 21.64
1.55 21.64
1.55 21.64
1.55 21.64
1.73 21.64
1.73 21.64
1.73 21.64
2.28 21.64
2.28 21.64
2.28 21.64
-2.28 21.82
-2.28 21.82
-2.28 21.82
-1.73 21.82
-1.73 21.82
-1.73 21.82
-1.00 21.82
-1.00 21.82
-1.00 21.82
-0.82 21.82
-0.82 21.82
-0.82 21.82
-0.27 21.82
-0.27 21.82
-0.27 21.82
-0.09 21.82
-0.09 21.82
-0.09 21.82
0.46 21.82
0.46 21.82
0.46 21.82
0.82 21.82
0.82 21.82
0.82 21.82
1.00 21.82
1.00 21.82
1.00 21.82
1.19 21.82
1.19 21.82
1.19 21.82
1.37 21.82
1.37 21.82
1.37 21.82
1.55 21.82
1.55 21.82
1.55 21.82
1.73 21.82
1.73 21.82
1.73 21.82
1.92 21.82
1.92 21.82
1.92 21.82
2.46 21.82
2.46 21.82
2.46 21.82
2.65 21.82
2.65 21.82
2.65 21.82
-3.56 22.00
-3.56 22.00
-3.56 22.00
-3.38 22.00
-3.38 22.00
-3.38 22.00
-2.83 22.00
-2.83 22.00
-2.83 22.00
-2.65 22.00
-2.65 22.00
-2.65 22.00
-2.46 22.00
-2.46 22.00
-2.46 22.00
-2.10 22.00
-2.10 22.00
-2.10 22.00
-1.73 22.00
-1.73 22.00
-1.73 22.00
-1.55 22.00
-1.55 22.00
-1.55 22.00
-1.19 22.00
-1.19 22.00
-1.19 22.00
-0.64 22.00
-0.64 22.00
-0.64 22.00
-0.46 22.00
-0.46 22.00
-0.46 22.00
-0.27 22.00
-0.27 22.00
-0.27 22.00
-0.09 22.00
-0.09 22.00
-0.09 22.00
0.27 22.00
0.27 22.00
0.27 22.00
0.46 22.00
0.46 22.00
0.46 22.00
0.82 22.00
0.82 22.00
0.82 22.00
1.00 22.00
1.00 22.00
1.00 22.00
1.19 22.00
1.19 22.00
1.19 22.00
1.37 22.00
1.37 22.00
1.37 22.00
1.55 22.00
1.55 22.00
1.55 22.00
1.73 22.00
1.73 22.00
1.73 22.00
1.92 22.00
1.92 22.00
1.92 22.00
2.10 22.00
2.10 22.00
2.10 22.00
2.46 22.00
2.46 22.00
2.46 22.00
-2.65 22.18
-2.65 22.18
-2.65 22.18
-2.46 22.18
-2.46 22.18
-2.46 22.18
-2.28 22.18
-2.28 22.18
-2.28 22.18
-2.10 22.18
-2.10 22.18
-2.10 22.18
-1.73 22.18
-1.73 22.18
-1.73 22.18
-1.55 22.18
-1.55 22.18
-1.55 22.18
-0.82 22.18
-0.82 22.18
-0.82 22.18
-0.64 22.18
-0.64 22.18
-0.64 22.18
0.27 22.18
0.27 22.18
0.27 22.18
0.46 22.18
0.46 22.18
0.46 22.18
0.64 22.18
0.64 22.18
0.64 22.18
1.92 22.18
1.92 22.18
1.92 22.18
2.10 22.18
2.10 22.18
2.10 22.18
-3.56 22.37
-3.56 22.37
-3.56 22.37
-3.20 22.37
-3.20 22.37
-3.20 22.37
-3.01 22.37
-3.01 22.37
-3.01 22.37
-2.83 22.37
-2.83 22.37
-2.83 22.37
-2.10 22.37
-2.10 22.37
-2.10 22.37
-1.00 22.37
-1.00 22.37
-1.00 22.37
-0.09 22.37
-0.09 22.37
-0.09 22.37
0.64 22.37
0.64 22.37
0.64 22.37
2.65 22.37
2.65 22.37
2.65 22.37
-2.65 22.55
-2.65 22.55
-2.65 22.55
-2.46 22.55
-2.46 22.55
-2.46 22.55
-1.55 22.55
-1.55 22.55
-1.55 22.55
-1.00 22.55
-1.00 22.55
-1.00 22.55
-0.46 22.55
-0.46 22.55
-0.46 22.55
-0.27 22.55
-0.27 22.55
-0.27 22.55
0.09 22.55
0.09 22.55
0.09 22.55
0.27 22.55
0.27 22.55
0.27 22.55
0.46 22.55
0.46 22.55
0.46 22.55
0.64 22.55
0.64 22.55
0.64 22.55
-2.83 22.73
-2.83 22.73
-2.83 22.73
-2.65 22.73
-2.65 22.73
-2.65 22.73
-0.64 22.73
-0.64 22.73
-0.64 22.73
-0.27 22.73
-0.27 22.73
-0.27 22.73
0.09 22.73
0.09 22.73
0.09 22.73
0.27 22.73
0.27 22.73
0.27 22.73
0.64 22.73
0.64 22.73
0.64 22.73
0.82 22.73
0.82 22.73
0.82 22.73
1.00 22.73
1.00 22.73
1.00 22.73
1.55 22.73
1.55 22.73
1.55 22.73
1.92 22.73
1.92 22.73
1.92 22.73
-2.65 22.91
-2.65 22.91
-2.65 22.91
-2.46 22.91
-2.46 22.91
-2.46 22.91
-2.28 22.91
-2.28 22.91
-2.28 22.91
-2.10 22.91
-2.10 22.91
-2.10 22.91
-1.92 22.91
-1.92 22.91
-1.92 22.91
-1.73 22.91
-1.73 22.91
-1.73 22.91
-0.27 22.91
-0.27 22.91
-0.27 22.91
-0.09 22.91
-0.09 22.91
-0.09 22.91
0.27 22.91
0.27 22.91
0.27 22.91
0.64 22.91
0.64 22.91
0.64 22.91
1.19 22.91
1.19 22.91
1.19 22.91
1.37 22.91
1.37 22.91
1.37 22.91
1.92 22.91
1.92 22.91
1.92 22.91
3.01 22.91
3.01 22.91
3.01 22.91
3.20 22.91
3.20 22.91
3.20 22.91
3.38 22.91
3.38 22.91
3.38 22.91
-2.83 23.10
-2.83 23.10
-2.83 23.10
-0.82 23.10
-0.82 23.10
-0.82 23.10
-0.46 23.10
-0.46 23.10
-0.46 23.10
0.27 23.10
0.27 23.10
0.27 23.10
1.19 23.10
1.19 23.10
1.19 23.10
1.37 23.10
1.37 23.10
1.37 23.10
1.55 23.10
1.55 23.10
1.55 23.10
1.73 23.10
1.73 23.10
1.73 23.10
1.92 23.10
1.92 23.10
1.92 23.10
2.46 23.10
2.46 23.10
2.46 23.10
2.65 23.10
2.65 23.10
2.65 23.10
3.01 23.10
3.01 23.10
3.01 23.10
3.20 23.10
3.20 23.10
3.20 23.10
-2.65 23.28
-2.65 23.28
-2.65 23.28
-2.46 23.28
-2.46 23.28
-2.46 23.28
-1.19 23.28
-1.19 23.28
-1.19 23.28
-1.00 23.28
-1.00 23.28
-1.00 23.28
-0.82 23.28
-0.82 23.28
-0.82 23.28
-0.64 23.28
-0.64 23.28
-0.64 23.28
1.92 23.28
1.92 23.28
1.92 23.28
2.10 23.28
2.10 23.28
2.10 23.28
2.46 23.28
2.46 23.28
2.46 23.28
2.65 23.28
2.65 23.28
2.65 23.28
-2.65 23.46
-2.65 23.46
-2.65 23.46
-2.10 23.46
-2.10 23.46
-2.10 23.46
-1.92 23.46
-1.92 23.46
-1.92 23.46
-1.73 23.46
-1.73 23.46
-1.73 23.46
-1.55 23.46
-1.55 23.46
-1.55 23.46
-1.37 23.46
-1.37 23.46
-1.37 23.46
-1.19 23.46
-1.19 23.46
-1.19 23.46
-0.64 23.46
-0.64 23.46
-0.64 23.46
1.92 23.46
1.92 23.46
1.92 23.46
2.10 23.46
2.10 23.46
2.10 23.46
3.38 23.46
3.38 23.46
3.38 23.46
3.74 23.46
3.74 23.46
3.74 23.46
3.93 23.46
3.93 23.46
3.93 23.46
-2.83 23.64
-2.83 23.64
-2.83 23.64
-2.65 23.64
-2.65 23.64
-2.65 23.64
-2.28 23.64
-2.28 23.64
-2.28 23.64
-1.55 23.64
-1.55 23.64
-1.55 23.64
-1.37 23.64
-1.37 23.64
-1.37 23.64
1.92 23.64
1.92 23.64
1.92 23.64
2.28 23.64
2.28 23.64
2.28 23.64
3.01 23.64
3.01 23.64
3.01 23.64
3.38 23.64
3.38 23.64
3.38 23.64
3.56 23.64
3.56 23.64
3.56 23.64
3.74 23.64
3.74 23.64
3.74 23.64
3.93 23.64
3.93 23.64
3.93 23.64
4.11 23.64
4.11 23.64
4.11 23.64
-1.37 23.83
-1.37 23.83
-1.37 23.83
-1.19 23.83
-1.19 23.83
-1.19 23.83
-1.00 23.83
-1.00 23.83
-1.00 23.83
-0.82 23.83
-0.82 23.83
-0.82 23.83
-0.64 23.83
-0.64 23.83
-0.64 23.83
1.92 23.83
1.92 23.83
1.92 23.83
2.28 23.83
2.28 23.83
2.28 23.83
2.65 23.83
2.65 23.83
2.65 23.83
3.01 23.83
3.01 23.83
3.01 23.83
3.38 23.83
3.38 23.83
3.38 23.83
4.11 23.83
4.11 23.83
4.11 23.83
-2.10 24.01
-2.10 24.01
-2.10 24.01
-1.92 24.01
-1.92 24.01
-1.92 24.01
-1.73 24.01
-1.73 24.01
-1.73 24.01
-1.55 24.01
-1.55 24.01
-1.55 24.01
-1.37 24.01
-1.37 24.01
-1.37 24.01
-1.19 24.01
-1.19 24.01
-1.19 24.01
-1.00 24.01
-1.00 24.01
-1.00 24.01
-0.82 24.01
-0.82 24.01
-0.82 24.01
2.10 24.01
2.10 24.01
2.10 24.01
2.65 24.01
2.65 24.01
2.65 24.01
3.01 24.01
3.01 24.01
3.01 24.01
3.20 24.01
3.20 24.01
3.20 24.01
3.38 24.01
3.38 24.01
3.38 24.01
3.74 24.01
3.74 24.01
3.74 24.01
3.93 24.01
3.93 24.01
3.93 24.01
4.11 24.01
4.11 24.01
4.11 24.01
-2.10 24.19
-2.10 24.19
-2.10 24.19
-1.55 24.19
-1.55 24.19
-1.55 24.19
-1.19 24.19
-1.19 24.19
-1.19 24.19
-1.00 24.19
-1.00 24.19
-1.00 24.19
-0.82 24.19
-0.82 24.19
-0.82 24.19
-0.64 24.19
-0.64 24.19
-0.64 24.19
2.10 24.19
2.10 24.19
2.10 24.19
2.46 24.19
2.46 24.19
2.46 24.19
2.65 24.19
2.65 24.19
2.65 24.19
2.83 24.19
2.83 24.19
2.83 24.19
3.01 24.19
3.01 24.19
3.01 24.19
3.38 24.19
3.38 24.19
3.38 24.19
4.11 24.19
4.11 24.19
4.11 24.19
-1.73 24.37
-1.73 24.37
-1.73 24.37
-1.55 24.37
-1.55 24.37
-1.55 24.37
-0.09 24.37
-0.09 24.37
-0.09 24.37
0.09 24.37
0.09 24.37
0.09 24.37
1.92 24.37
1.92 24.37
1.92 24.37
2.28 24.37
2.28 24.37
2.28 24.37
2.46 24.37
2.46 24.37
2.46 24.37
3.93 24.37
3.93 24.37
3.93 24.37
-1.92 24.56
-1.92 24.56
-1.92 24.56
-1.37 24.56
-1.37 24.56
-1.37 24.56
-1.19 24.56
-1.19 24.56
-1.19 24.56
-1.00 24.56
-1.00 24.56
-1.00 24.56
-0.27 24.56
-0.27 24.56
-0.27 24.56
-0.09 24.56
-0.09 24.56
-0.09 24.56
2.10 24.56
2.10 24.56
2.10 24.56
2.65 24.56
2.65 24.56
2.65 24.56
2.83 24.56
2.83 24.56
2.83 24.56
3.01 24.56
3.01 24.56
3.01 24.56
3.20 24.56
3.20 24.56
3.20 24.56
3.93 24.56
3.93 24.56
3.93 24.56
-1.92 24.74
-1.92 24.74
-1.92 24.74
-1.37 24.74
-1.37 24.74
-1.37 24.74
1.92 24.74
1.92 24.74
1.92 24.74
2.28 24.74
2.28 24.74
2.28 24.74
2.46 24.74
2.46 24.74
2.46 24.74
2.65 24.74
2.65 24.74
2.65 24.74
3.20 24.74
3.20 24.74
3.20 24.74
3.56 24.74
3.56 24.74
3.56 24.74
-2.10 24.92
-2.10 24.92
-2.10 24.92
-1.37 24.92
-1.37 24.92
-1.37 24.92
-1.19 24.92
-1.19 24.92
-1.19 24.92
-0.46 24.92
-0.46 24.92
-0.46 24.92
-0.27 24.92
-0.27 24.92
-0.27 24.92
-0.09 24.92
-0.09 24.92
-0.09 24.92
0.09 24.92
0.09 24.92
0.09 24.92
1.92 24.92
1.92 24.92
1.92 24.92
2.10 24.92
2.10 24.92
2.10 24.92
2.28 24.92
2.28 24.92
2.28 24.92
3.01 24.92
3.01 24.92
3.01 24.92
3.20 24.92
3.20 24.92
3.20 24.92
3.93 24.92
3.93 24.92
3.93 24.92
4.11 24.92
4.11 24.92
4.11 24.92
-1.19 25.10
-1.19 25.10
-1.19 25.10
-1.00 25.10
-1.00 25.10
-1.00 25.10
-0.82 25.10
-0.82 25.10
-0.82 25.10
-0.46 25.10
-0.46 25.10
-0.46 25.10
-0.27 25.10
-0.27 25.10
-0.27 25.10
1.19 25.10
1.19 25.10
1.19 25.10
1.37 25.10
1.37 25.10
1.37 25.10
1.92 25.10
1.92 25.10
1.92 25.10
2.83 25.10
2.83 25.10
2.83 25.10
3.38 25.10
3.38 25.10
3.38 25.10
3.56 25.10
3.56 25.10
3.56 25.10
3.74 25.10
3.74 25.10
3.74 25.10
-1.37 25.29
-1.37 25.29
-1.37 25.29
-1.19 25.29
-1.19 25.29
-1.19 25.29
-1.00 25.29
-1.00 25.29
-1.00 25.29
-0.82 25.29
-0.82 25.29
-0.82 25.29
-0.46 25.29
-0.46 25.29
-0.46 25.29
-0.27 25.29
-0.27 25.29
-0.27 25.29
-0.09 25.29
-0.09 25.29
-0.09 25.29
0.09 25.29
0.09 25.29
0.09 25.29
0.27 25.29
0.27 25.29
0.27 25.29
0.64 25.29
0.64 25.29
0.64 25.29
1.00 25.29
1.00 25.29
1.00 25.29
1.73 25.29
1.73 25.29
1.73 25.29
1.92 25.29
1.92 25.29
1.92 25.29
2.83 25.29
2.83 25.29
2.83 25.29
3.38 25.29
3.38 25.29
3.38 25.29
3.93 25.29
3.93 25.29
3.93 25.29
4.11 25.29
4.11 25.29
4.11 25.29
4.29 25.29
4.29 25.29
4.29 25.29
4.66 25.29
4.66 25.29
4.66 25.29
4.84 25.29
4.84 25.29
4.84 25.29
-1.37 25.47
-1.37 25.47
-1.37 25.47
-1.19 25.47
-1.19 25.47
-1.19 25.47
-1.00 25.47
-1.00 25.47
-1.00 25.47
-0.64 25.47
-0.64 25.47
-0.64 25.47
0.46 25.47
0.46 25.47
0.46 25.47
0.64 25.47
0.64 25.47
0.64 25.47
0.82 25.47
0.82 25.47
0.82 25.47
1.00 25.47
1.00 25.47
1.00 25.47
1.19 25.47
1.19 25.47
1.19 25.47
1.55 25.47
1.55 25.47
1.55 25.47
3.38 25.47
3.38 25.47
3.38 25.47
3.74 25.47
3.74 25.47
3.74 25.47
4.47 25.47
4.47 25.47
4.47 25.47
4.66 25.47
4.66 25.47
4.66 25.47
4.84 25.47
4.84 25.47
4.84 25.47
-1.37 25.65
-1.37 25.65
-1.37 25.65
-0.82 25.65
-0.82 25.65
-0.82 25.65
0.46 25.65
0.46 25.65
0.46 25.65
0.64 25.65
0.64 25.65
0.64 25.65
0.82 25.65
0.82 25.65
0.82 25.65
1.00 25.65
1.00 25.65
1.00 25.65
1.37 25.65
1.37 25.65
1.37 25.65
3.38 25.65
3.38 25.65
3.38 25.65
3.56 25.65
3.56 25.65
3.56 25.65
3.74 25.65
3.74 25.65
3.74 25.65
3.93 25.65
3.93 25.65
3.93 25.65
4.29 25.65
4.29 25.65
4.29 25.65
4.66 25.65
4.66 25.65
4.66 25.65
0.46 25.83
0.46 25.83
0.46 25.83
0.64 25.83
0.64 25.83
0.64 25.83
0.82 25.83
0.82 25.83
0.82 25.83
1.00 25.83
1.00 25.83
1.00 25.83
1.19 25.83
1.19 25.83
1.19 25.83
1.55 25.83
1.55 25.83
1.55 25.83
1.73 25.83
1.73 25.83
1.73 25.83
3.56 25.83
3.56 25.83
3.56 25.83
3.93 25.83
3.93 25.83
3.93 25.83
4.29 25.83
4.29 25.83
4.29 25.83
4.66 25.83
4.66 25.83
4.66 25.83
-0.09 26.02
-0.09 26.02
-0.09 26.02
0.27 26.02
0.27 26.02
0.27 26.02
0.46 26.02
0.46 26.02
0.46 26.02
0.82 26.02
0.82 26.02
0.82 26.02
3.38 26.02
3.38 26.02
3.38 26.02
3.56 26.02
3.56 26.02
3.56 26.02
3.74 26.02
3.74 26.02
3.74 26.02
3.93 26.02
3.93 26.02
3.93 26.02
4.11 26.02
4.11 26.02
4.11 26.02
4.29 26.02
4.29 26.02
4.29 26.02
4.47 26.02
4.47 26.02
4.47 26.02
4.66 26.02
4.66 26.02
4.66 26.02
0.46 26.20
0.46 26.20
0.46 26.20
0.64 26.20
0.64 26.20
0.64 26.20
3.56 26.20
3.56 26.20
3.56 26.20
3.74 26.20
3.74 26.20
3.74 26.20
3.93 26.20
3.93 26.20
3.93 26.20
4.29 26.20
4.29 26.20
4.29 26.20
4.66 26.20
4.66 26.20
4.66 26.20
4.84 26.20
4.84 26.20
4.84 26.20
5.20 26.20
5.20 26.20
5.20 26.20
5.57 26.20
5.57 26.20
5.57 26.20
-0.46 26.38
-0.46 26.38
-0.46 26.38
-0.09 26.38
-0.09 26.38
-0.09 26.38
0.09 26.38
0.09 26.38
0.09 26.38
0.27 26.38
0.27 26.38
0.27 26.38
0.46 26.38
0.46 26.38
0.46 26.38
0.82 26.38
0.82 26.38
0.82 26.38
3.38 26.38
3.38 26.38
3.38 26.38
3.56 26.38
3.56 26.38
3.56 26.38
3.74 26.38
3.74 26.38
3.74 26.38
4.29 26.38
4.29 26.38
4.29 26.38
4.84 26.38
4.84 26.38
4.84 26.38
5.02 26.38
5.02 26.38
5.02 26.38
5.20 26.38
5.20 26.38
5.20 26.38
5.39 26.38
5.39 26.38
5.39 26.38
0.46 26.56
0.46 26.56
0.46 26.56
0.64 26.56
0.64 26.56
0.64 26.56
1.19 26.56
1.19 26.56
1.19 26.56
3.38 26.56
3.38 26.56
3.38 26.56
4.29 26.56
4.29 26.56
4.29 26.56
4.84 26.56
4.84 26.56
4.84 26.56
5.02 26.56
5.02 26.56
5.02 26.56
5.39 26.56
5.39 26.56
5.39 26.56
5.57 26.56
5.57 26.56
5.57 26.56
0.27 26.75
0.27 26.75
0.27 26.75
0.46 26.75
0.46 26.75
0.46 26.75
0.82 26.75
0.82 26.75
0.82 26.75
1.73 26.75
1.73 26.75
1.73 26.75
2.28 26.75
2.28 26.75
2.28 26.75
2.83 26.75
2.83 26.75
2.83 26.75
3.20 26.75
3.20 26.75
3.20 26.75
3.56 26.75
3.56 26.75
3.56 26.75
4.11 26.75
4.11 26.75
4.11 26.75
4.29 26.75
4.29 26.75
4.29 26.75
4.47 26.75
4.47 26.75
4.47 26.75
4.66 26.75
4.66 26.75
4.66 26.75
4.84 26.75
4.84 26.75
4.84 26.75
5.02 26.75
5.02 26.75
5.02 26.75
5.20 26.75
5.20 26.75
5.20 26.75
5.39 26.75
5.39 26.75
5.39 26.75
5.57 26.75
5.57 26.75
5.57 26.75
0.27 26.93
0.27 26.93
0.27 26.93
1.19 26.93
1.19 26.93
1.19 26.93
2.10 26.93
2.10 26.93
2.10 26.93
2.28 26.93
2.28 26.93
2.28 26.93
2.65 26.93
2.65 26.93
2.65 26.93
3.01 26.93
3.01 26.93
3.01 26.93
3.56 26.93
3.56 26.93
3.56 26.93
3.74 26.93
3.74 26.93
3.74 26.93
4.11 26.93
4.11 26.93
4.11 26.93
4.29 26.93
4.29 26.93
4.29 26.93
4.47 26.93
4.47 26.93
4.47 26.93
4.66 26.93
4.66 26.93
4.66 26.93
5.02 26.93
5.02 26.93
5.02 26.93
5.39 26.93
5.39 26.93
5.39 26.93
5.57 26.93
5.57 26.93
5.57 26.93
0.27 27.11
0.27 27.11
0.27 27.11
0.46 27.11
0.46 27.11
0.46 27.11
0.64 27.11
0.64 27.11
0.64 27.11
1.00 27.11
1.00 27.11
1.00 27.11
1.19 27.11
1.19 27.11
1.19 27.11
1.37 27.11
1.37 27.11
1.37 27.11
1.55 27.11
1.55 27.11
1.55 27.11
1.73 27.11
1.73 27.11
1.73 27.11
2.46 27.11
2.46 27.11
2.46 27.11
2.65 27.11
2.65 27.11
2.65 27.11
3.20 27.11
3.20 27.11
3.20 27.11
3.38 27.11
3.38 27.11
3.38 27.11
3.74 27.11
3.74 27.11
3.74 27.11
4.29 27.11
4.29 27.11
4.29 27.11
4.66 27.11
4.66 27.11
4.66 27.11
5.39 27.11
5.39 27.11
5.39 27.11
5.57 27.11
5.57 27.11
5.57 27.11
0.27 27.30
0.27 27.30
0.27 27.30
0.64 27.30
0.64 27.30
0.64 27.30
1.00 27.30
1.00 27.30
1.00 27.30
2.28 27.30
2.28 27.30
2.28 27.30
2.83 27.30
2.83 27.30
2.83 27.30
3.01 27.30
3.01 27.30
3.01 27.30
3.56 27.30
3.56 27.30
3.56 27.30
3.93 27.30
3.93 27.30
3.93 27.30
4.84 27.30
4.84 27.30
4.84 27.30
5.02 27.30
5.02 27.30
5.02 27.30
5.20 27.30
5.20 27.30
5.20 27.30
5.39 27.30
5.39 27.30
5.39 27.30
0.64 27.48
0.64 27.48
0.64 27.48
0.82 27.48
0.82 27.48
0.82 27.48
1.00 27.48
1.00 27.48
1.00 27.48
2.10 27.48
2.10 27.48
2.10 27.48
3.01 27.48
3.01 27.48
3.01 27.48
3.20 27.48
3.20 27.48
3.20 27.48
3.56 27.48
3.56 27.48
3.56 27.48
4.47 27.48
4.47 27.48
4.47 27.48
5.02 27.48
5.02 27.48
5.02 27.48
0.46 27.66
0.46 27.66
0.46 27.66
0.82 27.66
0.82 27.66
0.82 27.66
1.00 27.66
1.00 27.66
1.00 27.66
1.37 27.66
1.37 27.66
1.37 27.66
1.55 27.66
1.55 27.66
1.55 27.66
2.10 27.66
2.10 27.66
2.10 27.66
2.46 27.66
2.46 27.66
2.46 27.66
2.65 27.66
2.65 27.66
2.65 27.66
3.01 27.66
3.01 27.66
3.01 27.66
3.20 27.66
3.20 27.66
3.20 27.66
4.11 27.66
4.11 27.66
4.11 27.66
4.47 27.66
4.47 27.66
4.47 27.66
4.66 27.66
4.66 27.66
4.66 27.66
5.20 27.66
5.20 27.66
5.20 27.66
5.75 27.66
5.75 27.66
5.75 27.66
6.30 27.66
6.30 27.66
6.30 27.66
0.46 27.84
0.46 27.84
0.46 27.84
0.82 27.84
0.82 27.84
0.82 27.84
1.00 27.84
1.00 27.84
1.00 27.84
1.55 27.84
1.55 27.84
1.55 27.84
2.28 27.84
2.28 27.84
2.28 27.84
2.65 27.84
2.65 27.84
2.65 27.84
2.83 27.84
2.83 27.84
2.83 27.84
3.38 27.84
3.38 27.84
3.38 27.84
3.56 27.84
3.56 27.84
3.56 27.84
3.74 27.84
3.74 27.84
3.74 27.84
5.02 27.84
5.02 27.84
5.02 27.84
5.57 27.84
5.57 27.84
5.57 27.84
5.75 27.84
5.75 27.84
5.75 27.84
6.30 27.84
6.30 27.84
6.30 27.84
0.09 28.03
0.09 28.03
0.09 28.03
0.27 28.03
0.27 28.03
0.27 28.03
1.00 28.03
1.00 28.03
1.00 28.03
1.19 28.03
1.19 28.03
1.19 28.03
2.28 28.03
2.28 28.03
2.28 28.03
3.20 28.03
3.20 28.03
3.20 28.03
5.02 28.03
5.02 28.03
5.02 28.03
5.20 28.03
5.20 28.03
5.20 28.03
5.39 28.03
5.39 28.03
5.39 28.03
5.57 28.03
5.57 28.03
5.57 28.03
6.12 28.03
6.12 28.03
6.12 28.03
6.30 28.03
6.30 28.03
6.30 28.03
1.19 28.21
1.19 28.21
1.19 28.21
1.37 28.21
1.37 28.21
1.37 28.21
1.55 28.21
1.55 28.21
1.55 28.21
1.73 28.21
1.73 28.21
1.73 28.21
1.92 28.21
1.92 28.21
1.92 28.21
2.10 28.21
2.10 28.21
2.10 28.21
2.65 28.21
2.65 28.21
2.65 28.21
3.01 28.21
3.01 28.21
3.01 28.21
3.20 28.21
3.20 28.21
3.20 28.21
4.84 28.21
4.84 28.21
4.84 28.21
5.20 28.21
5.20 28.21
5.20 28.21
5.75 28.21
5.75 28.21
5.75 28.21
5.93 28.21
5.93 28.21
5.93 28.21
6.12 28.21
6.12 28.21
6.12 28.21
1.19 28.39
1.19 28.39
1.19 28.39
1.37 28.39
1.37 28.39
1.37 28.39
1.55 28.39
1.55 28.39
1.55 28.39
1.73 28.39
1.73 28.39
1.73 28.39
1.92 28.39
1.92 28.39
1.92 28.39
2.28 28.39
2.28 28.39
2.28 28.39
2.65 28.39
2.65 28.39
2.65 28.39
2.83 28.39
2.83 28.39
2.83 28.39
5.02 28.39
5.02 28.39
5.02 28.39
5.20 28.39
5.20 28.39
5.20 28.39
5.39 28.39
5.39 28.39
5.39 28.39
5.57 28.39
5.57 28.39
5.57 28.39
5.75 28.39
5.75 28.39
5.75 28.39
6.12 28.39
6.12 28.39
6.12 28.39
6.66 28.39
6.66 28.39
6.66 28.39
1.19 28.57
1.19 28.57
1.19 28.57
1.37 28.57
1.37 28.57
1.37 28.57
1.73 28.57
1.73 28.57
1.73 28.57
2.65 28.57
2.65 28.57
2.65 28.57
2.83 28.57
2.83 28.57
2.83 28.57
3.20 28.57
3.20 28.57
3.20 28.57
4.84 28.57
4.84 28.57
4.84 28.57
5.93 28.57
5.93 28.57
5.93 28.57
6.30 28.57
6.30 28.57
6.30 28.57
6.48 28.57
6.48 28.57
6.48 28.57
6.66 28.57
6.66 28.57
6.66 28.57
6.85 28.57
6.85 28.57
6.85 28.57
7.03 28.57
7.03 28.57
7.03 28.57
1.37 28.76
1.37 28.76
1.37 28.76
1.55 28.76
1.55 28.76
1.55 28.76
1.73 28.76
1.73 28.76
1.73 28.76
3.01 28.76
3.01 28.76
3.01 28.76
5.75 28.76
5.75 28.76
5.75 28.76
5.93 28.76
5.93 28.76
5.93 28.76
6.12 28.76
6.12 28.76
6.12 28.76
6.30 28.76
6.30 28.76
6.30 28.76
6.48 28.76
6.48 28.76
6.48 28.76
7.03 28.76
7.03 28.76
7.03 28.76
1.00 28.94
1.00 28.94
1.00 28.94
2.65 28.94
2.65 28.94
2.65 28.94
2.83 28.94
2.83 28.94
2.83 28.94
6.30 28.94
6.30 28.94
6.30 28.94
6.48 28.94
6.48 28.94
6.48 28.94
6.66 28.94
6.66 28.94
6.66 28.94
6.85 28.94
6.85 28.94
6.85 28.94
7.03 28.94
7.03 28.94
7.03 28.94
7.58 28.94
7.58 28.94
7.58 28.94
2.28 29.12
2.28 29.12
2.28 29.12
2.65 29.12
2.65 29.12
2.65 29.12
2.83 29.12
2.83 29.12
2.83 29.12
5.93 29.12
5.93 29.12
5.93 29.12
6.12 29.12
6.12 29.12
6.12 29.12
7.21 29.12
7.21 29.12
7.21 29.12
7.58 29.12
7.58 29.12
7.58 29.12
2.10 29.30
2.10 29.30
2.10 29.30
2.28 29.30
2.28 29.30
2.28 29.30
2.46 29.30
2.46 29.30
2.46 29.30
3.01 29.30
3.01 29.30
3.01 29.30
5.93 29.30
5.93 29.30
5.93 29.30
6.48 29.30
6.48 29.30
6.48 29.30
6.66 29.30
6.66 29.30
6.66 29.30
7.58 29.30
7.58 29.30
7.58 29.30
7.76 29.30
7.76 29.30
7.76 29.30
1.73 29.49
1.73 29.49
1.73 29.49
1.92 29.49
1.92 29.49
1.92 29.49
2.46 29.49
2.46 29.49
2.46 29.49
2.65 29.49
2.65 29.49
2.65 29.49
2.83 29.49
2.83 29.49
2.83 29.49
3.01 29.49
3.01 29.49
3.01 29.49
3.20 29.49
3.20 29.49
3.20 29.49
5.57 29.49
5.57 29.49
5.57 29.49
6.30 29.49
6.30 29.49
6.30 29.49
6.48 29.49
6.48 29.49
6.48 29.49
6.85 29.49
6.85 29.49
6.85 29.49
7.21 29.49
7.21 29.49
7.21 29.49
2.10 29.67
2.10 29.67
2.10 29.67
2.28 29.67
2.28 29.67
2.28 29.67
2.65 29.67
2.65 29.67
2.65 29.67
2.83 29.67
2.83 29.67
2.83 29.67
3.01 29.67
3.01 29.67
3.01 29.67
3.20 29.67
3.20 29.67
3.20 29.67
5.57 29.67
5.57 29.67
5.57 29.67
5.75 29.67
5.75 29.67
5.75 29.67
5.93 29.67
5.93 29.67
5.93 29.67
6.12 29.67
6.12 29.67
6.12 29.67
6.30 29.67
6.30 29.67
6.30 29.67
6.85 29.67
6.85 29.67
6.85 29.67
7.03 29.67
7.03 29.67
7.03 29.67
7.21 29.67
7.21 29.67
7.21 29.67
7.58 29.67
7.58 29.67
7.58 29.67
7.76 29.67
7.76 29.67
7.76 29.67
1.73 29.85
1.73 29.85
1.73 29.85
2.10 29.85
2.10 29.85
2.10 29.85
2.28 29.85
2.28 29.85
2.28 29.85
2.46 29.85
2.46 29.85
2.46 29.85
2.65 29.85
2.65 29.85
2.65 29.85
3.20 29.85
3.20 29.85
3.20 29.85
5.75 29.85
5.75 29.85
5.75 29.85
5.93 29.85
5.93 29.85
5.93 29.85
6.12 29.85
6.12 29.85
6.12 29.85
6.30 29.85
6.30 29.85
6.30 29.85
6.48 29.85
6.48 29.85
6.48 29.85
6.66 29.85
6.66 29.85
6.66 29.85
6.85 29.85
6.85 29.85
6.85 29.85
7.21 29.85
7.21 29.85
7.21 29.85
7.39 29.85
7.39 29.85
7.39 29.85
7.58 29.85
7.58 29.85
7.58 29.85
2.10 30.03
2.10 30.03
2.10 30.03
2.46 30.03
2.46 30.03
2.46 30.03
3.38 30.03
3.38 30.03
3.38 30.03
5.93 30.03
5.93 30.03
5.93 30.03
6.12 30.03
6.12 30.03
6.12 30.03
6.48 30.03
6.48 30.03
6.48 30.03
6.66 30.03
6.66 30.03
6.66 30.03
7.39 30.03
7.39 30.03
7.39 30.03
7.58 30.03
7.58 30.03
7.58 30.03
2.83 30.22
2.83 30.22
2.83 30.22
3.38 30.22
3.38 30.22
3.38 30.22
3.56 30.22
3.56 30.22
3.56 30.22
3.74 30.22
3.74 30.22
3.74 30.22
5.57 30.22
5.57 30.22
5.57 30.22
5.75 30.22
5.75 30.22
5.75 30.22
6.12 30.22
6.12 30.22
6.12 30.22
6.30 30.22
6.30 30.22
6.30 30.22
6.48 30.22
6.48 30.22
6.48 30.22
6.66 30.22
6.66 30.22
6.66 30.22
6.85 30.22
6.85 30.22
6.85 30.22
7.03 30.22
7.03 30.22
7.03 30.22
7.21 30.22
7.21 30.22
7.21 30.22
7.39 30.22
7.39 30.22
7.39 30.22
8.12 30.22
8.12 30.22
8.12 30.22
8.31 30.22
8.31 30.22
8.31 30.22
2.10 30.40
2.10 30.40
2.10 30.40
2.28 30.40
2.28 30.40
2.28 30.40
3.01 30.40
3.01 30.40
3.01 30.40
3.20 30.40
3.20 30.40
3.20 30.40
5.93 30.40
5.93 30.40
5.93 30.40
7.58 30.40
7.58 30.40
7.58 30.40
7.76 30.40
7.76 30.40
7.76 30.40
7.94 30.40
7.94 30.40
7.94 30.40
8.12 30.40
8.12 30.40
8.12 30.40
8.31 30.40
8.31 30.40
8.31 30.40
8.49 30.40
8.49 30.40
8.49 30.40
1.73 30.58
1.73 30.58
1.73 30.58
2.65 30.58
2.65 30.58
2.65 30.58
3.74 30.58
3.74 30.58
3.74 30.58
3.93 30.58
3.93 30.58
3.93 30.58
6.48 30.58
6.48 30.58
6.48 30.58
6.66 30.58
6.66 30.58
6.66 30.58
8.49 30.58
8.49 30.58
8.49 30.58
3.93 30.76
3.93 30.76
3.93 30.76
8.12 30.76
8.12 30.76
8.12 30.76
8.49 30.76
8.49 30.76
8.49 30.76
3.38 30.95
3.38 30.95
3.38 30.95
3.74 30.95
3.74 30.95
3.74 30.95
6.30 30.95
6.30 30.95
6.30 30.95
6.66 30.95
6.66 30.95
6.66 30.95
6.85 30.95
6.85 30.95
6.85 30.95
7.03 30.95
7.03 30.95
7.03 30.95
7.76 30.95
7.76 30.95
7.76 30.95
7.94 30.95
7.94 30.95
7.94 30.95
8.31 30.95
8.31 30.95
8.31 30.95
8.49 30.95
8.49 30.95
8.49 30.95
6.30 31.13
6.30 31.13
6.30 31.13
6.48 31.13
6.48 31.13
6.48 31.13
6.85 31.13
6.85 31.13
6.85 31.13
7.03 31.13
7.03 31.13
7.03 31.13
7.21 31.13
7.21 31.13
7.21 31.13
7.39 31.13
7.39 31.13
7.39 31.13
7.58 31.13
7.58 31.13
7.58 31.13
7.76 31.13
7.76 31.13
7.76 31.13
7.94 31.13
7.94 31.13
7.94 31.13
8.12 31.13
8.12 31.13
8.12 31.13
8.31 31.13
8.31 31.13
8.31 31.13
6.30 31.31
6.30 31.31
6.30 31.31
7.21 31.31
7.21 31.31
7.21 31.31
7.39 31.31
7.39 31.31
7.39 31.31
7.94 31.31
7.94 31.31
7.94 31.31
8.31 31.49
8.31 31.49
8.31 31.49
