7.76 -50.85
7.76 -50.85
7.76 -50.85
8.12 -50.85
8.12 -50.85
8.12 -50.85
7.58 -50.66
7.58 -50.66
7.58 -50.66
7.76 -50.66
7.76 -50.66
7.76 -50.66
7.94 -50.66
7.94 -50.66
7.94 -50.66
7.94 -50.48
7.94 -50.48
7.94 -50.48
8.12 -50.48
8.12 -50.48
8.12 -50.48
7.58 -50.30
7.58 -50.30
7.58 -50.30
7.76 -50.12
7.76 -50.12
7.76 -50.12
7.94 -50.12
7.94 -50.12
7.94 -50.12
8.12 -50.12
8.12 -50.12
8.12 -50.12
7.94 -49.93
7.94 -49.93
7.94 -49.93
8.49 -49.93
8.49 -49.93
8.49 -49.93
8.67 -49.93
8.67 -49.93
8.67 -49.93
8.31 -49.75
8.31 -49.75
8.31 -49.75
8.85 -49.75
8.85 -49.75
8.85 -49.75
8.49 -49.57
8.49 -49.57
8.49 -49.57
8.31 -49.39
8.31 -49.39
8.31 -49.39
8.85 -49.39
8.85 -49.39
8.85 -49.39
9.40 -49.39
9.40 -49.39
9.40 -49.39
9.59 -49.39
9.59 -49.39
9.59 -49.39
8.31 -49.20
8.31 -49.20
8.31 -49.20
8.85 -49.20
8.85 -49.20
8.85 -49.20
8.31 -49.02
8.31 -49.02
8.31 -49.02
8.49 -49.02
8.49 -49.02
8.49 -49.02
8.67 -49.02
8.67 -49.02
8.67 -49.02
9.22 -49.02
9.22 -49.02
9.22 -49.02
9.59 -49.02
9.59 -49.02
9.59 -49.02
8.31 -48.84
8.31 -48.84
8.31 -48.84
8.67 -48.84
8.67 -48.84
8.67 -48.84
8.85 -48.84
8.85 -48.84
8.85 -48.84
9.04 -48.84
9.04 -48.84
9.04 -48.84
9.22 -48.84
9.22 -48.84
9.22 -48.84
9.40 -48.84
9.40 -48.84
9.40 -48.84
9.59 -48.84
9.59 -48.84
9.59 -48.84
9.77 -48.84
9.77 -48.84
9.77 -48.84
10.13 -48.84
10.13 -48.84
10.13 -48.84
9.22 -48.66
9.22 -48.66
9.22 -48.66
9.59 -48.66
9.59 -48.66
9.59 -48.66
9.77 -48.66
9.77 -48.66
9.77 -48.66
10.13 -48.66
10.13 -48.66
10.13 -48.66
9.22 -48.47
9.22 -48.47
9.22 -48.47
9.40 -48.47
9.40 -48.47
9.40 -48.47
9.77 -48.47
9.77 -48.47
9.77 -48.47
9.95 -48.47
9.95 -48.47
9.95 -48.47
10.13 -48.47
10.13 -48.47
10.13 -48.47
9.04 -48.29
9.04 -48.29
9.04 -48.29
9.59 -48.29
9.59 -48.29
9.59 -48.29
9.77 -48.29
9.77 -48.29
9.77 -48.29
10.13 -48.29
10.13 -48.29
10.13 -48.29
9.04 -48.11
9.04 -48.11
9.04 -48.11
9.22 -48.11
9.22 -48.11
9.22 -48.11
9.40 -48.11
9.40 -48.11
9.40 -48.11
9.77 -48.11
9.77 -48.11
9.77 -48.11
10.13 -48.11
10.13 -48.11
10.13 -48.11
10.32 -48.11
10.32 -48.11
10.32 -48.11
9.22 -47.93
9.22 -47.93
9.22 -47.93
9.59 -47.93
9.59 -47.93
9.59 -47.93
9.77 -47.93
9.77 -47.93
9.77 -47.93
10.32 -47.93
10.32 -47.93
10.32 -47.93
9.95 -47.74
9.95 -47.74
9.95 -47.74
10.13 -47.74
10.13 -47.74
10.13 -47.74
10.32 -47.74
10.32 -47.74
10.32 -47.74
10.68 -47.74
10.68 -47.74
10.68 -47.74
11.05 -47.74
11.05 -47.74
11.05 -47.74
10.68 -47.56
10.68 -47.56
10.68 -47.56
10.86 -47.56
10.86 -47.56
10.86 -47.56
10.86 -47.38
10.86 -47.38
10.86 -47.38
11.05 -47.38
11.05 -47.38
11.05 -47.38
10.50 -47.20
10.50 -47.20
10.50 -47.20
10.68 -47.20
10.68 -47.20
10.68 -47.20
11.96 -45.55
11.96 -45.55
11.96 -45.55
12.32 -45.55
12.32 -45.55
12.32 -45.55
11.96 -45.37
11.96 -45.37
11.96 -45.37
11.78 -45.19
11.78 -45.19
11.78 -45.19
12.14 -45.19
12.14 -45.19
12.14 -45.19
12.32 -45.19
12.32 -45.19
12.32 -45.19
11.78 -45.01
11.78 -45.01
11.78 -45.01
12.14 -45.01
12.14 -45.01
12.14 -45.01
12.51 -45.01
12.51 -45.01
12.51 -45.01
11.05 -44.82
11.05 -44.82
11.05 -44.82
11.23 -44.82
11.23 -44.82
11.23 -44.82
11.78 -44.82
11.78 -44.82
11.78 -44.82
12.14 -44.82
12.14 -44.82
12.14 -44.82
11.23 -44.64
11.23 -44.64
11.23 -44.64
11.41 -44.64
11.41 -44.64
11.41 -44.64
11.78 -44.64
11.78 -44.64
11.78 -44.64
11.59 -44.27
11.59 -44.27
11.59 -44.27
11.78 -44.27
11.78 -44.27
11.78 -44.27
11.96 -44.27
11.96 -44.27
11.96 -44.27
12.14 -44.27
12.14 -44.27
12.14 -44.27
11.05 -43.73
11.05 -43.73
11.05 -43.73
11.23 -43.73
11.23 -43.73
11.23 -43.73
11.41 -43.73
11.41 -43.73
11.41 -43.73
11.59 -43.73
11.59 -43.73
11.59 -43.73
11.78 -43.73
11.78 -43.73
11.78 -43.73
11.96 -43.73
11.96 -43.73
11.96 -43.73
12.14 -43.73
12.14 -43.73
12.14 -43.73
12.32 -43.73
12.32 -43.73
12.32 -43.73
11.05 -43.54
11.05 -43.54
11.05 -43.54
11.23 -43.54
11.23 -43.54
11.23 -43.54
11.41 -43.54
11.41 -43.54
11.41 -43.54
11.59 -43.54
11.59 -43.54
11.59 -43.54
11.78 -43.54
11.78 -43.54
11.78 -43.54
11.96 -43.54
11.96 -43.54
11.96 -43.54
12.14 -43.54
12.14 -43.54
12.14 -43.54
7.39 -43.36
7.39 -43.36
7.39 -43.36
7.94 -43.36
7.94 -43.36
7.94 -43.36
11.05 -43.36
11.05 -43.36
11.05 -43.36
11.23 -43.36
11.23 -43.36
11.23 -43.36
11.41 -43.36
11.41 -43.36
11.41 -43.36
11.59 -43.36
11.59 -43.36
11.59 -43.36
11.05 -43.18
11.05 -43.18
11.05 -43.18
11.23 -43.18
11.23 -43.18
11.23 -43.18
11.41 -43.18
11.41 -43.18
11.41 -43.18
11.59 -43.18
11.59 -43.18
11.59 -43.18
11.78 -43.18
11.78 -43.18
11.78 -43.18
7.76 -43.00
7.76 -43.00
7.76 -43.00
11.05 -43.00
11.05 -43.00
11.05 -43.00
11.23 -43.00
11.23 -43.00
11.23 -43.00
11.41 -43.00
11.41 -43.00
11.41 -43.00
11.59 -43.00
11.59 -43.00
11.59 -43.00
11.78 -43.00
11.78 -43.00
11.78 -43.00
11.96 -43.00
11.96 -43.00
11.96 -43.00
7.39 -42.81
7.39 -42.81
7.39 -42.81
7.58 -42.81
7.58 -42.81
7.58 -42.81
11.05 -42.81
11.05 -42.81
11.05 -42.81
11.23 -42.81
11.23 -42.81
11.23 -42.81
11.41 -42.81
11.41 -42.81
11.41 -42.81
11.59 -42.81
11.59 -42.81
11.59 -42.81
11.78 -42.81
11.78 -42.81
11.78 -42.81
11.96 -42.81
11.96 -42.81
11.96 -42.81
7.21 -42.63
7.21 -42.63
7.21 -42.63
11.05 -42.63
11.05 -42.63
11.05 -42.63
11.23 -42.63
11.23 -42.63
11.23 -42.63
11.41 -42.63
11.41 -42.63
11.41 -42.63
11.59 -42.63
11.59 -42.63
11.59 -42.63
11.78 -42.63
11.78 -42.63
11.78 -42.63
11.96 -42.63
11.96 -42.63
11.96 -42.63
7.76 -42.45
7.76 -42.45
7.76 -42.45
11.05 -42.45
11.05 -42.45
11.05 -42.45
11.23 -42.45
11.23 -42.45
11.23 -42.45
11.41 -42.45
11.41 -42.45
11.41 -42.45
11.59 -42.45
11.59 -42.45
11.59 -42.45
11.78 -42.45
11.78 -42.45
11.78 -42.45
11.96 -42.45
11.96 -42.45
11.96 -42.45
7.39 -42.27
7.39 -42.27
7.39 -42.27
7.58 -42.27
7.58 -42.27
7.58 -42.27
11.05 -42.27
11.05 -42.27
11.05 -42.27
11.23 -42.27
11.23 -42.27
11.23 -42.27
11.41 -42.27
11.41 -42.27
11.41 -42.27
11.59 -42.27
11.59 -42.27
11.59 -42.27
11.78 -42.27
11.78 -42.27
11.78 -42.27
11.96 -42.27
11.96 -42.27
11.96 -42.27
7.21 -42.08
7.21 -42.08
7.21 -42.08
11.05 -42.08
11.05 -42.08
11.05 -42.08
11.23 -42.08
11.23 -42.08
11.23 -42.08
11.41 -42.08
11.41 -42.08
11.41 -42.08
11.59 -42.08
11.59 -42.08
11.59 -42.08
11.78 -42.08
11.78 -42.08
11.78 -42.08
11.96 -42.08
11.96 -42.08
11.96 -42.08
7.21 -41.90
7.21 -41.90
7.21 -41.90
7.76 -41.90
7.76 -41.90
7.76 -41.90
11.05 -41.90
11.05 -41.90
11.05 -41.90
11.23 -41.90
11.23 -41.90
11.23 -41.90
11.41 -41.90
11.41 -41.90
11.41 -41.90
11.59 -41.90
11.59 -41.90
11.59 -41.90
11.78 -41.90
11.78 -41.90
11.78 -41.90
11.96 -41.90
11.96 -41.90
11.96 -41.90
7.39 -41.72
7.39 -41.72
7.39 -41.72
7.58 -41.72
7.58 -41.72
7.58 -41.72
11.05 -41.72
11.05 -41.72
11.05 -41.72
11.23 -41.72
11.23 -41.72
11.23 -41.72
11.41 -41.72
11.41 -41.72
11.41 -41.72
11.59 -41.72
11.59 -41.72
11.59 -41.72
11.78 -41.72
11.78 -41.72
11.78 -41.72
11.96 -41.72
11.96 -41.72
11.96 -41.72
11.05 -41.54
11.05 -41.54
11.05 -41.54
11.41 -41.54
11.41 -41.54
11.41 -41.54
11.59 -41.54
11.59 -41.54
11.59 -41.54
11.78 -41.54
11.78 -41.54
11.78 -41.54
11.96 -41.54
11.96 -41.54
11.96 -41.54
10.86 -41.35
10.86 -41.35
10.86 -41.35
11.05 -41.35
11.05 -41.35
11.05 -41.35
11.41 -41.35
11.41 -41.35
11.41 -41.35
11.96 -41.35
11.96 -41.35
11.96 -41.35
12.32 -41.35
12.32 -41.35
12.32 -41.35
10.50 -41.17
10.50 -41.17
10.50 -41.17
10.86 -41.17
10.86 -41.17
10.86 -41.17
11.05 -41.17
11.05 -41.17
11.05 -41.17
11.23 -41.17
11.23 -41.17
11.23 -41.17
11.41 -41.17
11.41 -41.17
11.41 -41.17
11.78 -41.17
11.78 -41.17
11.78 -41.17
11.96 -41.17
11.96 -41.17
11.96 -41.17
12.32 -41.17
12.32 -41.17
12.32 -41.17
10.13 -40.99
10.13 -40.99
10.13 -40.99
10.68 -40.99
10.68 -40.99
10.68 -40.99
10.86 -40.99
10.86 -40.99
10.86 -40.99
11.96 -40.99
11.96 -40.99
11.96 -40.99
12.14 -40.99
12.14 -40.99
12.14 -40.99
12.32 -40.99
12.32 -40.99
12.32 -40.99
10.32 -40.81
10.32 -40.81
10.32 -40.81
10.68 -40.81
10.68 -40.81
10.68 -40.81
11.23 -40.81
11.23 -40.81
11.23 -40.81
11.41 -40.81
11.41 -40.81
11.41 -40.81
11.59 -40.81
11.59 -40.81
11.59 -40.81
11.78 -40.81
11.78 -40.81
11.78 -40.81
11.96 -40.81
11.96 -40.81
11.96 -40.81
12.14 -40.81
12.14 -40.81
12.14 -40.81
10.13 -40.62
10.13 -40.62
10.13 -40.62
10.50 -40.62
10.50 -40.62
10.50 -40.62
10.86 -40.62
10.86 -40.62
10.86 -40.62
12.14 -40.62
12.14 -40.62
12.14 -40.62
12.32 -40.62
12.32 -40.62
12.32 -40.62
5.02 -40.44
5.02 -40.44
5.02 -40.44
5.39 -40.44
5.39 -40.44
5.39 -40.44
10.32 -40.44
10.32 -40.44
10.32 -40.44
10.68 -40.44
10.68 -40.44
10.68 -40.44
10.86 -40.44
10.86 -40.44
10.86 -40.44
11.05 -40.44
11.05 -40.44
11.05 -40.44
11.59 -40.44
11.59 -40.44
11.59 -40.44
11.78 -40.44
11.78 -40.44
11.78 -40.44
12.14 -40.44
12.14 -40.44
12.14 -40.44
5.20 -40.26
5.20 -40.26
5.20 -40.26
5.75 -40.26
5.75 -40.26
5.75 -40.26
6.30 -40.26
6.30 -40.26
6.30 -40.26
10.13 -40.26
10.13 -40.26
10.13 -40.26
10.50 -40.26
10.50 -40.26
10.50 -40.26
10.86 -40.26
10.86 -40.26
10.86 -40.26
11.41 -40.26
11.41 -40.26
11.41 -40.26
5.57 -40.08
5.57 -40.08
5.57 -40.08
5.75 -40.08
5.75 -40.08
5.75 -40.08
10.32 -40.08
10.32 -40.08
10.32 -40.08
10.68 -40.08
10.68 -40.08
10.68 -40.08
11.05 -40.08
11.05 -40.08
11.05 -40.08
11.23 -40.08
11.23 -40.08
11.23 -40.08
4.84 -39.89
4.84 -39.89
4.84 -39.89
5.02 -39.89
5.02 -39.89
5.02 -39.89
5.20 -39.89
5.20 -39.89
5.20 -39.89
5.39 -39.89
5.39 -39.89
5.39 -39.89
5.75 -39.89
5.75 -39.89
5.75 -39.89
5.93 -39.89
5.93 -39.89
5.93 -39.89
6.12 -39.89
6.12 -39.89
6.12 -39.89
10.13 -39.89
10.13 -39.89
10.13 -39.89
10.86 -39.89
10.86 -39.89
10.86 -39.89
4.84 -39.71
4.84 -39.71
4.84 -39.71
5.02 -39.71
5.02 -39.71
5.02 -39.71
5.20 -39.71
5.20 -39.71
5.20 -39.71
5.57 -39.71
5.57 -39.71
5.57 -39.71
5.75 -39.71
5.75 -39.71
5.75 -39.71
5.93 -39.71
5.93 -39.71
5.93 -39.71
6.12 -39.71
6.12 -39.71
6.12 -39.71
10.32 -39.71
10.32 -39.71
10.32 -39.71
10.50 -39.71
10.50 -39.71
10.50 -39.71
11.05 -39.71
11.05 -39.71
11.05 -39.71
11.23 -39.71
11.23 -39.71
11.23 -39.71
11.41 -39.71
11.41 -39.71
11.41 -39.71
5.57 -39.53
5.57 -39.53
5.57 -39.53
5.75 -39.53
5.75 -39.53
5.75 -39.53
10.50 -39.53
10.50 -39.53
10.50 -39.53
10.68 -39.53
10.68 -39.53
10.68 -39.53
10.86 -39.53
10.86 -39.53
10.86 -39.53
11.23 -39.53
11.23 -39.53
11.23 -39.53
11.41 -39.53
11.41 -39.53
11.41 -39.53
4.84 -39.35
4.84 -39.35
4.84 -39.35
5.02 -39.35
5.02 -39.35
5.02 -39.35
5.20 -39.35
5.20 -39.35
5.20 -39.35
5.57 -39.35
5.57 -39.35
5.57 -39.35
10.13 -39.35
10.13 -39.35
10.13 -39.35
10.86 -39.35
10.86 -39.35
10.86 -39.35
11.05 -39.35
11.05 -39.35
11.05 -39.35
4.84 -39.16
4.84 -39.16
4.84 -39.16
5.02 -39.16
5.02 -39.16
5.02 -39.16
5.20 -39.16
5.20 -39.16
5.20 -39.16
5.39 -39.16
5.39 -39.16
5.39 -39.16
5.57 -39.16
5.57 -39.16
5.57 -39.16
5.93 -39.16
5.93 -39.16
5.93 -39.16
11.05 -39.16
11.05 -39.16
11.05 -39.16
11.41 -39.16
11.41 -39.16
11.41 -39.16
5.02 -38.98
5.02 -38.98
5.02 -38.98
5.57 -38.98
5.57 -38.98
5.57 -38.98
5.93 -38.98
5.93 -38.98
5.93 -38.98
10.86 -38.98
10.86 -38.98
10.86 -38.98
11.41 -38.98
11.41 -38.98
11.41 -38.98
4.84 -38.80
4.84 -38.80
4.84 -38.80
5.02 -38.80
5.02 -38.80
5.02 -38.80
5.20 -38.80
5.20 -38.80
5.20 -38.80
5.57 -38.80
5.57 -38.80
5.57 -38.80
5.93 -38.80
5.93 -38.80
5.93 -38.80
11.05 -38.80
11.05 -38.80
11.05 -38.80
11.41 -38.80
11.41 -38.80
11.41 -38.80
4.84 -38.61
4.84 -38.61
4.84 -38.61
5.39 -38.61
5.39 -38.61
5.39 -38.61
5.57 -38.61
5.57 -38.61
5.57 -38.61
5.75 -38.61
5.75 -38.61
5.75 -38.61
6.12 -38.61
6.12 -38.61
6.12 -38.61
5.02 -38.43
5.02 -38.43
5.02 -38.43
5.20 -38.43
5.20 -38.43
5.20 -38.43
5.75 -38.43
5.75 -38.43
5.75 -38.43
6.12 -38.43
6.12 -38.43
6.12 -38.43
5.02 -38.25
5.02 -38.25
5.02 -38.25
4.66 -38.07
4.66 -38.07
4.66 -38.07
6.12 -38.07
6.12 -38.07
6.12 -38.07
9.04 -38.07
9.04 -38.07
9.04 -38.07
4.66 -37.88
4.66 -37.88
4.66 -37.88
5.02 -37.88
5.02 -37.88
5.02 -37.88
5.93 -37.88
5.93 -37.88
5.93 -37.88
6.12 -37.88
6.12 -37.88
6.12 -37.88
8.85 -37.88
8.85 -37.88
8.85 -37.88
9.04 -37.88
9.04 -37.88
9.04 -37.88
4.29 -37.70
4.29 -37.70
4.29 -37.70
4.84 -37.70
4.84 -37.70
4.84 -37.70
5.39 -37.70
5.39 -37.70
5.39 -37.70
5.57 -37.70
5.57 -37.70
5.57 -37.70
5.75 -37.70
5.75 -37.70
5.75 -37.70
5.93 -37.70
5.93 -37.70
5.93 -37.70
8.67 -37.70
8.67 -37.70
8.67 -37.70
8.85 -37.70
8.85 -37.70
8.85 -37.70
9.40 -37.70
9.40 -37.70
9.40 -37.70
9.59 -37.70
9.59 -37.70
9.59 -37.70
9.77 -37.70
9.77 -37.70
9.77 -37.70
10.50 -37.70
10.50 -37.70
10.50 -37.70
10.68 -37.70
10.68 -37.70
10.68 -37.70
3.93 -37.52
3.93 -37.52
3.93 -37.52
4.29 -37.52
4.29 -37.52
4.29 -37.52
4.66 -37.52
4.66 -37.52
4.66 -37.52
4.84 -37.52
4.84 -37.52
4.84 -37.52
5.20 -37.52
5.20 -37.52
5.20 -37.52
5.39 -37.52
5.39 -37.52
5.39 -37.52
6.12 -37.52
6.12 -37.52
6.12 -37.52
7.94 -37.52
7.94 -37.52
7.94 -37.52
8.12 -37.52
8.12 -37.52
8.12 -37.52
8.31 -37.52
8.31 -37.52
8.31 -37.52
8.49 -37.52
8.49 -37.52
8.49 -37.52
9.04 -37.52
9.04 -37.52
9.04 -37.52
9.22 -37.52
9.22 -37.52
9.22 -37.52
9.59 -37.52
9.59 -37.52
9.59 -37.52
9.77 -37.52
9.77 -37.52
9.77 -37.52
9.95 -37.52
9.95 -37.52
9.95 -37.52
3.93 -37.34
3.93 -37.34
3.93 -37.34
4.11 -37.34
4.11 -37.34
4.11 -37.34
4.47 -37.34
4.47 -37.34
4.47 -37.34
5.75 -37.34
5.75 -37.34
5.75 -37.34
5.93 -37.34
5.93 -37.34
5.93 -37.34
6.12 -37.34
6.12 -37.34
6.12 -37.34
6.48 -37.34
6.48 -37.34
6.48 -37.34
6.66 -37.34
6.66 -37.34
6.66 -37.34
7.03 -37.34
7.03 -37.34
7.03 -37.34
7.58 -37.34
7.58 -37.34
7.58 -37.34
7.76 -37.34
7.76 -37.34
7.76 -37.34
8.12 -37.34
8.12 -37.34
8.12 -37.34
8.85 -37.34
8.85 -37.34
8.85 -37.34
9.40 -37.34
9.40 -37.34
9.40 -37.34
9.59 -37.34
9.59 -37.34
9.59 -37.34
9.95 -37.34
9.95 -37.34
9.95 -37.34
3.93 -37.15
3.93 -37.15
3.93 -37.15
4.11 -37.15
4.11 -37.15
4.11 -37.15
4.66 -37.15
4.66 -37.15
4.66 -37.15
5.39 -37.15
5.39 -37.15
5.39 -37.15
5.57 -37.15
5.57 -37.15
5.57 -37.15
5.93 -37.15
5.93 -37.15
5.93 -37.15
6.12 -37.15
6.12 -37.15
6.12 -37.15
6.48 -37.15
6.48 -37.15
6.48 -37.15
6.66 -37.15
6.66 -37.15
6.66 -37.15
6.85 -37.15
6.85 -37.15
6.85 -37.15
7.03 -37.15
7.03 -37.15
7.03 -37.15
7.21 -37.15
7.21 -37.15
7.21 -37.15
7.76 -37.15
7.76 -37.15
7.76 -37.15
8.31 -37.15
8.31 -37.15
8.31 -37.15
8.49 -37.15
8.49 -37.15
8.49 -37.15
8.67 -37.15
8.67 -37.15
8.67 -37.15
9.22 -37.15
9.22 -37.15
9.22 -37.15
9.40 -37.15
9.40 -37.15
9.40 -37.15
9.59 -37.15
9.59 -37.15
9.59 -37.15
3.93 -36.97
3.93 -36.97
3.93 -36.97
4.11 -36.97
4.11 -36.97
4.11 -36.97
4.29 -36.97
4.29 -36.97
4.29 -36.97
5.02 -36.97
5.02 -36.97
5.02 -36.97
5.20 -36.97
5.20 -36.97
5.20 -36.97
5.57 -36.97
5.57 -36.97
5.57 -36.97
5.93 -36.97
5.93 -36.97
5.93 -36.97
6.12 -36.97
6.12 -36.97
6.12 -36.97
6.85 -36.97
6.85 -36.97
6.85 -36.97
7.03 -36.97
7.03 -36.97
7.03 -36.97
7.21 -36.97
7.21 -36.97
7.21 -36.97
7.39 -36.97
7.39 -36.97
7.39 -36.97
7.76 -36.97
7.76 -36.97
7.76 -36.97
8.12 -36.97
8.12 -36.97
8.12 -36.97
8.31 -36.97
8.31 -36.97
8.31 -36.97
8.85 -36.97
8.85 -36.97
8.85 -36.97
9.04 -36.97
9.04 -36.97
9.04 -36.97
4.11 -36.79
4.11 -36.79
4.11 -36.79
4.29 -36.79
4.29 -36.79
4.29 -36.79
4.47 -36.79
4.47 -36.79
4.47 -36.79
4.66 -36.79
4.66 -36.79
4.66 -36.79
4.84 -36.79
4.84 -36.79
4.84 -36.79
5.02 -36.79
5.02 -36.79
5.02 -36.79
5.20 -36.79
5.20 -36.79
5.20 -36.79
8.49 -36.79
8.49 -36.79
8.49 -36.79
8.67 -36.79
8.67 -36.79
8.67 -36.79
8.85 -36.79
8.85 -36.79
8.85 -36.79
9.40 -36.79
9.40 -36.79
9.40 -36.79
9.59 -36.79
9.59 -36.79
9.59 -36.79
9.77 -36.79
9.77 -36.79
9.77 -36.79
3.93 -36.61
3.93 -36.61
3.93 -36.61
4.66 -36.61
4.66 -36.61
4.66 -36.61
4.84 -36.61
4.84 -36.61
4.84 -36.61
5.02 -36.61
5.02 -36.61
5.02 -36.61
7.03 -36.61
7.03 -36.61
7.03 -36.61
8.12 -36.61
8.12 -36.61
8.12 -36.61
8.31 -36.61
8.31 -36.61
8.31 -36.61
4.11 -36.42
4.11 -36.42
4.11 -36.42
4.29 -36.42
4.29 -36.42
4.29 -36.42
4.47 -36.42
4.47 -36.42
4.47 -36.42
5.02 -36.42
5.02 -36.42
5.02 -36.42
5.20 -36.42
5.20 -36.42
5.20 -36.42
7.03 -36.42
7.03 -36.42
7.03 -36.42
7.76 -36.42
7.76 -36.42
7.76 -36.42
8.67 -36.42
8.67 -36.42
8.67 -36.42
8.85 -36.42
8.85 -36.42
8.85 -36.42
9.04 -36.42
9.04 -36.42
9.04 -36.42
7.39 -36.24
7.39 -36.24
7.39 -36.24
8.12 -36.24
8.12 -36.24
8.12 -36.24
8.31 -36.24
8.31 -36.24
8.31 -36.24
8.67 -36.24
8.67 -36.24
8.67 -36.24
9.04 -36.24
9.04 -36.24
9.04 -36.24
7.21 -36.06
7.21 -36.06
7.21 -36.06
7.39 -36.06
7.39 -36.06
7.39 -36.06
7.94 -36.06
7.94 -36.06
7.94 -36.06
8.12 -36.06
8.12 -36.06
8.12 -36.06
8.31 -36.06
8.31 -36.06
8.31 -36.06
7.39 -35.88
7.39 -35.88
7.39 -35.88
7.76 -35.88
7.76 -35.88
7.76 -35.88
7.94 -35.88
7.94 -35.88
7.94 -35.88
7.39 -35.69
7.39 -35.69
7.39 -35.69
7.76 -35.69
7.76 -35.69
7.76 -35.69
7.94 -35.69
7.94 -35.69
7.94 -35.69
8.31 -35.69
8.31 -35.69
8.31 -35.69
6.85 -35.51
6.85 -35.51
6.85 -35.51
7.03 -35.51
7.03 -35.51
7.03 -35.51
7.03 -35.33
7.03 -35.33
7.03 -35.33
7.58 -35.33
7.58 -35.33
7.58 -35.33
-0.82 -34.96
-0.82 -34.96
-0.82 -34.96
-0.64 -34.96
-0.64 -34.96
-0.64 -34.96
-0.27 -34.96
-0.27 -34.96
-0.27 -34.96
-0.09 -34.96
-0.09 -34.96
-0.09 -34.96
0.09 -34.96
0.09 -34.96
0.09 -34.96
0.27 -34.96
0.27 -34.96
0.27 -34.96
0.64 -34.96
0.64 -34.96
0.64 -34.96
-0.82 -34.78
-0.82 -34.78
-0.82 -34.78
-0.46 -34.78
-0.46 -34.78
-0.46 -34.78
-0.27 -34.78
-0.27 -34.78
-0.27 -34.78
0.64 -34.78
0.64 -34.78
0.64 -34.78
-0.82 -34.60
-0.82 -34.60
-0.82 -34.60
-0.64 -34.60
-0.64 -34.60
-0.64 -34.60
-0.46 -34.60
-0.46 -34.60
-0.46 -34.60
0.09 -34.60
0.09 -34.60
0.09 -34.60
0.27 -34.60
0.27 -34.60
0.27 -34.60
0.46 -34.60
0.46 -34.60
0.46 -34.60
-0.82 -34.42
-0.82 -34.42
-0.82 -34.42
-0.27 -34.42
-0.27 -34.42
-0.27 -34.42
-0.09 -34.42
-0.09 -34.42
-0.09 -34.42
0.27 -34.42
0.27 -34.42
0.27 -34.42
0.46 -34.42
0.46 -34.42
0.46 -34.42
0.64 -34.42
0.64 -34.42
0.64 -34.42
1.00 -34.42
1.00 -34.42
1.00 -34.42
1.37 -34.42
1.37 -34.42
1.37 -34.42
-0.09 -34.23
-0.09 -34.23
-0.09 -34.23
0.09 -34.23
0.09 -34.23
0.09 -34.23
0.27 -34.23
0.27 -34.23
0.27 -34.23
0.64 -34.23
0.64 -34.23
0.64 -34.23
1.00 -34.23
1.00 -34.23
1.00 -34.23
0.64 -34.05
0.64 -34.05
0.64 -34.05
0.27 -33.87
0.27 -33.87
0.27 -33.87
0.82 -33.87
0.82 -33.87
0.82 -33.87
1.00 -33.87
1.00 -33.87
1.00 -33.87
1.19 -33.87
1.19 -33.87
1.19 -33.87
1.92 -33.87
1.92 -33.87
1.92 -33.87
2.10 -33.87
2.10 -33.87
2.10 -33.87
2.28 -33.87
2.28 -33.87
2.28 -33.87
2.46 -33.87
2.46 -33.87
2.46 -33.87
0.64 -33.69
0.64 -33.69
0.64 -33.69
1.92 -33.69
1.92 -33.69
1.92 -33.69
3.01 -33.69
3.01 -33.69
3.01 -33.69
3.38 -33.69
3.38 -33.69
3.38 -33.69
3.74 -33.69
3.74 -33.69
3.74 -33.69
4.47 -33.69
4.47 -33.69
4.47 -33.69
0.46 -33.50
0.46 -33.50
0.46 -33.50
0.82 -33.50
0.82 -33.50
0.82 -33.50
1.00 -33.50
1.00 -33.50
1.00 -33.50
3.20 -33.50
3.20 -33.50
3.20 -33.50
3.56 -33.50
3.56 -33.50
3.56 -33.50
3.93 -33.50
3.93 -33.50
3.93 -33.50
-0.27 -33.32
-0.27 -33.32
-0.27 -33.32
-0.09 -33.32
-0.09 -33.32
-0.09 -33.32
0.09 -33.32
0.09 -33.32
0.09 -33.32
0.27 -33.32
0.27 -33.32
0.27 -33.32
0.46 -33.32
0.46 -33.32
0.46 -33.32
1.00 -33.32
1.00 -33.32
1.00 -33.32
3.01 -33.32
3.01 -33.32
3.01 -33.32
3.20 -33.32
3.20 -33.32
3.20 -33.32
3.38 -33.32
3.38 -33.32
3.38 -33.32
3.56 -33.32
3.56 -33.32
3.56 -33.32
4.11 -33.32
4.11 -33.32
4.11 -33.32
4.29 -33.32
4.29 -33.32
4.29 -33.32
-1.00 -33.14
-1.00 -33.14
-1.00 -33.14
-0.64 -33.14
-0.64 -33.14
-0.64 -33.14
-0.27 -33.14
-0.27 -33.14
-0.27 -33.14
0.09 -33.14
0.09 -33.14
0.09 -33.14
0.64 -33.14
0.64 -33.14
0.64 -33.14
1.19 -33.14
1.19 -33.14
1.19 -33.14
3.01 -33.14
3.01 -33.14
3.01 -33.14
3.38 -33.14
3.38 -33.14
3.38 -33.14
3.56 -33.14
3.56 -33.14
3.56 -33.14
3.74 -33.14
3.74 -33.14
3.74 -33.14
-1.00 -32.96
-1.00 -32.96
-1.00 -32.96
-0.82 -32.96
-0.82 -32.96
-0.82 -32.96
-0.64 -32.96
-0.64 -32.96
-0.64 -32.96
-0.46 -32.96
-0.46 -32.96
-0.46 -32.96
-0.27 -32.96
-0.27 -32.96
-0.27 -32.96
0.09 -32.96
0.09 -32.96
0.09 -32.96
3.01 -32.96
3.01 -32.96
3.01 -32.96
3.20 -32.96
3.20 -32.96
3.20 -32.96
3.93 -32.96
3.93 -32.96
3.93 -32.96
4.29 -32.96
4.29 -32.96
4.29 -32.96
-0.82 -32.77
-0.82 -32.77
-0.82 -32.77
-0.64 -32.77
-0.64 -32.77
-0.64 -32.77
-0.27 -32.77
-0.27 -32.77
-0.27 -32.77
-0.09 -32.77
-0.09 -32.77
-0.09 -32.77
0.27 -32.77
0.27 -32.77
0.27 -32.77
0.46 -32.77
0.46 -32.77
0.46 -32.77
3.01 -32.77
3.01 -32.77
3.01 -32.77
3.38 -32.77
3.38 -32.77
3.38 -32.77
3.56 -32.77
3.56 -32.77
3.56 -32.77
3.74 -32.77
3.74 -32.77
3.74 -32.77
4.11 -32.77
4.11 -32.77
4.11 -32.77
-1.55 -32.59
-1.55 -32.59
-1.55 -32.59
-1.00 -32.59
-1.00 -32.59
-1.00 -32.59
-0.82 -32.59
-0.82 -32.59
-0.82 -32.59
-0.46 -32.59
-0.46 -32.59
-0.46 -32.59
-0.27 -32.59
-0.27 -32.59
-0.27 -32.59
-0.09 -32.59
-0.09 -32.59
-0.09 -32.59
0.27 -32.59
0.27 -32.59
0.27 -32.59
0.46 -32.59
0.46 -32.59
0.46 -32.59
3.38 -32.59
3.38 -32.59
3.38 -32.59
3.74 -32.59
3.74 -32.59
3.74 -32.59
3.93 -32.59
3.93 -32.59
3.93 -32.59
-1.37 -32.41
-1.37 -32.41
-1.37 -32.41
-0.64 -32.41
-0.64 -32.41
-0.64 -32.41
-0.46 -32.41
-0.46 -32.41
-0.46 -32.41
-0.09 -32.41
-0.09 -32.41
-0.09 -32.41
0.09 -32.41
0.09 -32.41
0.09 -32.41
3.20 -32.41
3.20 -32.41
3.20 -32.41
3.38 -32.41
3.38 -32.41
3.38 -32.41
3.56 -32.41
3.56 -32.41
3.56 -32.41
-1.73 -32.22
-1.73 -32.22
-1.73 -32.22
-1.55 -32.22
-1.55 -32.22
-1.55 -32.22
-1.37 -32.22
-1.37 -32.22
-1.37 -32.22
-1.00 -32.22
-1.00 -32.22
-1.00 -32.22
-0.82 -32.22
-0.82 -32.22
-0.82 -32.22
-0.27 -32.22
-0.27 -32.22
-0.27 -32.22
0.09 -32.22
0.09 -32.22
0.09 -32.22
0.27 -32.22
0.27 -32.22
0.27 -32.22
0.46 -32.22
0.46 -32.22
0.46 -32.22
3.01 -32.22
3.01 -32.22
3.01 -32.22
3.74 -32.22
3.74 -32.22
3.74 -32.22
3.93 -32.22
3.93 -32.22
3.93 -32.22
4.11 -32.22
4.11 -32.22
4.11 -32.22
4.29 -32.22
4.29 -32.22
4.29 -32.22
-1.73 -32.04
-1.73 -32.04
-1.73 -32.04
-1.55 -32.04
-1.55 -32.04
-1.55 -32.04
-1.19 -32.04
-1.19 -32.04
-1.19 -32.04
3.38 -32.04
3.38 -32.04
3.38 -32.04
3.56 -32.04
3.56 -32.04
3.56 -32.04
3.74 -32.04
3.74 -32.04
3.74 -32.04
3.93 -32.04
3.93 -32.04
3.93 -32.04
4.29 -32.04
4.29 -32.04
4.29 -32.04
-1.73 -31.86
-1.73 -31.86
-1.73 -31.86
-1.55 -31.86
-1.55 -31.86
-1.55 -31.86
-1.19 -31.86
-1.19 -31.86
-1.19 -31.86
1.37 -31.86
1.37 -31.86
1.37 -31.86
1.55 -31.86
1.55 -31.86
1.55 -31.86
2.10 -31.86
2.10 -31.86
2.10 -31.86
3.01 -31.86
3.01 -31.86
3.01 -31.86
3.38 -31.86
3.38 -31.86
3.38 -31.86
-1.55 -31.68
-1.55 -31.68
-1.55 -31.68
-1.37 -31.68
-1.37 -31.68
-1.37 -31.68
-1.19 -31.68
-1.19 -31.68
-1.19 -31.68
3.01 -31.68
3.01 -31.68
3.01 -31.68
3.20 -31.68
3.20 -31.68
3.20 -31.68
3.38 -31.68
3.38 -31.68
3.38 -31.68
3.56 -31.68
3.56 -31.68
3.56 -31.68
-2.65 -31.49
-2.65 -31.49
-2.65 -31.49
-2.46 -31.49
-2.46 -31.49
-2.46 -31.49
-2.28 -31.49
-2.28 -31.49
-2.28 -31.49
-1.92 -31.49
-1.92 -31.49
-1.92 -31.49
-1.73 -31.49
-1.73 -31.49
-1.73 -31.49
-1.19 -31.49
-1.19 -31.49
-1.19 -31.49
1.55 -31.49
1.55 -31.49
1.55 -31.49
2.46 -31.49
2.46 -31.49
2.46 -31.49
2.83 -31.49
2.83 -31.49
2.83 -31.49
3.20 -31.49
3.20 -31.49
3.20 -31.49
-2.46 -31.31
-2.46 -31.31
-2.46 -31.31
-2.28 -31.31
-2.28 -31.31
-2.28 -31.31
-2.10 -31.31
-2.10 -31.31
-2.10 -31.31
-1.37 -31.31
-1.37 -31.31
-1.37 -31.31
-1.19 -31.31
-1.19 -31.31
-1.19 -31.31
1.73 -31.31
1.73 -31.31
1.73 -31.31
2.10 -31.31
2.10 -31.31
2.10 -31.31
2.46 -31.31
2.46 -31.31
2.46 -31.31
2.65 -31.31
2.65 -31.31
2.65 -31.31
-2.65 -31.13
-2.65 -31.13
-2.65 -31.13
-2.46 -31.13
-2.46 -31.13
-2.46 -31.13
-2.28 -31.13
-2.28 -31.13
-2.28 -31.13
-2.10 -31.13
-2.10 -31.13
-2.10 -31.13
-1.92 -31.13
-1.92 -31.13
-1.92 -31.13
-1.73 -31.13
-1.73 -31.13
-1.73 -31.13
-1.19 -31.13
-1.19 -31.13
-1.19 -31.13
0.46 -31.13
0.46 -31.13
0.46 -31.13
0.64 -31.13
0.64 -31.13
0.64 -31.13
0.82 -31.13
0.82 -31.13
0.82 -31.13
1.19 -31.13
1.19 -31.13
1.19 -31.13
1.37 -31.13
1.37 -31.13
1.37 -31.13
2.10 -31.13
2.10 -31.13
2.10 -31.13
2.65 -31.13
2.65 -31.13
2.65 -31.13
-3.20 -30.95
-3.20 -30.95
-3.20 -30.95
-2.83 -30.95
-2.83 -30.95
-2.83 -30.95
-2.65 -30.95
-2.65 -30.95
-2.65 -30.95
-1.92 -30.95
-1.92 -30.95
-1.92 -30.95
-1.73 -30.95
-1.73 -30.95
-1.73 -30.95
-1.55 -30.95
-1.55 -30.95
-1.55 -30.95
-1.37 -30.95
-1.37 -30.95
-1.37 -30.95
-1.19 -30.95
-1.19 -30.95
-1.19 -30.95
-1.00 -30.95
-1.00 -30.95
-1.00 -30.95
-0.64 -30.95
-0.64 -30.95
-0.64 -30.95
-0.27 -30.95
-0.27 -30.95
-0.27 -30.95
-0.09 -30.95
-0.09 -30.95
-0.09 -30.95
0.09 -30.95
0.09 -30.95
0.09 -30.95
0.82 -30.95
0.82 -30.95
0.82 -30.95
1.19 -30.95
1.19 -30.95
1.19 -30.95
1.37 -30.95
1.37 -30.95
1.37 -30.95
1.92 -30.95
1.92 -30.95
1.92 -30.95
2.10 -30.95
2.10 -30.95
2.10 -30.95
2.28 -30.95
2.28 -30.95
2.28 -30.95
-2.83 -30.76
-2.83 -30.76
-2.83 -30.76
-2.65 -30.76
-2.65 -30.76
-2.65 -30.76
-0.82 -30.76
-0.82 -30.76
-0.82 -30.76
-0.27 -30.76
-0.27 -30.76
-0.27 -30.76
0.09 -30.76
0.09 -30.76
0.09 -30.76
1.37 -30.76
1.37 -30.76
1.37 -30.76
1.92 -30.76
1.92 -30.76
1.92 -30.76
-3.38 -30.58
-3.38 -30.58
-3.38 -30.58
-1.37 -30.58
-1.37 -30.58
-1.37 -30.58
-0.64 -30.58
-0.64 -30.58
-0.64 -30.58
-0.46 -30.58
-0.46 -30.58
-0.46 -30.58
-0.27 -30.58
-0.27 -30.58
-0.27 -30.58
0.46 -30.58
0.46 -30.58
0.46 -30.58
1.00 -30.58
1.00 -30.58
1.00 -30.58
1.19 -30.58
1.19 -30.58
1.19 -30.58
-3.01 -30.40
-3.01 -30.40
-3.01 -30.40
-2.83 -30.40
-2.83 -30.40
-2.83 -30.40
-2.65 -30.40
-2.65 -30.40
-2.65 -30.40
-2.46 -30.40
-2.46 -30.40
-2.46 -30.40
-2.28 -30.40
-2.28 -30.40
-2.28 -30.40
-1.92 -30.40
-1.92 -30.40
-1.92 -30.40
-1.73 -30.40
-1.73 -30.40
-1.73 -30.40
-1.55 -30.40
-1.55 -30.40
-1.55 -30.40
-1.37 -30.40
-1.37 -30.40
-1.37 -30.40
-1.19 -30.40
-1.19 -30.40
-1.19 -30.40
-1.00 -30.40
-1.00 -30.40
-1.00 -30.40
-0.82 -30.40
-0.82 -30.40
-0.82 -30.40
-0.64 -30.40
-0.64 -30.40
-0.64 -30.40
-0.46 -30.40
-0.46 -30.40
-0.46 -30.40
-0.09 -30.40
-0.09 -30.40
-0.09 -30.40
0.27 -30.40
0.27 -30.40
0.27 -30.40
0.46 -30.40
0.46 -30.40
0.46 -30.40
0.64 -30.40
0.64 -30.40
0.64 -30.40
0.82 -30.40
0.82 -30.40
0.82 -30.40
1.00 -30.40
1.00 -30.40
1.00 -30.40
1.19 -30.40
1.19 -30.40
1.19 -30.40
1.55 -30.40
1.55 -30.40
1.55 -30.40
-2.46 -30.22
-2.46 -30.22
-2.46 -30.22
-2.28 -30.22
-2.28 -30.22
-2.28 -30.22
-2.10 -30.22
-2.10 -30.22
-2.10 -30.22
-1.92 -30.22
-1.92 -30.22
-1.92 -30.22
-1.73 -30.22
-1.73 -30.22
-1.73 -30.22
1.00 -30.22
1.00 -30.22
1.00 -30.22
1.19 -30.22
1.19 -30.22
1.19 -30.22
1.37 -30.22
1.37 -30.22
1.37 -30.22
1.55 -30.22
1.55 -30.22
1.55 -30.22
1.73 -30.22
1.73 -30.22
1.73 -30.22
1.92 -30.22
1.92 -30.22
1.92 -30.22
-3.38 -30.03
-3.38 -30.03
-3.38 -30.03
-2.10 -30.03
-2.10 -30.03
-2.10 -30.03
-1.55 -30.03
-1.55 -30.03
-1.55 -30.03
-0.27 -30.03
-0.27 -30.03
-0.27 -30.03
0.09 -30.03
0.09 -30.03
0.09 -30.03
0.27 -30.03
0.27 -30.03
0.27 -30.03
0.64 -30.03
0.64 -30.03
0.64 -30.03
1.55 -30.03
1.55 -30.03
1.55 -30.03
1.92 -30.03
1.92 -30.03
1.92 -30.03
-3.01 -29.85
-3.01 -29.85
-3.01 -29.85
-1.00 -29.85
-1.00 -29.85
-1.00 -29.85
-0.82 -29.85
-0.82 -29.85
-0.82 -29.85
-0.46 -29.85
-0.46 -29.85
-0.46 -29.85
-0.27 -29.85
-0.27 -29.85
-0.27 -29.85
-0.09 -29.85
-0.09 -29.85
-0.09 -29.85
-2.65 -29.67
-2.65 -29.67
-2.65 -29.67
-2.46 -29.67
-2.46 -29.67
-2.46 -29.67
-2.28 -29.67
-2.28 -29.67
-2.28 -29.67
-0.64 -29.67
-0.64 -29.67
-0.64 -29.67
-0.46 -29.67
-0.46 -29.67
-0.46 -29.67
-2.83 -29.49
-2.83 -29.49
-2.83 -29.49
-2.65 -29.49
-2.65 -29.49
-2.65 -29.49
-2.46 -29.49
-2.46 -29.49
-2.46 -29.49
-2.28 -29.49
-2.28 -29.49
-2.28 -29.49
-2.10 -29.49
-2.10 -29.49
-2.10 -29.49
-1.92 -29.49
-1.92 -29.49
-1.92 -29.49
-1.73 -29.49
-1.73 -29.49
-1.73 -29.49
-0.64 -29.49
-0.64 -29.49
-0.64 -29.49
-0.46 -29.49
-0.46 -29.49
-0.46 -29.49
-0.27 -29.49
-0.27 -29.49
-0.27 -29.49
0.09 -29.49
0.09 -29.49
0.09 -29.49
0.27 -29.49
0.27 -29.49
0.27 -29.49
-3.56 -29.30
-3.56 -29.30
-3.56 -29.30
-2.83 -29.30
-2.83 -29.30
-2.83 -29.30
-2.65 -29.30
-2.65 -29.30
-2.65 -29.30
-2.46 -29.30
-2.46 -29.30
-2.46 -29.30
-2.10 -29.30
-2.10 -29.30
-2.10 -29.30
-1.92 -29.30
-1.92 -29.30
-1.92 -29.30
-1.73 -29.30
-1.73 -29.30
-1.73 -29.30
-1.55 -29.30
-1.55 -29.30
-1.55 -29.30
-1.37 -29.30
-1.37 -29.30
-1.37 -29.30
-1.19 -29.30
-1.19 -29.30
-1.19 -29.30
-1.00 -29.30
-1.00 -29.30
-1.00 -29.30
-0.82 -29.30
-0.82 -29.30
-0.82 -29.30
-0.64 -29.30
-0.64 -29.30
-0.64 -29.30
-0.46 -29.30
-0.46 -29.30
-0.46 -29.30
-2.83 -29.12
-2.83 -29.12
-2.83 -29.12
-2.65 -29.12
-2.65 -29.12
-2.65 -29.12
-1.55 -29.12
-1.55 -29.12
-1.55 -29.12
-1.37 -29.12
-1.37 -29.12
-1.37 -29.12
-1.19 -29.12
-1.19 -29.12
-1.19 -29.12
-1.00 -29.12
-1.00 -29.12
-1.00 -29.12
-0.82 -29.12
-0.82 -29.12
-0.82 -29.12
-0.64 -29.12
-0.64 -29.12
-0.64 -29.12
-0.09 -29.12
-0.09 -29.12
-0.09 -29.12
-2.83 -28.94
-2.83 -28.94
-2.83 -28.94
-2.65 -28.94
-2.65 -28.94
-2.65 -28.94
-1.37 -28.94
-1.37 -28.94
-1.37 -28.94
-1.19 -28.94
-1.19 -28.94
-1.19 -28.94
-1.00 -28.94
-1.00 -28.94
-1.00 -28.94
-0.82 -28.94
-0.82 -28.94
-0.82 -28.94
-0.46 -28.94
-0.46 -28.94
-0.46 -28.94
0.09 -28.94
0.09 -28.94
0.09 -28.94
0.27 -28.94
0.27 -28.94
0.27 -28.94
-1.37 -28.76
-1.37 -28.76
-1.37 -28.76
-1.19 -28.76
-1.19 -28.76
-1.19 -28.76
-1.00 -28.76
-1.00 -28.76
-1.00 -28.76
-0.82 -28.76
-0.82 -28.76
-0.82 -28.76
-0.46 -28.76
-0.46 -28.76
-0.46 -28.76
-3.56 -28.57
-3.56 -28.57
-3.56 -28.57
-3.38 -28.57
-3.38 -28.57
-3.38 -28.57
-1.92 -28.57
-1.92 -28.57
-1.92 -28.57
-1.73 -28.57
-1.73 -28.57
-1.73 -28.57
-1.55 -28.57
-1.55 -28.57
-1.55 -28.57
-1.37 -28.57
-1.37 -28.57
-1.37 -28.57
-1.19 -28.57
-1.19 -28.57
-1.19 -28.57
-1.00 -28.57
-1.00 -28.57
-1.00 -28.57
-0.82 -28.57
-0.82 -28.57
-0.82 -28.57
-0.64 -28.57
-0.64 -28.57
-0.64 -28.57
-0.46 -28.57
-0.46 -28.57
-0.46 -28.57
0.09 -28.57
0.09 -28.57
0.09 -28.57
-0.64 -28.39
-0.64 -28.39
-0.64 -28.39
0.09 -28.39
0.09 -28.39
0.09 -28.39
0.27 -28.39
0.27 -28.39
0.27 -28.39
-0.46 -28.21
-0.46 -28.21
-0.46 -28.21
-0.27 -28.21
-0.27 -28.21
-0.27 -28.21
-3.56 -28.03
-3.56 -28.03
-3.56 -28.03
-3.38 -28.03
-3.38 -28.03
-3.38 -28.03
-3.20 -28.03
-3.20 -28.03
-3.20 -28.03
-3.01 -28.03
-3.01 -28.03
-3.01 -28.03
-2.10 -28.03
-2.10 -28.03
-2.10 -28.03
-1.92 -28.03
-1.92 -28.03
-1.92 -28.03
-0.27 -28.03
-0.27 -28.03
-0.27 -28.03
0.09 -28.03
0.09 -28.03
0.09 -28.03
0.27 -28.03
0.27 -28.03
0.27 -28.03
-3.56 -27.84
-3.56 -27.84
-3.56 -27.84
-3.38 -27.84
-3.38 -27.84
-3.38 -27.84
-3.20 -27.84
-3.20 -27.84
-3.20 -27.84
-3.01 -27.84
-3.01 -27.84
-3.01 -27.84
-2.83 -27.84
-2.83 -27.84
-2.83 -27.84
-0.64 -27.84
-0.64 -27.84
-0.64 -27.84
-0.09 -27.84
-0.09 -27.84
-0.09 -27.84
0.64 -27.84
0.64 -27.84
0.64 -27.84
0.82 -27.84
0.82 -27.84
0.82 -27.84
1.00 -27.84
1.00 -27.84
1.00 -27.84
-3.56 -27.66
-3.56 -27.66
-3.56 -27.66
-3.38 -27.66
-3.38 -27.66
-3.38 -27.66
-3.20 -27.66
-3.20 -27.66
-3.20 -27.66
-3.01 -27.66
-3.01 -27.66
-3.01 -27.66
-2.83 -27.66
-2.83 -27.66
-2.83 -27.66
-1.00 -27.66
-1.00 -27.66
-1.00 -27.66
-0.82 -27.66
-0.82 -27.66
-0.82 -27.66
-0.46 -27.66
-0.46 -27.66
-0.46 -27.66
0.64 -27.66
0.64 -27.66
0.64 -27.66
0.82 -27.66
0.82 -27.66
0.82 -27.66
1.00 -27.66
1.00 -27.66
1.00 -27.66
-3.56 -27.48
-3.56 -27.48
-3.56 -27.48
-3.38 -27.48
-3.38 -27.48
-3.38 -27.48
-3.20 -27.48
-3.20 -27.48
-3.20 -27.48
-3.01 -27.48
-3.01 -27.48
-3.01 -27.48
-1.73 -27.48
-1.73 -27.48
-1.73 -27.48
-1.55 -27.48
-1.55 -27.48
-1.55 -27.48
-1.37 -27.48
-1.37 -27.48
-1.37 -27.48
-1.19 -27.48
-1.19 -27.48
-1.19 -27.48
-1.00 -27.48
-1.00 -27.48
-1.00 -27.48
-0.82 -27.48
-0.82 -27.48
-0.82 -27.48
-0.27 -27.48
-0.27 -27.48
-0.27 -27.48
-3.56 -27.30
-3.56 -27.30
-3.56 -27.30
-3.38 -27.30
-3.38 -27.30
-3.38 -27.30
-3.20 -27.30
-3.20 -27.30
-3.20 -27.30
-3.01 -27.30
-3.01 -27.30
-3.01 -27.30
-2.83 -27.30
-2.83 -27.30
-2.83 -27.30
-1.73 -27.30
-1.73 -27.30
-1.73 -27.30
-1.55 -27.30
-1.55 -27.30
-1.55 -27.30
-1.37 -27.30
-1.37 -27.30
-1.37 -27.30
-1.19 -27.30
-1.19 -27.30
-1.19 -27.30
-1.00 -27.30
-1.00 -27.30
-1.00 -27.30
-0.82 -27.30
-0.82 -27.30
-0.82 -27.30
-0.64 -27.30
-0.64 -27.30
-0.64 -27.30
0.64 -27.30
0.64 -27.30
0.64 -27.30
0.82 -27.30
0.82 -27.30
0.82 -27.30
-3.56 -27.11
-3.56 -27.11
-3.56 -27.11
-3.38 -27.11
-3.38 -27.11
-3.38 -27.11
-3.20 -27.11
-3.20 -27.11
-3.20 -27.11
-3.01 -27.11
-3.01 -27.11
-3.01 -27.11
-2.83 -27.11
-2.83 -27.11
-2.83 -27.11
-2.65 -27.11
-2.65 -27.11
-2.65 -27.11
-2.46 -27.11
-2.46 -27.11
-2.46 -27.11
-0.64 -27.11
-0.64 -27.11
-0.64 -27.11
-0.27 -27.11
-0.27 -27.11
-0.27 -27.11
-0.09 -27.11
-0.09 -27.11
-0.09 -27.11
0.27 -27.11
0.27 -27.11
0.27 -27.11
0.46 -27.11
0.46 -27.11
0.46 -27.11
1.00 -27.11
1.00 -27.11
1.00 -27.11
1.19 -27.11
1.19 -27.11
1.19 -27.11
1.55 -27.11
1.55 -27.11
1.55 -27.11
1.73 -27.11
1.73 -27.11
1.73 -27.11
-3.56 -26.93
-3.56 -26.93
-3.56 -26.93
-3.38 -26.93
-3.38 -26.93
-3.38 -26.93
-3.20 -26.93
-3.20 -26.93
-3.20 -26.93
-2.83 -26.93
-2.83 -26.93
-2.83 -26.93
-2.65 -26.93
-2.65 -26.93
-2.65 -26.93
-2.46 -26.93
-2.46 -26.93
-2.46 -26.93
-2.28 -26.93
-2.28 -26.93
-2.28 -26.93
-2.10 -26.93
-2.10 -26.93
-2.10 -26.93
-0.64 -26.93
-0.64 -26.93
-0.64 -26.93
-0.46 -26.93
-0.46 -26.93
-0.46 -26.93
-0.27 -26.93
-0.27 -26.93
-0.27 -26.93
-0.09 -26.93
-0.09 -26.93
-0.09 -26.93
0.09 -26.93
0.09 -26.93
0.09 -26.93
0.27 -26.93
0.27 -26.93
0.27 -26.93
0.46 -26.93
0.46 -26.93
0.46 -26.93
0.64 -26.93
0.64 -26.93
0.64 -26.93
0.82 -26.93
0.82 -26.93
0.82 -26.93
1.00 -26.93
1.00 -26.93
1.00 -26.93
1.19 -26.93
1.19 -26.93
1.19 -26.93
-3.56 -26.75
-3.56 -26.75
-3.56 -26.75
-3.38 -26.75
-3.38 -26.75
-3.38 -26.75
-3.20 -26.75
-3.20 -26.75
-3.20 -26.75
-2.83 -26.75
-2.83 -26.75
-2.83 -26.75
-2.65 -26.75
-2.65 -26.75
-2.65 -26.75
-1.00 -26.75
-1.00 -26.75
-1.00 -26.75
-0.82 -26.75
-0.82 -26.75
-0.82 -26.75
-0.64 -26.75
-0.64 -26.75
-0.64 -26.75
-0.46 -26.75
-0.46 -26.75
-0.46 -26.75
-0.27 -26.75
-0.27 -26.75
-0.27 -26.75
-0.09 -26.75
-0.09 -26.75
-0.09 -26.75
0.09 -26.75
0.09 -26.75
0.09 -26.75
0.27 -26.75
0.27 -26.75
0.27 -26.75
0.46 -26.75
0.46 -26.75
0.46 -26.75
0.64 -26.75
0.64 -26.75
0.64 -26.75
1.19 -26.75
1.19 -26.75
1.19 -26.75
-3.38 -26.56
-3.38 -26.56
-3.38 -26.56
-3.20 -26.56
-3.20 -26.56
-3.20 -26.56
-3.01 -26.56
-3.01 -26.56
-3.01 -26.56
-2.83 -26.56
-2.83 -26.56
-2.83 -26.56
-2.28 -26.56
-2.28 -26.56
-2.28 -26.56
-1.73 -26.56
-1.73 -26.56
-1.73 -26.56
-1.55 -26.56
-1.55 -26.56
-1.55 -26.56
-1.37 -26.56
-1.37 -26.56
-1.37 -26.56
-1.19 -26.56
-1.19 -26.56
-1.19 -26.56
-1.00 -26.56
-1.00 -26.56
-1.00 -26.56
-0.82 -26.56
-0.82 -26.56
-0.82 -26.56
0.46 -26.56
0.46 -26.56
0.46 -26.56
0.64 -26.56
0.64 -26.56
0.64 -26.56
0.82 -26.56
0.82 -26.56
0.82 -26.56
1.00 -26.56
1.00 -26.56
1.00 -26.56
1.73 -26.56
1.73 -26.56
1.73 -26.56
-3.56 -26.38
-3.56 -26.38
-3.56 -26.38
-3.38 -26.38
-3.38 -26.38
-3.38 -26.38
-3.01 -26.38
-3.01 -26.38
-3.01 -26.38
-2.83 -26.38
-2.83 -26.38
-2.83 -26.38
-2.65 -26.38
-2.65 -26.38
-2.65 -26.38
-2.28 -26.38
-2.28 -26.38
-2.28 -26.38
-1.92 -26.38
-1.92 -26.38
-1.92 -26.38
-1.73 -26.38
-1.73 -26.38
-1.73 -26.38
-1.55 -26.38
-1.55 -26.38
-1.55 -26.38
-1.37 -26.38
-1.37 -26.38
-1.37 -26.38
-1.19 -26.38
-1.19 -26.38
-1.19 -26.38
-1.00 -26.38
-1.00 -26.38
-1.00 -26.38
1.00 -26.38
1.00 -26.38
1.00 -26.38
1.19 -26.38
1.19 -26.38
1.19 -26.38
1.37 -26.38
1.37 -26.38
1.37 -26.38
1.92 -26.38
1.92 -26.38
1.92 -26.38
2.10 -26.38
2.10 -26.38
2.10 -26.38
2.28 -26.38
2.28 -26.38
2.28 -26.38
2.46 -26.38
2.46 -26.38
2.46 -26.38
-2.65 -26.20
-2.65 -26.20
-2.65 -26.20
-2.46 -26.20
-2.46 -26.20
-2.46 -26.20
-2.28 -26.20
-2.28 -26.20
-2.28 -26.20
-0.64 -26.20
-0.64 -26.20
-0.64 -26.20
-0.46 -26.20
-0.46 -26.20
-0.46 -26.20
-0.27 -26.20
-0.27 -26.20
-0.27 -26.20
-0.09 -26.20
-0.09 -26.20
-0.09 -26.20
0.09 -26.20
0.09 -26.20
0.09 -26.20
0.27 -26.20
0.27 -26.20
0.27 -26.20
0.46 -26.20
0.46 -26.20
0.46 -26.20
0.64 -26.20
0.64 -26.20
0.64 -26.20
0.82 -26.20
0.82 -26.20
0.82 -26.20
1.00 -26.20
1.00 -26.20
1.00 -26.20
1.37 -26.20
1.37 -26.20
1.37 -26.20
1.55 -26.20
1.55 -26.20
1.55 -26.20
2.28 -26.20
2.28 -26.20
2.28 -26.20
-2.65 -26.02
-2.65 -26.02
-2.65 -26.02
-1.00 -26.02
-1.00 -26.02
-1.00 -26.02
-0.82 -26.02
-0.82 -26.02
-0.82 -26.02
-0.64 -26.02
-0.64 -26.02
-0.64 -26.02
-0.46 -26.02
-0.46 -26.02
-0.46 -26.02
-0.27 -26.02
-0.27 -26.02
-0.27 -26.02
0.64 -26.02
0.64 -26.02
0.64 -26.02
0.82 -26.02
0.82 -26.02
0.82 -26.02
1.00 -26.02
1.00 -26.02
1.00 -26.02
1.55 -26.02
1.55 -26.02
1.55 -26.02
1.73 -26.02
1.73 -26.02
1.73 -26.02
1.92 -26.02
1.92 -26.02
1.92 -26.02
2.10 -26.02
2.10 -26.02
2.10 -26.02
2.28 -26.02
2.28 -26.02
2.28 -26.02
2.46 -26.02
2.46 -26.02
2.46 -26.02
-2.28 -25.83
-2.28 -25.83
-2.28 -25.83
-1.00 -25.83
-1.00 -25.83
-1.00 -25.83
-0.82 -25.83
-0.82 -25.83
-0.82 -25.83
-0.64 -25.83
-0.64 -25.83
-0.64 -25.83
1.00 -25.83
1.00 -25.83
1.00 -25.83
1.19 -25.83
1.19 -25.83
1.19 -25.83
1.37 -25.83
1.37 -25.83
1.37 -25.83
1.55 -25.83
1.55 -25.83
1.55 -25.83
2.28 -25.83
2.28 -25.83
2.28 -25.83
2.46 -25.83
2.46 -25.83
2.46 -25.83
-2.83 -25.65
-2.83 -25.65
-2.83 -25.65
-2.65 -25.65
-2.65 -25.65
-2.65 -25.65
-2.28 -25.65
-2.28 -25.65
-2.28 -25.65
-2.10 -25.65
-2.10 -25.65
-2.10 -25.65
-1.92 -25.65
-1.92 -25.65
-1.92 -25.65
-0.64 -25.65
-0.64 -25.65
-0.64 -25.65
-0.46 -25.65
-0.46 -25.65
-0.46 -25.65
0.82 -25.65
0.82 -25.65
0.82 -25.65
1.37 -25.65
1.37 -25.65
1.37 -25.65
1.55 -25.65
1.55 -25.65
1.55 -25.65
1.73 -25.65
1.73 -25.65
1.73 -25.65
1.92 -25.65
1.92 -25.65
1.92 -25.65
2.28 -25.65
2.28 -25.65
2.28 -25.65
3.01 -25.65
3.01 -25.65
3.01 -25.65
-2.83 -25.47
-2.83 -25.47
-2.83 -25.47
-2.46 -25.47
-2.46 -25.47
-2.46 -25.47
-2.10 -25.47
-2.10 -25.47
-2.10 -25.47
-1.92 -25.47
-1.92 -25.47
-1.92 -25.47
-1.73 -25.47
-1.73 -25.47
-1.73 -25.47
-1.55 -25.47
-1.55 -25.47
-1.55 -25.47
-1.37 -25.47
-1.37 -25.47
-1.37 -25.47
-1.19 -25.47
-1.19 -25.47
-1.19 -25.47
-1.00 -25.47
-1.00 -25.47
-1.00 -25.47
-0.82 -25.47
-0.82 -25.47
-0.82 -25.47
-0.64 -25.47
-0.64 -25.47
-0.64 -25.47
-0.46 -25.47
-0.46 -25.47
-0.46 -25.47
-0.27 -25.47
-0.27 -25.47
-0.27 -25.47
2.28 -25.47
2.28 -25.47
2.28 -25.47
2.83 -25.47
2.83 -25.47
2.83 -25.47
3.20 -25.47
3.20 -25.47
3.20 -25.47
-2.83 -25.29
-2.83 -25.29
-2.83 -25.29
-2.65 -25.29
-2.65 -25.29
-2.65 -25.29
-2.46 -25.29
-2.46 -25.29
-2.46 -25.29
-2.28 -25.29
-2.28 -25.29
-2.28 -25.29
0.27 -25.29
0.27 -25.29
0.27 -25.29
0.46 -25.29
0.46 -25.29
0.46 -25.29
0.64 -25.29
0.64 -25.29
0.64 -25.29
0.82 -25.29
0.82 -25.29
0.82 -25.29
2.10 -25.29
2.10 -25.29
2.10 -25.29
2.46 -25.29
2.46 -25.29
2.46 -25.29
0.09 -25.10
0.09 -25.10
0.09 -25.10
0.27 -25.10
0.27 -25.10
0.27 -25.10
0.46 -25.10
0.46 -25.10
0.46 -25.10
0.64 -25.10
0.64 -25.10
0.64 -25.10
0.82 -25.10
0.82 -25.10
0.82 -25.10
1.00 -25.10
1.00 -25.10
1.00 -25.10
1.19 -25.10
1.19 -25.10
1.19 -25.10
1.37 -25.10
1.37 -25.10
1.37 -25.10
1.55 -25.10
1.55 -25.10
1.55 -25.10
1.73 -25.10
1.73 -25.10
1.73 -25.10
1.92 -25.10
1.92 -25.10
1.92 -25.10
2.10 -25.10
2.10 -25.10
2.10 -25.10
2.28 -25.10
2.28 -25.10
2.28 -25.10
2.46 -25.10
2.46 -25.10
2.46 -25.10
-2.10 -24.92
-2.10 -24.92
-2.10 -24.92
-1.92 -24.92
-1.92 -24.92
-1.92 -24.92
-1.73 -24.92
-1.73 -24.92
-1.73 -24.92
-1.55 -24.92
-1.55 -24.92
-1.55 -24.92
-1.37 -24.92
-1.37 -24.92
-1.37 -24.92
-1.19 -24.92
-1.19 -24.92
-1.19 -24.92
-0.09 -24.92
-0.09 -24.92
-0.09 -24.92
0.09 -24.92
0.09 -24.92
0.09 -24.92
0.27 -24.92
0.27 -24.92
0.27 -24.92
0.46 -24.92
0.46 -24.92
0.46 -24.92
0.64 -24.92
0.64 -24.92
0.64 -24.92
0.82 -24.92
0.82 -24.92
0.82 -24.92
1.00 -24.92
1.00 -24.92
1.00 -24.92
1.19 -24.92
1.19 -24.92
1.19 -24.92
1.37 -24.92
1.37 -24.92
1.37 -24.92
1.55 -24.92
1.55 -24.92
1.55 -24.92
1.73 -24.92
1.73 -24.92
1.73 -24.92
1.92 -24.92
1.92 -24.92
1.92 -24.92
2.10 -24.92
2.10 -24.92
2.10 -24.92
-2.10 -24.74
-2.10 -24.74
-2.10 -24.74
-1.92 -24.74
-1.92 -24.74
-1.92 -24.74
-1.73 -24.74
-1.73 -24.74
-1.73 -24.74
-1.55 -24.74
-1.55 -24.74
-1.55 -24.74
-1.37 -24.74
-1.37 -24.74
-1.37 -24.74
-1.19 -24.74
-1.19 -24.74
-1.19 -24.74
-1.00 -24.74
-1.00 -24.74
-1.00 -24.74
-0.09 -24.74
-0.09 -24.74
-0.09 -24.74
0.09 -24.74
0.09 -24.74
0.09 -24.74
0.27 -24.74
0.27 -24.74
0.27 -24.74
0.46 -24.74
0.46 -24.74
0.46 -24.74
0.64 -24.74
0.64 -24.74
0.64 -24.74
0.82 -24.74
0.82 -24.74
0.82 -24.74
1.00 -24.74
1.00 -24.74
1.00 -24.74
1.19 -24.74
1.19 -24.74
1.19 -24.74
1.37 -24.74
1.37 -24.74
1.37 -24.74
1.55 -24.74
1.55 -24.74
1.55 -24.74
1.73 -24.74
1.73 -24.74
1.73 -24.74
1.92 -24.74
1.92 -24.74
1.92 -24.74
2.10 -24.74
2.10 -24.74
2.10 -24.74
2.28 -24.74
2.28 -24.74
2.28 -24.74
-2.10 -24.56
-2.10 -24.56
-2.10 -24.56
-1.92 -24.56
-1.92 -24.56
-1.92 -24.56
-1.73 -24.56
-1.73 -24.56
-1.73 -24.56
-1.55 -24.56
-1.55 -24.56
-1.55 -24.56
-1.37 -24.56
-1.37 -24.56
-1.37 -24.56
-1.19 -24.56
-1.19 -24.56
-1.19 -24.56
-0.09 -24.56
-0.09 -24.56
-0.09 -24.56
0.09 -24.56
0.09 -24.56
0.09 -24.56
0.27 -24.56
0.27 -24.56
0.27 -24.56
0.46 -24.56
0.46 -24.56
0.46 -24.56
0.64 -24.56
0.64 -24.56
0.64 -24.56
0.82 -24.56
0.82 -24.56
0.82 -24.56
1.00 -24.56
1.00 -24.56
1.00 -24.56
1.19 -24.56
1.19 -24.56
1.19 -24.56
1.37 -24.56
1.37 -24.56
1.37 -24.56
1.55 -24.56
1.55 -24.56
1.55 -24.56
1.73 -24.56
1.73 -24.56
1.73 -24.56
1.92 -24.56
1.92 -24.56
1.92 -24.56
2.10 -24.56
2.10 -24.56
2.10 -24.56
-2.10 -24.37
-2.10 -24.37
-2.10 -24.37
-1.92 -24.37
-1.92 -24.37
-1.92 -24.37
-1.73 -24.37
-1.73 -24.37
-1.73 -24.37
-1.55 -24.37
-1.55 -24.37
-1.55 -24.37
-1.37 -24.37
-1.37 -24.37
-1.37 -24.37
-1.19 -24.37
-1.19 -24.37
-1.19 -24.37
-0.09 -24.37
-0.09 -24.37
-0.09 -24.37
0.09 -24.37
0.09 -24.37
0.09 -24.37
0.27 -24.37
0.27 -24.37
0.27 -24.37
0.46 -24.37
0.46 -24.37
0.46 -24.37
0.64 -24.37
0.64 -24.37
0.64 -24.37
0.82 -24.37
0.82 -24.37
0.82 -24.37
1.00 -24.37
1.00 -24.37
1.00 -24.37
1.19 -24.37
1.19 -24.37
1.19 -24.37
1.37 -24.37
1.37 -24.37
1.37 -24.37
1.55 -24.37
1.55 -24.37
1.55 -24.37
1.73 -24.37
1.73 -24.37
1.73 -24.37
1.92 -24.37
1.92 -24.37
1.92 -24.37
2.10 -24.37
2.10 -24.37
2.10 -24.37
2.28 -24.37
2.28 -24.37
2.28 -24.37
2.46 -24.37
2.46 -24.37
2.46 -24.37
2.65 -24.37
2.65 -24.37
2.65 -24.37
2.83 -24.37
2.83 -24.37
2.83 -24.37
-2.10 -24.19
-2.10 -24.19
-2.10 -24.19
-1.92 -24.19
-1.92 -24.19
-1.92 -24.19
-1.73 -24.19
-1.73 -24.19
-1.73 -24.19
-1.55 -24.19
-1.55 -24.19
-1.55 -24.19
-1.37 -24.19
-1.37 -24.19
-1.37 -24.19
-1.19 -24.19
-1.19 -24.19
-1.19 -24.19
-1.00 -24.19
-1.00 -24.19
-1.00 -24.19
-0.09 -24.19
-0.09 -24.19
-0.09 -24.19
0.09 -24.19
0.09 -24.19
0.09 -24.19
0.27 -24.19
0.27 -24.19
0.27 -24.19
0.46 -24.19
0.46 -24.19
0.46 -24.19
0.82 -24.19
0.82 -24.19
0.82 -24.19
1.00 -24.19
1.00 -24.19
1.00 -24.19
1.19 -24.19
1.19 -24.19
1.19 -24.19
1.37 -24.19
1.37 -24.19
1.37 -24.19
1.55 -24.19
1.55 -24.19
1.55 -24.19
1.73 -24.19
1.73 -24.19
1.73 -24.19
1.92 -24.19
1.92 -24.19
1.92 -24.19
2.10 -24.19
2.10 -24.19
2.10 -24.19
2.28 -24.19
2.28 -24.19
2.28 -24.19
2.46 -24.19
2.46 -24.19
2.46 -24.19
3.01 -24.19
3.01 -24.19
3.01 -24.19
-2.10 -24.01
-2.10 -24.01
-2.10 -24.01
-1.92 -24.01
-1.92 -24.01
-1.92 -24.01
-1.73 -24.01
-1.73 -24.01
-1.73 -24.01
-1.55 -24.01
-1.55 -24.01
-1.55 -24.01
-1.37 -24.01
-1.37 -24.01
-1.37 -24.01
-1.19 -24.01
-1.19 -24.01
-1.19 -24.01
-0.46 -24.01
-0.46 -24.01
-0.46 -24.01
-0.09 -24.01
-0.09 -24.01
-0.09 -24.01
0.09 -24.01
0.09 -24.01
0.09 -24.01
0.46 -24.01
0.46 -24.01
0.46 -24.01
1.00 -24.01
1.00 -24.01
1.00 -24.01
1.19 -24.01
1.19 -24.01
1.19 -24.01
1.37 -24.01
1.37 -24.01
1.37 -24.01
1.55 -24.01
1.55 -24.01
1.55 -24.01
2.10 -24.01
2.10 -24.01
2.10 -24.01
2.28 -24.01
2.28 -24.01
2.28 -24.01
2.83 -24.01
2.83 -24.01
2.83 -24.01
3.01 -24.01
3.01 -24.01
3.01 -24.01
3.20 -24.01
3.20 -24.01
3.20 -24.01
-2.10 -23.83
-2.10 -23.83
-2.10 -23.83
-1.92 -23.83
-1.92 -23.83
-1.92 -23.83
-1.73 -23.83
-1.73 -23.83
-1.73 -23.83
-1.55 -23.83
-1.55 -23.83
-1.55 -23.83
-1.37 -23.83
-1.37 -23.83
-1.37 -23.83
-1.19 -23.83
-1.19 -23.83
-1.19 -23.83
-0.27 -23.83
-0.27 -23.83
-0.27 -23.83
-0.09 -23.83
-0.09 -23.83
-0.09 -23.83
0.09 -23.83
0.09 -23.83
0.09 -23.83
0.46 -23.83
0.46 -23.83
0.46 -23.83
0.64 -23.83
0.64 -23.83
0.64 -23.83
0.82 -23.83
0.82 -23.83
0.82 -23.83
1.00 -23.83
1.00 -23.83
1.00 -23.83
1.73 -23.83
1.73 -23.83
1.73 -23.83
2.28 -23.83
2.28 -23.83
2.28 -23.83
2.46 -23.83
2.46 -23.83
2.46 -23.83
2.65 -23.83
2.65 -23.83
2.65 -23.83
-2.10 -23.64
-2.10 -23.64
-2.10 -23.64
-1.92 -23.64
-1.92 -23.64
-1.92 -23.64
-1.73 -23.64
-1.73 -23.64
-1.73 -23.64
-1.55 -23.64
-1.55 -23.64
-1.55 -23.64
-1.37 -23.64
-1.37 -23.64
-1.37 -23.64
-1.19 -23.64
-1.19 -23.64
-1.19 -23.64
-0.64 -23.64
-0.64 -23.64
-0.64 -23.64
-0.27 -23.64
-0.27 -23.64
-0.27 -23.64
0.09 -23.64
0.09 -23.64
0.09 -23.64
1.19 -23.64
1.19 -23.64
1.19 -23.64
1.37 -23.64
1.37 -23.64
1.37 -23.64
1.73 -23.64
1.73 -23.64
1.73 -23.64
1.92 -23.64
1.92 -23.64
1.92 -23.64
2.10 -23.64
2.10 -23.64
2.10 -23.64
2.46 -23.64
2.46 -23.64
2.46 -23.64
2.65 -23.64
2.65 -23.64
2.65 -23.64
2.83 -23.64
2.83 -23.64
2.83 -23.64
3.01 -23.64
3.01 -23.64
3.01 -23.64
3.20 -23.64
3.20 -23.64
3.20 -23.64
-2.10 -23.46
-2.10 -23.46
-2.10 -23.46
-1.92 -23.46
-1.92 -23.46
-1.92 -23.46
-1.73 -23.46
-1.73 -23.46
-1.73 -23.46
-1.55 -23.46
-1.55 -23.46
-1.55 -23.46
-1.37 -23.46
-1.37 -23.46
-1.37 -23.46
-1.19 -23.46
-1.19 -23.46
-1.19 -23.46
-0.27 -23.46
-0.27 -23.46
-0.27 -23.46
-0.09 -23.46
-0.09 -23.46
-0.09 -23.46
0.09 -23.46
0.09 -23.46
0.09 -23.46
0.27 -23.46
0.27 -23.46
0.27 -23.46
0.82 -23.46
0.82 -23.46
0.82 -23.46
1.00 -23.46
1.00 -23.46
1.00 -23.46
1.19 -23.46
1.19 -23.46
1.19 -23.46
1.37 -23.46
1.37 -23.46
1.37 -23.46
1.73 -23.46
1.73 -23.46
1.73 -23.46
1.92 -23.46
1.92 -23.46
1.92 -23.46
-2.10 -23.28
-2.10 -23.28
-2.10 -23.28
-1.92 -23.28
-1.92 -23.28
-1.92 -23.28
-1.73 -23.28
-1.73 -23.28
-1.73 -23.28
-1.55 -23.28
-1.55 -23.28
-1.55 -23.28
-1.37 -23.28
-1.37 -23.28
-1.37 -23.28
-1.19 -23.28
-1.19 -23.28
-1.19 -23.28
-0.27 -23.28
-0.27 -23.28
-0.27 -23.28
-0.09 -23.28
-0.09 -23.28
-0.09 -23.28
0.27 -23.28
0.27 -23.28
0.27 -23.28
0.64 -23.28
0.64 -23.28
0.64 -23.28
1.19 -23.28
1.19 -23.28
1.19 -23.28
1.37 -23.28
1.37 -23.28
1.37 -23.28
1.55 -23.28
1.55 -23.28
1.55 -23.28
2.10 -23.28
2.10 -23.28
2.10 -23.28
-2.28 -23.10
-2.28 -23.10
-2.28 -23.10
-2.10 -23.10
-2.10 -23.10
-2.10 -23.10
-1.92 -23.10
-1.92 -23.10
-1.92 -23.10
-1.73 -23.10
-1.73 -23.10
-1.73 -23.10
-1.55 -23.10
-1.55 -23.10
-1.55 -23.10
-1.37 -23.10
-1.37 -23.10
-1.37 -23.10
-1.19 -23.10
-1.19 -23.10
-1.19 -23.10
-0.46 -23.10
-0.46 -23.10
-0.46 -23.10
-0.09 -23.10
-0.09 -23.10
-0.09 -23.10
0.09 -23.10
0.09 -23.10
0.09 -23.10
0.46 -23.10
0.46 -23.10
0.46 -23.10
0.64 -23.10
0.64 -23.10
0.64 -23.10
0.82 -23.10
0.82 -23.10
0.82 -23.10
1.00 -23.10
1.00 -23.10
1.00 -23.10
1.19 -23.10
1.19 -23.10
1.19 -23.10
1.37 -23.10
1.37 -23.10
1.37 -23.10
1.55 -23.10
1.55 -23.10
1.55 -23.10
2.10 -23.10
2.10 -23.10
2.10 -23.10
2.28 -23.10
2.28 -23.10
2.28 -23.10
2.65 -23.10
2.65 -23.10
2.65 -23.10
-2.10 -22.91
-2.10 -22.91
-2.10 -22.91
-1.92 -22.91
-1.92 -22.91
-1.92 -22.91
-1.73 -22.91
-1.73 -22.91
-1.73 -22.91
-1.55 -22.91
-1.55 -22.91
-1.55 -22.91
-1.37 -22.91
-1.37 -22.91
-1.37 -22.91
-1.19 -22.91
-1.19 -22.91
-1.19 -22.91
-0.09 -22.91
-0.09 -22.91
-0.09 -22.91
0.09 -22.91
0.09 -22.91
0.09 -22.91
1.73 -22.91
1.73 -22.91
1.73 -22.91
1.92 -22.91
1.92 -22.91
1.92 -22.91
2.65 -22.91
2.65 -22.91
2.65 -22.91
2.83 -22.91
2.83 -22.91
2.83 -22.91
3.01 -22.91
3.01 -22.91
3.01 -22.91
3.20 -22.91
3.20 -22.91
3.20 -22.91
3.56 -22.91
3.56 -22.91
3.56 -22.91
3.93 -22.91
3.93 -22.91
3.93 -22.91
-2.10 -22.73
-2.10 -22.73
-2.10 -22.73
-1.92 -22.73
-1.92 -22.73
-1.92 -22.73
-1.73 -22.73
-1.73 -22.73
-1.73 -22.73
-1.55 -22.73
-1.55 -22.73
-1.55 -22.73
-1.37 -22.73
-1.37 -22.73
-1.37 -22.73
-1.19 -22.73
-1.19 -22.73
-1.19 -22.73
-0.64 -22.73
-0.64 -22.73
-0.64 -22.73
-0.46 -22.73
-0.46 -22.73
-0.46 -22.73
-0.27 -22.73
-0.27 -22.73
-0.27 -22.73
1.73 -22.73
1.73 -22.73
1.73 -22.73
1.92 -22.73
1.92 -22.73
1.92 -22.73
2.65 -22.73
2.65 -22.73
2.65 -22.73
3.01 -22.73
3.01 -22.73
3.01 -22.73
3.20 -22.73
3.20 -22.73
3.20 -22.73
3.38 -22.73
3.38 -22.73
3.38 -22.73
3.56 -22.73
3.56 -22.73
3.56 -22.73
3.74 -22.73
3.74 -22.73
3.74 -22.73
3.93 -22.73
3.93 -22.73
3.93 -22.73
-2.28 -22.55
-2.28 -22.55
-2.28 -22.55
-1.73 -22.55
-1.73 -22.55
-1.73 -22.55
-1.37 -22.55
-1.37 -22.55
-1.37 -22.55
-1.00 -22.55
-1.00 -22.55
-1.00 -22.55
-0.09 -22.55
-0.09 -22.55
-0.09 -22.55
3.01 -22.55
3.01 -22.55
3.01 -22.55
3.20 -22.55
3.20 -22.55
3.20 -22.55
3.38 -22.55
3.38 -22.55
3.38 -22.55
3.56 -22.55
3.56 -22.55
3.56 -22.55
3.74 -22.55
3.74 -22.55
3.74 -22.55
-1.92 -22.37
-1.92 -22.37
-1.92 -22.37
-1.73 -22.37
-1.73 -22.37
-1.73 -22.37
-1.37 -22.37
-1.37 -22.37
-1.37 -22.37
-0.09 -22.37
-0.09 -22.37
-0.09 -22.37
0.09 -22.37
0.09 -22.37
0.09 -22.37
0.27 -22.37
0.27 -22.37
0.27 -22.37
0.46 -22.37
0.46 -22.37
0.46 -22.37
0.64 -22.37
0.64 -22.37
0.64 -22.37
1.00 -22.37
1.00 -22.37
1.00 -22.37
3.74 -22.37
3.74 -22.37
3.74 -22.37
3.93 -22.37
3.93 -22.37
3.93 -22.37
-1.37 -22.18
-1.37 -22.18
-1.37 -22.18
-0.64 -22.18
-0.64 -22.18
-0.64 -22.18
-0.46 -22.18
-0.46 -22.18
-0.46 -22.18
-0.27 -22.18
-0.27 -22.18
-0.27 -22.18
-0.09 -22.18
-0.09 -22.18
-0.09 -22.18
0.27 -22.18
0.27 -22.18
0.27 -22.18
1.55 -22.18
1.55 -22.18
1.55 -22.18
1.92 -22.18
1.92 -22.18
1.92 -22.18
2.28 -22.18
2.28 -22.18
2.28 -22.18
2.46 -22.18
2.46 -22.18
2.46 -22.18
2.65 -22.18
2.65 -22.18
2.65 -22.18
2.83 -22.18
2.83 -22.18
2.83 -22.18
3.74 -22.18
3.74 -22.18
3.74 -22.18
-1.37 -22.00
-1.37 -22.00
-1.37 -22.00
-1.00 -22.00
-1.00 -22.00
-1.00 -22.00
-0.82 -22.00
-0.82 -22.00
-0.82 -22.00
-0.27 -22.00
-0.27 -22.00
-0.27 -22.00
0.09 -22.00
0.09 -22.00
0.09 -22.00
0.27 -22.00
0.27 -22.00
0.27 -22.00
0.46 -22.00
0.46 -22.00
0.46 -22.00
0.64 -22.00
0.64 -22.00
0.64 -22.00
0.82 -22.00
0.82 -22.00
0.82 -22.00
1.19 -22.00
1.19 -22.00
1.19 -22.00
1.92 -22.00
1.92 -22.00
1.92 -22.00
2.10 -22.00
2.10 -22.00
2.10 -22.00
2.28 -22.00
2.28 -22.00
2.28 -22.00
2.46 -22.00
2.46 -22.00
2.46 -22.00
2.65 -22.00
2.65 -22.00
2.65 -22.00
2.83 -22.00
2.83 -22.00
2.83 -22.00
3.93 -22.00
3.93 -22.00
3.93 -22.00
-1.55 -21.82
-1.55 -21.82
-1.55 -21.82
-1.37 -21.82
-1.37 -21.82
-1.37 -21.82
-1.19 -21.82
-1.19 -21.82
-1.19 -21.82
-1.00 -21.82
-1.00 -21.82
-1.00 -21.82
-0.64 -21.82
-0.64 -21.82
-0.64 -21.82
-0.46 -21.82
-0.46 -21.82
-0.46 -21.82
-0.27 -21.82
-0.27 -21.82
-0.27 -21.82
-0.09 -21.82
-0.09 -21.82
-0.09 -21.82
0.64 -21.82
0.64 -21.82
0.64 -21.82
0.82 -21.82
0.82 -21.82
0.82 -21.82
1.19 -21.82
1.19 -21.82
1.19 -21.82
1.37 -21.82
1.37 -21.82
1.37 -21.82
1.55 -21.82
1.55 -21.82
1.55 -21.82
1.73 -21.82
1.73 -21.82
1.73 -21.82
3.93 -21.82
3.93 -21.82
3.93 -21.82
-0.09 -21.64
-0.09 -21.64
-0.09 -21.64
0.09 -21.64
0.09 -21.64
0.09 -21.64
0.27 -21.64
0.27 -21.64
0.27 -21.64
0.46 -21.64
0.46 -21.64
0.46 -21.64
0.82 -21.64
0.82 -21.64
0.82 -21.64
1.00 -21.64
1.00 -21.64
1.00 -21.64
1.55 -21.64
1.55 -21.64
1.55 -21.64
1.92 -21.45
1.92 -21.45
1.92 -21.45
2.10 -21.45
2.10 -21.45
2.10 -21.45
2.28 -21.45
2.28 -21.45
2.28 -21.45
2.46 -21.45
2.46 -21.45
2.46 -21.45
2.65 -21.45
2.65 -21.45
2.65 -21.45
2.83 -21.45
2.83 -21.45
2.83 -21.45
1.55 -21.27
1.55 -21.27
1.55 -21.27
1.92 -21.27
1.92 -21.27
1.92 -21.27
2.28 -21.27
2.28 -21.27
2.28 -21.27
2.46 -21.27
2.46 -21.27
2.46 -21.27
2.65 -21.27
2.65 -21.27
2.65 -21.27
2.83 -21.27
2.83 -21.27
2.83 -21.27
2.46 -21.09
2.46 -21.09
2.46 -21.09
3.01 -21.09
3.01 -21.09
3.01 -21.09
3.20 -21.09
3.20 -21.09
3.20 -21.09
3.56 -21.09
3.56 -21.09
3.56 -21.09
2.46 -20.91
2.46 -20.91
2.46 -20.91
2.65 -20.91
2.65 -20.91
2.65 -20.91
3.20 -20.91
3.20 -20.91
3.20 -20.91
3.38 -20.91
3.38 -20.91
3.38 -20.91
3.56 -20.91
3.56 -20.91
3.56 -20.91
3.74 -20.91
3.74 -20.91
3.74 -20.91
3.74 -20.72
3.74 -20.72
3.74 -20.72
-17.98 8.31
-17.98 8.31
-17.98 8.31
-18.35 8.49
-18.35 8.49
-18.35 8.49
-18.17 8.49
-18.17 8.49
-18.17 8.49
-17.80 8.85
-17.80 8.85
-17.80 8.85
-17.62 8.85
-17.62 8.85
-17.62 8.85
-17.07 8.85
-17.07 8.85
-17.07 8.85
-17.44 9.04
-17.44 9.04
-17.44 9.04
-16.52 9.04
-16.52 9.04
-16.52 9.04
-16.34 9.04
-16.34 9.04
-16.34 9.04
-17.80 9.22
-17.80 9.22
-17.80 9.22
-17.25 9.22
-17.25 9.22
-17.25 9.22
-16.89 9.22
-16.89 9.22
-16.89 9.22
-16.71 9.22
-16.71 9.22
-16.71 9.22
-16.52 9.22
-16.52 9.22
-16.52 9.22
-17.80 9.40
-17.80 9.40
-17.80 9.40
-17.62 9.40
-17.62 9.40
-17.62 9.40
-17.07 9.40
-17.07 9.40
-17.07 9.40
-16.71 9.40
-16.71 9.40
-16.71 9.40
-16.34 9.40
-16.34 9.40
-16.34 9.40
-17.07 9.59
-17.07 9.59
-17.07 9.59
-16.89 9.59
-16.89 9.59
-16.89 9.59
-16.71 9.59
-16.71 9.59
-16.71 9.59
-16.34 9.59
-16.34 9.59
-16.34 9.59
-16.52 9.77
-16.52 9.77
-16.52 9.77
-16.34 9.77
-16.34 9.77
-16.34 9.77
-11.23 9.77
-11.23 9.77
-11.23 9.77
-17.07 9.95
-17.07 9.95
-17.07 9.95
-16.52 9.95
-16.52 9.95
-16.52 9.95
-9.04 9.95
-9.04 9.95
-9.04 9.95
-8.85 9.95
-8.85 9.95
-8.85 9.95
-16.89 10.13
-16.89 10.13
-16.89 10.13
-16.71 10.13
-16.71 10.13
-16.71 10.13
-9.40 10.13
-9.40 10.13
-9.40 10.13
-8.85 10.13
-8.85 10.13
-8.85 10.13
-16.89 10.32
-16.89 10.32
-16.89 10.32
-16.52 10.32
-16.52 10.32
-16.52 10.32
-16.34 10.32
-16.34 10.32
-16.34 10.32
-16.16 10.32
-16.16 10.32
-16.16 10.32
-15.79 10.32
-15.79 10.32
-15.79 10.32
-15.61 10.32
-15.61 10.32
-15.61 10.32
-14.70 10.32
-14.70 10.32
-14.70 10.32
-10.13 10.32
-10.13 10.32
-10.13 10.32
-9.95 10.32
-9.95 10.32
-9.95 10.32
-17.07 10.50
-17.07 10.50
-17.07 10.50
-16.34 10.50
-16.34 10.50
-16.34 10.50
-15.98 10.50
-15.98 10.50
-15.98 10.50
-15.79 10.50
-15.79 10.50
-15.79 10.50
-15.25 10.50
-15.25 10.50
-15.25 10.50
-15.98 10.68
-15.98 10.68
-15.98 10.68
-15.98 10.86
-15.98 10.86
-15.98 10.86
-14.70 10.86
-14.70 10.86
-14.70 10.86
-14.15 10.86
-14.15 10.86
-14.15 10.86
-13.97 10.86
-13.97 10.86
-13.97 10.86
-16.34 11.05
-16.34 11.05
-16.34 11.05
-15.98 11.05
-15.98 11.05
-15.98 11.05
-15.79 11.05
-15.79 11.05
-15.79 11.05
-14.70 11.05
-14.70 11.05
-14.70 11.05
-14.15 11.05
-14.15 11.05
-14.15 11.05
-13.24 11.05
-13.24 11.05
-13.24 11.05
-13.05 11.05
-13.05 11.05
-13.05 11.05
-15.25 11.23
-15.25 11.23
-15.25 11.23
-15.06 11.23
-15.06 11.23
-15.06 11.23
-13.78 11.23
-13.78 11.23
-13.78 11.23
-13.42 11.23
-13.42 11.23
-13.42 11.23
-7.58 11.23
-7.58 11.23
-7.58 11.23
-7.39 11.23
-7.39 11.23
-7.39 11.23
-13.42 11.41
-13.42 11.41
-13.42 11.41
-13.24 11.41
-13.24 11.41
-13.24 11.41
-13.05 11.41
-13.05 11.41
-13.05 11.41
-7.58 11.41
-7.58 11.41
-7.58 11.41
-7.21 11.41
-7.21 11.41
-7.21 11.41
-6.66 11.41
-6.66 11.41
-6.66 11.41
-13.78 11.59
-13.78 11.59
-13.78 11.59
-13.42 11.59
-13.42 11.59
-13.42 11.59
-13.24 11.59
-13.24 11.59
-13.24 11.59
-7.94 11.59
-7.94 11.59
-7.94 11.59
-7.76 11.59
-7.76 11.59
-7.76 11.59
-7.03 11.59
-7.03 11.59
-7.03 11.59
-6.66 11.59
-6.66 11.59
-6.66 11.59
-7.39 11.78
-7.39 11.78
-7.39 11.78
-6.66 11.78
-6.66 11.78
-6.66 11.78
-6.48 11.78
-6.48 11.78
-6.48 11.78
-12.87 11.96
-12.87 11.96
-12.87 11.96
-12.69 11.96
-12.69 11.96
-12.69 11.96
-7.94 11.96
-7.94 11.96
-7.94 11.96
-7.58 11.96
-7.58 11.96
-7.58 11.96
-7.21 11.96
-7.21 11.96
-7.21 11.96
-6.85 11.96
-6.85 11.96
-6.85 11.96
-6.48 11.96
-6.48 11.96
-6.48 11.96
-5.93 11.96
-5.93 11.96
-5.93 11.96
-12.69 12.14
-12.69 12.14
-12.69 12.14
-12.51 12.14
-12.51 12.14
-12.51 12.14
-12.32 12.14
-12.32 12.14
-12.32 12.14
-7.94 12.14
-7.94 12.14
-7.94 12.14
-7.76 12.14
-7.76 12.14
-7.76 12.14
-7.21 12.14
-7.21 12.14
-7.21 12.14
-6.85 12.14
-6.85 12.14
-6.85 12.14
-6.30 12.14
-6.30 12.14
-6.30 12.14
-6.12 12.14
-6.12 12.14
-6.12 12.14
-5.93 12.14
-5.93 12.14
-5.93 12.14
-12.51 12.32
-12.51 12.32
-12.51 12.32
-7.03 12.32
-7.03 12.32
-7.03 12.32
-6.66 12.32
-6.66 12.32
-6.66 12.32
-6.48 12.32
-6.48 12.32
-6.48 12.32
-6.30 12.32
-6.30 12.32
-6.30 12.32
-5.75 12.32
-5.75 12.32
-5.75 12.32
-7.21 12.51
-7.21 12.51
-7.21 12.51
-6.85 12.51
-6.85 12.51
-6.85 12.51
-6.48 12.51
-6.48 12.51
-6.48 12.51
-5.75 12.51
-5.75 12.51
-5.75 12.51
-6.85 12.69
-6.85 12.69
-6.85 12.69
-6.30 12.69
-6.30 12.69
-6.30 12.69
-6.12 12.69
-6.12 12.69
-6.12 12.69
-5.75 12.69
-5.75 12.69
-5.75 12.69
-6.66 12.87
-6.66 12.87
-6.66 12.87
-6.48 12.87
-6.48 12.87
-6.48 12.87
-6.30 12.87
-6.30 12.87
-6.30 12.87
-5.75 12.87
-5.75 12.87
-5.75 12.87
-9.95 13.05
-9.95 13.05
-9.95 13.05
-6.12 13.05
-6.12 13.05
-6.12 13.05
-5.93 13.05
-5.93 13.05
-5.93 13.05
-5.75 13.05
-5.75 13.05
-5.75 13.05
-5.20 13.05
-5.20 13.05
-5.20 13.05
-10.13 13.24
-10.13 13.24
-10.13 13.24
-9.95 13.24
-9.95 13.24
-9.95 13.24
-6.48 13.24
-6.48 13.24
-6.48 13.24
-6.12 13.24
-6.12 13.24
-6.12 13.24
-5.39 13.24
-5.39 13.24
-5.39 13.24
-5.02 13.24
-5.02 13.24
-5.02 13.24
-10.50 13.42
-10.50 13.42
-10.50 13.42
-9.95 13.42
-9.95 13.42
-9.95 13.42
-6.48 13.42
-6.48 13.42
-6.48 13.42
-5.39 13.42
-5.39 13.42
-5.39 13.42
-5.20 13.42
-5.20 13.42
-5.20 13.42
-5.02 13.42
-5.02 13.42
-5.02 13.42
-10.32 13.60
-10.32 13.60
-10.32 13.60
-10.13 13.60
-10.13 13.60
-10.13 13.60
-9.95 13.60
-9.95 13.60
-9.95 13.60
-5.57 13.60
-5.57 13.60
-5.57 13.60
-5.39 13.60
-5.39 13.60
-5.39 13.60
-5.57 13.78
-5.57 13.78
-5.57 13.78
-5.20 13.78
-5.20 13.78
-5.20 13.78
-5.02 13.78
-5.02 13.78
-5.02 13.78
-4.29 13.78
-4.29 13.78
-4.29 13.78
-4.11 13.78
-4.11 13.78
-4.11 13.78
-9.59 13.97
-9.59 13.97
-9.59 13.97
-9.40 13.97
-9.40 13.97
-9.40 13.97
-9.22 13.97
-9.22 13.97
-9.22 13.97
-4.84 13.97
-4.84 13.97
-4.84 13.97
-4.29 13.97
-4.29 13.97
-4.29 13.97
-9.77 14.15
-9.77 14.15
-9.77 14.15
-9.40 14.15
-9.40 14.15
-9.40 14.15
-9.04 14.15
-9.04 14.15
-9.04 14.15
-8.49 14.15
-8.49 14.15
-8.49 14.15
-4.11 14.15
-4.11 14.15
-4.11 14.15
-9.77 14.33
-9.77 14.33
-9.77 14.33
-9.40 14.33
-9.40 14.33
-9.40 14.33
-8.31 14.33
-8.31 14.33
-8.31 14.33
-4.11 14.33
-4.11 14.33
-4.11 14.33
-9.40 14.51
-9.40 14.51
-9.40 14.51
-8.31 14.51
-8.31 14.51
-8.31 14.51
-4.11 14.51
-4.11 14.51
-4.11 14.51
-3.93 14.51
-3.93 14.51
-3.93 14.51
-3.56 14.51
-3.56 14.51
-3.56 14.51
-3.01 14.51
-3.01 14.51
-3.01 14.51
-9.59 14.70
-9.59 14.70
-9.59 14.70
-9.22 14.70
-9.22 14.70
-9.22 14.70
-9.04 14.70
-9.04 14.70
-9.04 14.70
-8.85 14.70
-8.85 14.70
-8.85 14.70
-8.67 14.70
-8.67 14.70
-8.67 14.70
-8.49 14.70
-8.49 14.70
-8.49 14.70
-8.31 14.70
-8.31 14.70
-8.31 14.70
-4.11 14.70
-4.11 14.70
-4.11 14.70
-3.74 14.70
-3.74 14.70
-3.74 14.70
-3.38 14.70
-3.38 14.70
-3.38 14.70
-2.83 14.70
-2.83 14.70
-2.83 14.70
-2.65 14.70
-2.65 14.70
-2.65 14.70
-9.40 14.88
-9.40 14.88
-9.40 14.88
-9.04 14.88
-9.04 14.88
-9.04 14.88
-8.31 14.88
-8.31 14.88
-8.31 14.88
-8.12 14.88
-8.12 14.88
-8.12 14.88
-7.94 14.88
-7.94 14.88
-7.94 14.88
-7.39 14.88
-7.39 14.88
-7.39 14.88
-4.11 14.88
-4.11 14.88
-4.11 14.88
-3.74 14.88
-3.74 14.88
-3.74 14.88
-3.56 14.88
-3.56 14.88
-3.56 14.88
-3.38 14.88
-3.38 14.88
-3.38 14.88
-3.20 14.88
-3.20 14.88
-3.20 14.88
-2.83 14.88
-2.83 14.88
-2.83 14.88
-2.65 14.88
-2.65 14.88
-2.65 14.88
-9.77 15.06
-9.77 15.06
-9.77 15.06
-9.59 15.06
-9.59 15.06
-9.59 15.06
-9.40 15.06
-9.40 15.06
-9.40 15.06
-9.04 15.06
-9.04 15.06
-9.04 15.06
-8.85 15.06
-8.85 15.06
-8.85 15.06
-8.67 15.06
-8.67 15.06
-8.67 15.06
-8.12 15.06
-8.12 15.06
-8.12 15.06
-7.76 15.06
-7.76 15.06
-7.76 15.06
-3.20 15.06
-3.20 15.06
-3.20 15.06
-3.01 15.06
-3.01 15.06
-3.01 15.06
-2.65 15.06
-2.65 15.06
-2.65 15.06
-2.46 15.06
-2.46 15.06
-2.46 15.06
-2.28 15.06
-2.28 15.06
-2.28 15.06
-2.10 15.06
-2.10 15.06
-2.10 15.06
-9.04 15.25
-9.04 15.25
-9.04 15.25
-8.49 15.25
-8.49 15.25
-8.49 15.25
-7.76 15.25
-7.76 15.25
-7.76 15.25
-7.39 15.25
-7.39 15.25
-7.39 15.25
-2.46 15.25
-2.46 15.25
-2.46 15.25
-1.92 15.25
-1.92 15.25
-1.92 15.25
-8.12 15.43
-8.12 15.43
-8.12 15.43
-7.76 15.43
-7.76 15.43
-7.76 15.43
-7.58 15.43
-7.58 15.43
-7.58 15.43
-7.21 15.43
-7.21 15.43
-7.21 15.43
-6.66 15.43
-6.66 15.43
-6.66 15.43
-3.20 15.43
-3.20 15.43
-3.20 15.43
-2.46 15.43
-2.46 15.43
-2.46 15.43
-2.10 15.43
-2.10 15.43
-2.10 15.43
-1.00 15.43
-1.00 15.43
-1.00 15.43
-7.94 15.61
-7.94 15.61
-7.94 15.61
-7.76 15.61
-7.76 15.61
-7.76 15.61
-7.39 15.61
-7.39 15.61
-7.39 15.61
-6.66 15.61
-6.66 15.61
-6.66 15.61
-2.28 15.61
-2.28 15.61
-2.28 15.61
-1.55 15.61
-1.55 15.61
-1.55 15.61
-1.37 15.61
-1.37 15.61
-1.37 15.61
-1.00 15.61
-1.00 15.61
-1.00 15.61
-7.39 15.79
-7.39 15.79
-7.39 15.79
-7.03 15.79
-7.03 15.79
-7.03 15.79
-1.92 15.79
-1.92 15.79
-1.92 15.79
-1.37 15.79
-1.37 15.79
-1.37 15.79
-1.19 15.79
-1.19 15.79
-1.19 15.79
-7.03 15.98
-7.03 15.98
-7.03 15.98
-6.85 15.98
-6.85 15.98
-6.85 15.98
-6.66 15.98
-6.66 15.98
-6.66 15.98
-2.46 15.98
-2.46 15.98
-2.46 15.98
-1.37 15.98
-1.37 15.98
-1.37 15.98
-1.19 15.98
-1.19 15.98
-1.19 15.98
-1.00 15.98
-1.00 15.98
-1.00 15.98
-7.03 16.16
-7.03 16.16
-7.03 16.16
-6.12 16.16
-6.12 16.16
-6.12 16.16
-5.93 16.16
-5.93 16.16
-5.93 16.16
-2.28 16.16
-2.28 16.16
-2.28 16.16
-1.73 16.16
-1.73 16.16
-1.73 16.16
-1.55 16.16
-1.55 16.16
-1.55 16.16
-1.37 16.16
-1.37 16.16
-1.37 16.16
-6.30 16.34
-6.30 16.34
-6.30 16.34
-6.12 16.34
-6.12 16.34
-6.12 16.34
-1.73 16.34
-1.73 16.34
-1.73 16.34
-1.00 16.34
-1.00 16.34
-1.00 16.34
-5.93 16.52
-5.93 16.52
-5.93 16.52
-1.73 16.52
-1.73 16.52
-1.73 16.52
-1.55 16.52
-1.55 16.52
-1.55 16.52
-1.37 16.52
-1.37 16.52
-1.37 16.52
-1.19 16.52
-1.19 16.52
-1.19 16.52
-6.66 16.71
-6.66 16.71
-6.66 16.71
-6.48 16.71
-6.48 16.71
-6.48 16.71
-6.12 16.71
-6.12 16.71
-6.12 16.71
-1.37 16.71
-1.37 16.71
-1.37 16.71
-6.30 16.89
-6.30 16.89
-6.30 16.89
-1.55 16.89
-1.55 16.89
-1.55 16.89
-1.37 16.89
-1.37 16.89
-1.37 16.89
-1.00 16.89
-1.00 16.89
-1.00 16.89
-0.64 16.89
-0.64 16.89
-0.64 16.89
-0.27 16.89
-0.27 16.89
-0.27 16.89
-5.20 17.07
-5.20 17.07
-5.20 17.07
-5.02 17.07
-5.02 17.07
-5.02 17.07
-1.73 17.07
-1.73 17.07
-1.73 17.07
-1.55 17.07
-1.55 17.07
-1.55 17.07
-1.19 17.07
-1.19 17.07
-1.19 17.07
-0.82 17.07
-0.82 17.07
-0.82 17.07
-0.64 17.07
-0.64 17.07
-0.64 17.07
-0.46 17.07
-0.46 17.07
-0.46 17.07
-0.27 17.07
-0.27 17.07
-0.27 17.07
0.09 17.07
0.09 17.07
0.09 17.07
-5.75 17.25
-5.75 17.25
-5.75 17.25
-5.57 17.25
-5.57 17.25
-5.57 17.25
-5.39 17.25
-5.39 17.25
-5.39 17.25
-4.84 17.25
-4.84 17.25
-4.84 17.25
-4.29 17.25
-4.29 17.25
-4.29 17.25
-1.37 17.25
-1.37 17.25
-1.37 17.25
-1.19 17.25
-1.19 17.25
-1.19 17.25
-0.82 17.25
-0.82 17.25
-0.82 17.25
-0.64 17.25
-0.64 17.25
-0.64 17.25
-0.46 17.25
-0.46 17.25
-0.46 17.25
0.09 17.25
0.09 17.25
0.09 17.25
0.27 17.25
0.27 17.25
0.27 17.25
-5.39 17.44
-5.39 17.44
-5.39 17.44
-5.20 17.44
-5.20 17.44
-5.20 17.44
-5.02 17.44
-5.02 17.44
-5.02 17.44
-4.84 17.44
-4.84 17.44
-4.84 17.44
-4.47 17.44
-4.47 17.44
-4.47 17.44
-4.29 17.44
-4.29 17.44
-4.29 17.44
-1.00 17.44
-1.00 17.44
-1.00 17.44
-0.82 17.44
-0.82 17.44
-0.82 17.44
-0.46 17.44
-0.46 17.44
-0.46 17.44
-0.27 17.44
-0.27 17.44
-0.27 17.44
-0.09 17.44
-0.09 17.44
-0.09 17.44
0.09 17.44
0.09 17.44
0.09 17.44
0.27 17.44
0.27 17.44
0.27 17.44
0.46 17.44
0.46 17.44
0.46 17.44
-5.39 17.62
-5.39 17.62
-5.39 17.62
-4.84 17.62
-4.84 17.62
-4.84 17.62
-4.66 17.62
-4.66 17.62
-4.66 17.62
-4.47 17.62
-4.47 17.62
-4.47 17.62
-3.93 17.62
-3.93 17.62
-3.93 17.62
-3.56 17.62
-3.56 17.62
-3.56 17.62
-1.00 17.62
-1.00 17.62
-1.00 17.62
-0.64 17.62
-0.64 17.62
-0.64 17.62
-0.27 17.62
-0.27 17.62
-0.27 17.62
0.27 17.62
0.27 17.62
0.27 17.62
0.46 17.62
0.46 17.62
0.46 17.62
0.82 17.62
0.82 17.62
0.82 17.62
-5.75 17.80
-5.75 17.80
-5.75 17.80
-5.57 17.80
-5.57 17.80
-5.57 17.80
-5.39 17.80
-5.39 17.80
-5.39 17.80
-5.02 17.80
-5.02 17.80
-5.02 17.80
-4.84 17.80
-4.84 17.80
-4.84 17.80
-3.74 17.80
-3.74 17.80
-3.74 17.80
-0.82 17.80
-0.82 17.80
-0.82 17.80
-0.64 17.80
-0.64 17.80
-0.64 17.80
-0.27 17.80
-0.27 17.80
-0.27 17.80
-4.84 17.98
-4.84 17.98
-4.84 17.98
-4.29 17.98
-4.29 17.98
-4.29 17.98
-4.11 17.98
-4.11 17.98
-4.11 17.98
-3.56 17.98
-3.56 17.98
-3.56 17.98
-1.00 17.98
-1.00 17.98
-1.00 17.98
-0.64 17.98
-0.64 17.98
-0.64 17.98
-0.46 17.98
-0.46 17.98
-0.46 17.98
-0.09 17.98
-0.09 17.98
-0.09 17.98
1.00 17.98
1.00 17.98
1.00 17.98
1.19 17.98
1.19 17.98
1.19 17.98
-5.02 18.17
-5.02 18.17
-5.02 18.17
-4.84 18.17
-4.84 18.17
-4.84 18.17
-4.66 18.17
-4.66 18.17
-4.66 18.17
-3.93 18.17
-3.93 18.17
-3.93 18.17
-3.74 18.17
-3.74 18.17
-3.74 18.17
-1.00 18.17
-1.00 18.17
-1.00 18.17
-0.82 18.17
-0.82 18.17
-0.82 18.17
-0.46 18.17
-0.46 18.17
-0.46 18.17
-0.09 18.17
-0.09 18.17
-0.09 18.17
0.46 18.17
0.46 18.17
0.46 18.17
0.82 18.17
0.82 18.17
0.82 18.17
-4.84 18.35
-4.84 18.35
-4.84 18.35
-4.29 18.35
-4.29 18.35
-4.29 18.35
-3.93 18.35
-3.93 18.35
-3.93 18.35
-0.82 18.35
-0.82 18.35
-0.82 18.35
-0.09 18.35
-0.09 18.35
-0.09 18.35
0.09 18.35
0.09 18.35
0.09 18.35
0.64 18.35
0.64 18.35
0.64 18.35
1.00 18.35
1.00 18.35
1.00 18.35
-4.47 18.53
-4.47 18.53
-4.47 18.53
-4.29 18.53
-4.29 18.53
-4.29 18.53
-2.83 18.53
-2.83 18.53
-2.83 18.53
-0.09 18.53
-0.09 18.53
-0.09 18.53
0.09 18.53
0.09 18.53
0.09 18.53
0.27 18.53
0.27 18.53
0.27 18.53
0.46 18.53
0.46 18.53
0.46 18.53
1.00 18.53
1.00 18.53
1.00 18.53
1.73 18.53
1.73 18.53
1.73 18.53
-4.66 18.71
-4.66 18.71
-4.66 18.71
-4.29 18.71
-4.29 18.71
-4.29 18.71
-4.11 18.71
-4.11 18.71
-4.11 18.71
-3.93 18.71
-3.93 18.71
-3.93 18.71
-3.74 18.71
-3.74 18.71
-3.74 18.71
-3.38 18.71
-3.38 18.71
-3.38 18.71
-3.20 18.71
-3.20 18.71
-3.20 18.71
-3.01 18.71
-3.01 18.71
-3.01 18.71
-0.09 18.71
-0.09 18.71
-0.09 18.71
0.27 18.71
0.27 18.71
0.27 18.71
0.46 18.71
0.46 18.71
0.46 18.71
0.82 18.71
0.82 18.71
0.82 18.71
1.37 18.71
1.37 18.71
1.37 18.71
1.73 18.71
1.73 18.71
1.73 18.71
-5.02 18.90
-5.02 18.90
-5.02 18.90
-4.66 18.90
-4.66 18.90
-4.66 18.90
-4.47 18.90
-4.47 18.90
-4.47 18.90
-4.29 18.90
-4.29 18.90
-4.29 18.90
-3.74 18.90
-3.74 18.90
-3.74 18.90
-3.56 18.90
-3.56 18.90
-3.56 18.90
-3.01 18.90
-3.01 18.90
-3.01 18.90
-2.28 18.90
-2.28 18.90
-2.28 18.90
-1.92 18.90
-1.92 18.90
-1.92 18.90
-0.27 18.90
-0.27 18.90
-0.27 18.90
-0.09 18.90
-0.09 18.90
-0.09 18.90
0.27 18.90
0.27 18.90
0.27 18.90
0.46 18.90
0.46 18.90
0.46 18.90
0.82 18.90
0.82 18.90
0.82 18.90
1.19 18.90
1.19 18.90
1.19 18.90
1.37 18.90
1.37 18.90
1.37 18.90
1.73 18.90
1.73 18.90
1.73 18.90
-3.93 19.08
-3.93 19.08
-3.93 19.08
-3.74 19.08
-3.74 19.08
-3.74 19.08
-3.56 19.08
-3.56 19.08
-3.56 19.08
-3.38 19.08
-3.38 19.08
-3.38 19.08
-1.92 19.08
-1.92 19.08
-1.92 19.08
-0.27 19.08
-0.27 19.08
-0.27 19.08
-0.09 19.08
-0.09 19.08
-0.09 19.08
0.09 19.08
0.09 19.08
0.09 19.08
0.27 19.08
0.27 19.08
0.27 19.08
0.82 19.08
0.82 19.08
0.82 19.08
1.19 19.08
1.19 19.08
1.19 19.08
1.37 19.08
1.37 19.08
1.37 19.08
-4.11 19.26
-4.11 19.26
-4.11 19.26
-3.01 19.26
-3.01 19.26
-3.01 19.26
-2.83 19.26
-2.83 19.26
-2.83 19.26
-2.65 19.26
-2.65 19.26
-2.65 19.26
-2.46 19.26
-2.46 19.26
-2.46 19.26
-2.10 19.26
-2.10 19.26
-2.10 19.26
-0.82 19.26
-0.82 19.26
-0.82 19.26
-0.46 19.26
-0.46 19.26
-0.46 19.26
-0.27 19.26
-0.27 19.26
-0.27 19.26
0.09 19.26
0.09 19.26
0.09 19.26
0.27 19.26
0.27 19.26
0.27 19.26
0.64 19.26
0.64 19.26
0.64 19.26
0.82 19.26
0.82 19.26
0.82 19.26
1.00 19.26
1.00 19.26
1.00 19.26
1.19 19.26
1.19 19.26
1.19 19.26
1.37 19.26
1.37 19.26
1.37 19.26
-4.11 19.44
-4.11 19.44
-4.11 19.44
-3.56 19.44
-3.56 19.44
-3.56 19.44
-2.28 19.44
-2.28 19.44
-2.28 19.44
-2.10 19.44
-2.10 19.44
-2.10 19.44
-1.92 19.44
-1.92 19.44
-1.92 19.44
-1.73 19.44
-1.73 19.44
-1.73 19.44
-1.37 19.44
-1.37 19.44
-1.37 19.44
-1.19 19.44
-1.19 19.44
-1.19 19.44
-0.82 19.44
-0.82 19.44
-0.82 19.44
-0.64 19.44
-0.64 19.44
-0.64 19.44
-0.09 19.44
-0.09 19.44
-0.09 19.44
0.09 19.44
0.09 19.44
0.09 19.44
0.27 19.44
0.27 19.44
0.27 19.44
0.64 19.44
0.64 19.44
0.64 19.44
0.82 19.44
0.82 19.44
0.82 19.44
1.00 19.44
1.00 19.44
1.00 19.44
1.37 19.44
1.37 19.44
1.37 19.44
1.92 19.44
1.92 19.44
1.92 19.44
2.46 19.44
2.46 19.44
2.46 19.44
-3.56 19.63
-3.56 19.63
-3.56 19.63
-3.38 19.63
-3.38 19.63
-3.38 19.63
-2.65 19.63
-2.65 19.63
-2.65 19.63
-2.10 19.63
-2.10 19.63
-2.10 19.63
-1.55 19.63
-1.55 19.63
-1.55 19.63
-1.00 19.63
-1.00 19.63
-1.00 19.63
-0.82 19.63
-0.82 19.63
-0.82 19.63
-0.27 19.63
-0.27 19.63
-0.27 19.63
-0.09 19.63
-0.09 19.63
-0.09 19.63
0.09 19.63
0.09 19.63
0.09 19.63
0.64 19.63
0.64 19.63
0.64 19.63
1.00 19.63
1.00 19.63
1.00 19.63
1.92 19.63
1.92 19.63
1.92 19.63
2.10 19.63
2.10 19.63
2.10 19.63
2.46 19.63
2.46 19.63
2.46 19.63
2.65 19.63
2.65 19.63
2.65 19.63
-3.38 19.81
-3.38 19.81
-3.38 19.81
-2.83 19.81
-2.83 19.81
-2.83 19.81
-2.65 19.81
-2.65 19.81
-2.65 19.81
-2.46 19.81
-2.46 19.81
-2.46 19.81
-1.55 19.81
-1.55 19.81
-1.55 19.81
-1.37 19.81
-1.37 19.81
-1.37 19.81
-1.00 19.81
-1.00 19.81
-1.00 19.81
-0.64 19.81
-0.64 19.81
-0.64 19.81
0.64 19.81
0.64 19.81
0.64 19.81
1.19 19.81
1.19 19.81
1.19 19.81
1.37 19.81
1.37 19.81
1.37 19.81
1.55 19.81
1.55 19.81
1.55 19.81
1.73 19.81
1.73 19.81
1.73 19.81
1.92 19.81
1.92 19.81
1.92 19.81
2.10 19.81
2.10 19.81
2.10 19.81
2.46 19.81
2.46 19.81
2.46 19.81
2.65 19.81
2.65 19.81
2.65 19.81
-3.38 19.99
-3.38 19.99
-3.38 19.99
-3.20 19.99
-3.20 19.99
-3.20 19.99
-3.01 19.99
-3.01 19.99
-3.01 19.99
-2.10 19.99
-2.10 19.99
-2.10 19.99
-1.19 19.99
-1.19 19.99
-1.19 19.99
2.65 19.99
2.65 19.99
2.65 19.99
-3.56 20.17
-3.56 20.17
-3.56 20.17
-2.28 20.17
-2.28 20.17
-2.28 20.17
-1.73 20.17
-1.73 20.17
-1.73 20.17
-1.55 20.17
-1.55 20.17
-1.55 20.17
0.46 20.17
0.46 20.17
0.46 20.17
0.64 20.17
0.64 20.17
0.64 20.17
2.28 20.17
2.28 20.17
2.28 20.17
-3.20 20.36
-3.20 20.36
-3.20 20.36
-2.83 20.36
-2.83 20.36
-2.83 20.36
-2.65 20.36
-2.65 20.36
-2.65 20.36
-2.10 20.36
-2.10 20.36
-2.10 20.36
-1.37 20.36
-1.37 20.36
-1.37 20.36
-1.19 20.36
-1.19 20.36
-1.19 20.36
0.46 20.36
0.46 20.36
0.46 20.36
1.55 20.36
1.55 20.36
1.55 20.36
1.73 20.36
1.73 20.36
1.73 20.36
1.92 20.36
1.92 20.36
1.92 20.36
2.10 20.36
2.10 20.36
2.10 20.36
-3.56 20.54
-3.56 20.54
-3.56 20.54
-2.28 20.54
-2.28 20.54
-2.28 20.54
-1.55 20.54
-1.55 20.54
-1.55 20.54
-1.37 20.54
-1.37 20.54
-1.37 20.54
0.46 20.54
0.46 20.54
0.46 20.54
1.19 20.54
1.19 20.54
1.19 20.54
1.37 20.54
1.37 20.54
1.37 20.54
1.55 20.54
1.55 20.54
1.55 20.54
1.73 20.54
1.73 20.54
1.73 20.54
1.92 20.54
1.92 20.54
1.92 20.54
2.28 20.54
2.28 20.54
2.28 20.54
2.65 20.54
2.65 20.54
2.65 20.54
-1.92 20.72
-1.92 20.72
-1.92 20.72
-1.19 20.72
-1.19 20.72
-1.19 20.72
-0.64 20.72
-0.64 20.72
-0.64 20.72
-0.27 20.72
-0.27 20.72
-0.27 20.72
-0.09 20.72
-0.09 20.72
-0.09 20.72
0.09 20.72
0.09 20.72
0.09 20.72
0.27 20.72
0.27 20.72
0.27 20.72
0.64 20.72
0.64 20.72
0.64 20.72
0.82 20.72
0.82 20.72
0.82 20.72
1.00 20.72
1.00 20.72
1.00 20.72
1.19 20.72
1.19 20.72
1.19 20.72
1.37 20.72
1.37 20.72
1.37 20.72
1.55 20.72
1.55 20.72
1.55 20.72
1.73 20.72
1.73 20.72
1.73 20.72
2.28 20.72
2.28 20.72
2.28 20.72
2.65 20.72
2.65 20.72
2.65 20.72
-2.65 20.91
-2.65 20.91
-2.65 20.91
-2.46 20.91
-2.46 20.91
-2.46 20.91
-1.92 20.91
-1.92 20.91
-1.92 20.91
-1.73 20.91
-1.73 20.91
-1.73 20.91
-1.55 20.91
-1.55 20.91
-1.55 20.91
-1.37 20.91
-1.37 20.91
-1.37 20.91
-0.82 20.91
-0.82 20.91
-0.82 20.91
-0.64 20.91
-0.64 20.91
-0.64 20.91
-0.46 20.91
-0.46 20.91
-0.46 20.91
-0.27 20.91
-0.27 20.91
-0.27 20.91
0.09 20.91
0.09 20.91
0.09 20.91
0.64 20.91
0.64 20.91
0.64 20.91
0.82 20.91
0.82 20.91
0.82 20.91
1.00 20.91
1.00 20.91
1.00 20.91
1.19 20.91
1.19 20.91
1.19 20.91
1.37 20.91
1.37 20.91
1.37 20.91
1.55 20.91
1.55 20.91
1.55 20.91
1.73 20.91
1.73 20.91
1.73 20.91
1.92 20.91
1.92 20.91
1.92 20.91
2.46 20.91
2.46 20.91
2.46 20.91
-2.83 21.09
-2.83 21.09
-2.83 21.09
-2.46 21.09
-2.46 21.09
-2.46 21.09
-2.28 21.09
-2.28 21.09
-2.28 21.09
-2.10 21.09
-2.10 21.09
-2.10 21.09
-1.92 21.09
-1.92 21.09
-1.92 21.09
-1.73 21.09
-1.73 21.09
-1.73 21.09
-1.55 21.09
-1.55 21.09
-1.55 21.09
-1.00 21.09
-1.00 21.09
-1.00 21.09
-0.64 21.09
-0.64 21.09
-0.64 21.09
-0.27 21.09
-0.27 21.09
-0.27 21.09
-0.09 21.09
-0.09 21.09
-0.09 21.09
0.09 21.09
0.09 21.09
0.09 21.09
0.46 21.09
0.46 21.09
0.46 21.09
0.82 21.09
0.82 21.09
0.82 21.09
1.00 21.09
1.00 21.09
1.00 21.09
1.19 21.09
1.19 21.09
1.19 21.09
1.37 21.09
1.37 21.09
1.37 21.09
1.55 21.09
1.55 21.09
1.55 21.09
1.73 21.09
1.73 21.09
1.73 21.09
1.92 21.09
1.92 21.09
1.92 21.09
2.10 21.09
2.10 21.09
2.10 21.09
2.28 21.09
2.28 21.09
2.28 21.09
2.46 21.09
2.46 21.09
2.46 21.09
-2.83 21.27
-2.83 21.27
-2.83 21.27
-2.65 21.27
-2.65 21.27
-2.65 21.27
-2.10 21.27
-2.10 21.27
-2.10 21.27
-1.92 21.27
-1.92 21.27
-1.92 21.27
-1.73 21.27
-1.73 21.27
-1.73 21.27
-1.19 21.27
-1.19 21.27
-1.19 21.27
-1.00 21.27
-1.00 21.27
-1.00 21.27
-0.82 21.27
-0.82 21.27
-0.82 21.27
-0.64 21.27
-0.64 21.27
-0.64 21.27
-0.09 21.27
-0.09 21.27
-0.09 21.27
0.46 21.27
0.46 21.27
0.46 21.27
0.82 21.27
0.82 21.27
0.82 21.27
1.37 21.27
1.37 21.27
1.37 21.27
1.55 21.27
1.55 21.27
1.55 21.27
1.73 21.27
1.73 21.27
1.73 21.27
1.92 21.27
1.92 21.27
1.92 21.27
-2.28 21.45
-2.28 21.45
-2.28 21.45
-1.73 21.45
-1.73 21.45
-1.73 21.45
-1.55 21.45
-1.55 21.45
-1.55 21.45
-1.37 21.45
-1.37 21.45
-1.37 21.45
-1.19 21.45
-1.19 21.45
-1.19 21.45
-1.00 21.45
-1.00 21.45
-1.00 21.45
-0.46 21.45
-0.46 21.45
-0.46 21.45
-0.27 21.45
-0.27 21.45
-0.27 21.45
-0.09 21.45
-0.09 21.45
-0.09 21.45
0.27 21.45
0.27 21.45
0.27 21.45
0.46 21.45
0.46 21.45
0.46 21.45
1.19 21.45
1.19 21.45
1.19 21.45
1.37 21.45
1.37 21.45
1.37 21.45
1.92 21.45
1.92 21.45
1.92 21.45
2.10 21.45
2.10 21.45
2.10 21.45
2.28 21.45
2.28 21.45
2.28 21.45
-2.83 21.64
-2.83 21.64
-2.83 21.64
-2.65 21.64
-2.65 21.64
-2.65 21.64
-1.92 21.64
-1.92 21.64
-1.92 21.64
-1.73 21.64
-1.73 21.64
-1.73 21.64
-1.19 21.64
-1.19 21.64
-1.19 21.64
-1.00 21.64
-1.00 21.64
-1.00 21.64
-0.46 21.64
-0.46 21.64
-0.46 21.64
1.37 21.64
1.37 21.64
1.37 21.64
1.55 21.64
1.55 21.64
1.55 21.64
1.73 21.64
1.73 21.64
1.73 21.64
3.20 21.64
3.20 21.64
3.20 21.64
3.38 21.64
3.38 21.64
3.38 21.64
-2.65 21.82
-2.65 21.82
-2.65 21.82
-2.28 21.82
-2.28 21.82
-2.28 21.82
-2.10 21.82
-2.10 21.82
-2.10 21.82
-1.92 21.82
-1.92 21.82
-1.92 21.82
-1.73 21.82
-1.73 21.82
-1.73 21.82
-1.00 21.82
-1.00 21.82
-1.00 21.82
-0.82 21.82
-0.82 21.82
-0.82 21.82
-0.64 21.82
-0.64 21.82
-0.64 21.82
-0.46 21.82
-0.46 21.82
-0.46 21.82
1.19 21.82
1.19 21.82
1.19 21.82
1.73 21.82
1.73 21.82
1.73 21.82
1.92 21.82
1.92 21.82
1.92 21.82
2.10 21.82
2.10 21.82
2.10 21.82
2.28 21.82
2.28 21.82
2.28 21.82
2.46 21.82
2.46 21.82
2.46 21.82
2.65 21.82
2.65 21.82
2.65 21.82
2.83 21.82
2.83 21.82
2.83 21.82
3.01 21.82
3.01 21.82
3.01 21.82
3.20 21.82
3.20 21.82
3.20 21.82
-2.65 22.00
-2.65 22.00
-2.65 22.00
-2.46 22.00
-2.46 22.00
-2.46 22.00
-2.10 22.00
-2.10 22.00
-2.10 22.00
-1.92 22.00
-1.92 22.00
-1.92 22.00
-1.73 22.00
-1.73 22.00
-1.73 22.00
-1.55 22.00
-1.55 22.00
-1.55 22.00
-1.19 22.00
-1.19 22.00
-1.19 22.00
-1.00 22.00
-1.00 22.00
-1.00 22.00
-0.82 22.00
-0.82 22.00
-0.82 22.00
1.73 22.00
1.73 22.00
1.73 22.00
2.65 22.00
2.65 22.00
2.65 22.00
-2.83 22.18
-2.83 22.18
-2.83 22.18
-2.46 22.18
-2.46 22.18
-2.46 22.18
-1.73 22.18
-1.73 22.18
-1.73 22.18
-1.55 22.18
-1.55 22.18
-1.55 22.18
-1.37 22.18
-1.37 22.18
-1.37 22.18
-1.19 22.18
-1.19 22.18
-1.19 22.18
-1.00 22.18
-1.00 22.18
-1.00 22.18
-0.82 22.18
-0.82 22.18
-0.82 22.18
-0.64 22.18
-0.64 22.18
-0.64 22.18
1.19 22.18
1.19 22.18
1.19 22.18
1.37 22.18
1.37 22.18
1.37 22.18
1.55 22.18
1.55 22.18
1.55 22.18
2.46 22.18
2.46 22.18
2.46 22.18
2.65 22.18
2.65 22.18
2.65 22.18
3.38 22.18
3.38 22.18
3.38 22.18
-1.73 22.37
-1.73 22.37
-1.73 22.37
-1.55 22.37
-1.55 22.37
-1.55 22.37
0.46 22.37
0.46 22.37
0.46 22.37
0.64 22.37
0.64 22.37
0.64 22.37
1.00 22.37
1.00 22.37
1.00 22.37
1.19 22.37
1.19 22.37
1.19 22.37
1.37 22.37
1.37 22.37
1.37 22.37
1.55 22.37
1.55 22.37
1.55 22.37
3.01 22.37
3.01 22.37
3.01 22.37
3.20 22.37
3.20 22.37
3.20 22.37
-0.27 22.55
-0.27 22.55
-0.27 22.55
0.27 22.55
0.27 22.55
0.27 22.55
1.73 22.55
1.73 22.55
1.73 22.55
1.92 22.55
1.92 22.55
1.92 22.55
2.83 22.55
2.83 22.55
2.83 22.55
3.38 22.55
3.38 22.55
3.38 22.55
-2.10 22.73
-2.10 22.73
-2.10 22.73
1.37 22.73
1.37 22.73
1.37 22.73
1.55 22.73
1.55 22.73
1.55 22.73
1.73 22.73
1.73 22.73
1.73 22.73
3.01 22.73
3.01 22.73
3.01 22.73
3.38 22.73
3.38 22.73
3.38 22.73
-1.55 22.91
-1.55 22.91
-1.55 22.91
-1.00 22.91
-1.00 22.91
-1.00 22.91
0.82 22.91
0.82 22.91
0.82 22.91
1.00 22.91
1.00 22.91
1.00 22.91
1.19 22.91
1.19 22.91
1.19 22.91
1.37 22.91
1.37 22.91
1.37 22.91
1.92 22.91
1.92 22.91
1.92 22.91
2.28 22.91
2.28 22.91
2.28 22.91
2.65 22.91
2.65 22.91
2.65 22.91
4.11 22.91
4.11 22.91
4.11 22.91
-1.00 23.10
-1.00 23.10
-1.00 23.10
-0.64 23.10
-0.64 23.10
-0.64 23.10
-0.46 23.10
-0.46 23.10
-0.46 23.10
-0.27 23.10
-0.27 23.10
-0.27 23.10
1.19 23.10
1.19 23.10
1.19 23.10
1.73 23.10
1.73 23.10
1.73 23.10
1.92 23.10
1.92 23.10
1.92 23.10
2.65 23.10
2.65 23.10
2.65 23.10
3.01 23.10
3.01 23.10
3.01 23.10
3.20 23.10
3.20 23.10
3.20 23.10
3.93 23.10
3.93 23.10
3.93 23.10
4.11 23.10
4.11 23.10
4.11 23.10
-0.82 23.28
-0.82 23.28
-0.82 23.28
-0.64 23.28
-0.64 23.28
-0.64 23.28
-0.46 23.28
-0.46 23.28
-0.46 23.28
-0.27 23.28
-0.27 23.28
-0.27 23.28
-0.09 23.28
-0.09 23.28
-0.09 23.28
0.09 23.28
0.09 23.28
0.09 23.28
0.27 23.28
0.27 23.28
0.27 23.28
0.46 23.28
0.46 23.28
0.46 23.28
0.64 23.28
0.64 23.28
0.64 23.28
0.82 23.28
0.82 23.28
0.82 23.28
1.00 23.28
1.00 23.28
1.00 23.28
1.19 23.28
1.19 23.28
1.19 23.28
1.37 23.28
1.37 23.28
1.37 23.28
1.55 23.28
1.55 23.28
1.55 23.28
2.10 23.28
2.10 23.28
2.10 23.28
2.65 23.28
2.65 23.28
2.65 23.28
3.01 23.28
3.01 23.28
3.01 23.28
3.56 23.28
3.56 23.28
3.56 23.28
-0.82 23.46
-0.82 23.46
-0.82 23.46
0.27 23.46
0.27 23.46
0.27 23.46
0.46 23.46
0.46 23.46
0.46 23.46
0.64 23.46
0.64 23.46
0.64 23.46
1.00 23.46
1.00 23.46
1.00 23.46
3.56 23.46
3.56 23.46
3.56 23.46
3.74 23.46
3.74 23.46
3.74 23.46
3.93 23.46
3.93 23.46
3.93 23.46
4.11 23.46
4.11 23.46
4.11 23.46
4.84 23.46
4.84 23.46
4.84 23.46
-1.19 23.64
-1.19 23.64
-1.19 23.64
-1.00 23.64
-1.00 23.64
-1.00 23.64
0.82 23.64
0.82 23.64
0.82 23.64
2.65 23.64
2.65 23.64
2.65 23.64
3.20 23.64
3.20 23.64
3.20 23.64
3.38 23.64
3.38 23.64
3.38 23.64
4.11 23.64
4.11 23.64
4.11 23.64
4.29 23.64
4.29 23.64
4.29 23.64
-0.82 23.83
-0.82 23.83
-0.82 23.83
-0.64 23.83
-0.64 23.83
-0.64 23.83
0.09 23.83
0.09 23.83
0.09 23.83
0.27 23.83
0.27 23.83
0.27 23.83
0.46 23.83
0.46 23.83
0.46 23.83
3.01 23.83
3.01 23.83
3.01 23.83
3.74 23.83
3.74 23.83
3.74 23.83
4.66 23.83
4.66 23.83
4.66 23.83
-1.19 24.01
-1.19 24.01
-1.19 24.01
-1.00 24.01
-1.00 24.01
-1.00 24.01
-0.64 24.01
-0.64 24.01
-0.64 24.01
-0.46 24.01
-0.46 24.01
-0.46 24.01
0.09 24.01
0.09 24.01
0.09 24.01
0.27 24.01
0.27 24.01
0.27 24.01
3.01 24.01
3.01 24.01
3.01 24.01
3.38 24.01
3.38 24.01
3.38 24.01
3.56 24.01
3.56 24.01
3.56 24.01
3.74 24.01
3.74 24.01
3.74 24.01
4.11 24.01
4.11 24.01
4.11 24.01
4.47 24.01
4.47 24.01
4.47 24.01
-1.37 24.19
-1.37 24.19
-1.37 24.19
-1.19 24.19
-1.19 24.19
-1.19 24.19
-1.00 24.19
-1.00 24.19
-1.00 24.19
-0.82 24.19
-0.82 24.19
-0.82 24.19
-0.46 24.19
-0.46 24.19
-0.46 24.19
-0.09 24.19
-0.09 24.19
-0.09 24.19
0.46 24.19
0.46 24.19
0.46 24.19
1.00 24.19
1.00 24.19
1.00 24.19
3.01 24.19
3.01 24.19
3.01 24.19
3.20 24.19
3.20 24.19
3.20 24.19
3.56 24.19
3.56 24.19
3.56 24.19
3.93 24.19
3.93 24.19
3.93 24.19
4.11 24.19
4.11 24.19
4.11 24.19
4.29 24.19
4.29 24.19
4.29 24.19
4.47 24.19
4.47 24.19
4.47 24.19
4.66 24.19
4.66 24.19
4.66 24.19
-1.37 24.37
-1.37 24.37
-1.37 24.37
-1.19 24.37
-1.19 24.37
-1.19 24.37
-0.46 24.37
-0.46 24.37
-0.46 24.37
-0.27 24.37
-0.27 24.37
-0.27 24.37
0.46 24.37
0.46 24.37
0.46 24.37
0.82 24.37
0.82 24.37
0.82 24.37
2.65 24.37
2.65 24.37
2.65 24.37
2.83 24.37
2.83 24.37
2.83 24.37
3.20 24.37
3.20 24.37
3.20 24.37
3.74 24.37
3.74 24.37
3.74 24.37
3.93 24.37
3.93 24.37
3.93 24.37
4.11 24.37
4.11 24.37
4.11 24.37
4.47 24.37
4.47 24.37
4.47 24.37
4.66 24.37
4.66 24.37
4.66 24.37
4.84 24.37
4.84 24.37
4.84 24.37
5.20 24.37
5.20 24.37
5.20 24.37
0.09 24.56
0.09 24.56
0.09 24.56
0.46 24.56
0.46 24.56
0.46 24.56
1.00 24.56
1.00 24.56
1.00 24.56
3.20 24.56
3.20 24.56
3.20 24.56
3.74 24.56
3.74 24.56
3.74 24.56
3.93 24.56
3.93 24.56
3.93 24.56
4.66 24.56
4.66 24.56
4.66 24.56
4.84 24.56
4.84 24.56
4.84 24.56
5.02 24.56
5.02 24.56
5.02 24.56
5.39 24.56
5.39 24.56
5.39 24.56
5.57 24.56
5.57 24.56
5.57 24.56
-0.27 24.74
-0.27 24.74
-0.27 24.74
0.09 24.74
0.09 24.74
0.09 24.74
0.27 24.74
0.27 24.74
0.27 24.74
2.46 24.74
2.46 24.74
2.46 24.74
2.65 24.74
2.65 24.74
2.65 24.74
2.83 24.74
2.83 24.74
2.83 24.74
4.66 24.74
4.66 24.74
4.66 24.74
5.20 24.74
5.20 24.74
5.20 24.74
-0.46 24.92
-0.46 24.92
-0.46 24.92
-0.27 24.92
-0.27 24.92
-0.27 24.92
0.46 24.92
0.46 24.92
0.46 24.92
0.64 24.92
0.64 24.92
0.64 24.92
1.00 24.92
1.00 24.92
1.00 24.92
1.55 24.92
1.55 24.92
1.55 24.92
1.92 24.92
1.92 24.92
1.92 24.92
2.10 24.92
2.10 24.92
2.10 24.92
2.28 24.92
2.28 24.92
2.28 24.92
3.38 24.92
3.38 24.92
3.38 24.92
3.56 24.92
3.56 24.92
3.56 24.92
5.57 24.92
5.57 24.92
5.57 24.92
-0.46 25.10
-0.46 25.10
-0.46 25.10
-0.27 25.10
-0.27 25.10
-0.27 25.10
0.09 25.10
0.09 25.10
0.09 25.10
0.46 25.10
0.46 25.10
0.46 25.10
0.64 25.10
0.64 25.10
0.64 25.10
1.00 25.10
1.00 25.10
1.00 25.10
1.19 25.10
1.19 25.10
1.19 25.10
2.28 25.10
2.28 25.10
2.28 25.10
2.46 25.10
2.46 25.10
2.46 25.10
2.65 25.10
2.65 25.10
2.65 25.10
2.83 25.10
2.83 25.10
2.83 25.10
3.01 25.10
3.01 25.10
3.01 25.10
3.20 25.10
3.20 25.10
3.20 25.10
3.38 25.10
3.38 25.10
3.38 25.10
3.74 25.10
3.74 25.10
3.74 25.10
3.93 25.10
3.93 25.10
3.93 25.10
4.84 25.10
4.84 25.10
4.84 25.10
5.02 25.10
5.02 25.10
5.02 25.10
5.20 25.10
5.20 25.10
5.20 25.10
5.57 25.10
5.57 25.10
5.57 25.10
-0.27 25.29
-0.27 25.29
-0.27 25.29
-0.09 25.29
-0.09 25.29
-0.09 25.29
0.09 25.29
0.09 25.29
0.09 25.29
0.27 25.29
0.27 25.29
0.27 25.29
0.46 25.29
0.46 25.29
0.46 25.29
0.82 25.29
0.82 25.29
0.82 25.29
1.19 25.29
1.19 25.29
1.19 25.29
2.10 25.29
2.10 25.29
2.10 25.29
3.20 25.29
3.20 25.29
3.20 25.29
3.38 25.29
3.38 25.29
3.38 25.29
4.84 25.29
4.84 25.29
4.84 25.29
5.02 25.29
5.02 25.29
5.02 25.29
5.20 25.29
5.20 25.29
5.20 25.29
5.57 25.29
5.57 25.29
5.57 25.29
-0.46 25.47
-0.46 25.47
-0.46 25.47
-0.09 25.47
-0.09 25.47
-0.09 25.47
0.46 25.47
0.46 25.47
0.46 25.47
0.82 25.47
0.82 25.47
0.82 25.47
1.37 25.47
1.37 25.47
1.37 25.47
2.28 25.47
2.28 25.47
2.28 25.47
2.46 25.47
2.46 25.47
2.46 25.47
2.65 25.47
2.65 25.47
2.65 25.47
2.83 25.47
2.83 25.47
2.83 25.47
5.02 25.47
5.02 25.47
5.02 25.47
5.39 25.47
5.39 25.47
5.39 25.47
0.09 25.65
0.09 25.65
0.09 25.65
0.64 25.65
0.64 25.65
0.64 25.65
0.82 25.65
0.82 25.65
0.82 25.65
1.73 25.65
1.73 25.65
1.73 25.65
1.92 25.65
1.92 25.65
1.92 25.65
2.10 25.65
2.10 25.65
2.10 25.65
2.46 25.65
2.46 25.65
2.46 25.65
2.83 25.65
2.83 25.65
2.83 25.65
3.56 25.65
3.56 25.65
3.56 25.65
3.74 25.65
3.74 25.65
3.74 25.65
4.29 25.65
4.29 25.65
4.29 25.65
4.47 25.65
4.47 25.65
4.47 25.65
4.66 25.65
4.66 25.65
4.66 25.65
5.02 25.65
5.02 25.65
5.02 25.65
5.20 25.65
5.20 25.65
5.20 25.65
5.57 25.65
5.57 25.65
5.57 25.65
6.12 25.65
6.12 25.65
6.12 25.65
-0.64 25.83
-0.64 25.83
-0.64 25.83
-0.27 25.83
-0.27 25.83
-0.27 25.83
-0.09 25.83
-0.09 25.83
-0.09 25.83
0.27 25.83
0.27 25.83
0.27 25.83
0.46 25.83
0.46 25.83
0.46 25.83
1.55 25.83
1.55 25.83
1.55 25.83
1.73 25.83
1.73 25.83
1.73 25.83
2.65 25.83
2.65 25.83
2.65 25.83
4.11 25.83
4.11 25.83
4.11 25.83
4.29 25.83
4.29 25.83
4.29 25.83
4.47 25.83
4.47 25.83
4.47 25.83
4.84 25.83
4.84 25.83
4.84 25.83
5.02 25.83
5.02 25.83
5.02 25.83
5.20 25.83
5.20 25.83
5.20 25.83
5.57 25.83
5.57 25.83
5.57 25.83
6.12 25.83
6.12 25.83
6.12 25.83
6.30 25.83
6.30 25.83
6.30 25.83
-0.46 26.02
-0.46 26.02
-0.46 26.02
-0.27 26.02
-0.27 26.02
-0.27 26.02
0.27 26.02
0.27 26.02
0.27 26.02
1.55 26.02
1.55 26.02
1.55 26.02
1.73 26.02
1.73 26.02
1.73 26.02
2.10 26.02
2.10 26.02
2.10 26.02
2.28 26.02
2.28 26.02
2.28 26.02
2.46 26.02
2.46 26.02
2.46 26.02
4.29 26.02
4.29 26.02
4.29 26.02
4.66 26.02
4.66 26.02
4.66 26.02
5.02 26.02
5.02 26.02
5.02 26.02
5.20 26.02
5.20 26.02
5.20 26.02
5.39 26.02
5.39 26.02
5.39 26.02
5.57 26.02
5.57 26.02
5.57 26.02
5.75 26.02
5.75 26.02
5.75 26.02
6.12 26.02
6.12 26.02
6.12 26.02
6.30 26.02
6.30 26.02
6.30 26.02
1.00 26.20
1.00 26.20
1.00 26.20
2.10 26.20
2.10 26.20
2.10 26.20
4.11 26.20
4.11 26.20
4.11 26.20
5.02 26.20
5.02 26.20
5.02 26.20
5.20 26.20
5.20 26.20
5.20 26.20
5.39 26.20
5.39 26.20
5.39 26.20
5.57 26.20
5.57 26.20
5.57 26.20
5.75 26.20
5.75 26.20
5.75 26.20
5.93 26.20
5.93 26.20
5.93 26.20
6.30 26.20
6.30 26.20
6.30 26.20
1.73 26.38
1.73 26.38
1.73 26.38
2.10 26.38
2.10 26.38
2.10 26.38
2.46 26.38
2.46 26.38
2.46 26.38
5.02 26.38
5.02 26.38
5.02 26.38
5.75 26.38
5.75 26.38
5.75 26.38
1.37 26.56
1.37 26.56
1.37 26.56
1.73 26.56
1.73 26.56
1.73 26.56
2.10 26.56
2.10 26.56
2.10 26.56
2.28 26.56
2.28 26.56
2.28 26.56
4.84 26.56
4.84 26.56
4.84 26.56
6.30 26.56
6.30 26.56
6.30 26.56
1.00 26.75
1.00 26.75
1.00 26.75
1.37 26.75
1.37 26.75
1.37 26.75
1.73 26.75
1.73 26.75
1.73 26.75
2.10 26.75
2.10 26.75
2.10 26.75
2.28 26.75
2.28 26.75
2.28 26.75
3.01 26.75
3.01 26.75
3.01 26.75
4.84 26.75
4.84 26.75
4.84 26.75
5.20 26.75
5.20 26.75
5.20 26.75
5.93 26.75
5.93 26.75
5.93 26.75
6.30 26.75
6.30 26.75
6.30 26.75
6.66 26.75
6.66 26.75
6.66 26.75
7.03 26.75
7.03 26.75
7.03 26.75
1.00 26.93
1.00 26.93
1.00 26.93
1.37 26.93
1.37 26.93
1.37 26.93
1.55 26.93
1.55 26.93
1.55 26.93
1.73 26.93
1.73 26.93
1.73 26.93
2.10 26.93
2.10 26.93
2.10 26.93
2.83 26.93
2.83 26.93
2.83 26.93
4.84 26.93
4.84 26.93
4.84 26.93
5.02 26.93
5.02 26.93
5.02 26.93
5.39 26.93
5.39 26.93
5.39 26.93
5.57 26.93
5.57 26.93
5.57 26.93
5.93 26.93
5.93 26.93
5.93 26.93
6.48 26.93
6.48 26.93
6.48 26.93
6.66 26.93
6.66 26.93
6.66 26.93
7.03 26.93
7.03 26.93
7.03 26.93
1.19 27.11
1.19 27.11
1.19 27.11
1.37 27.11
1.37 27.11
1.37 27.11
1.92 27.11
1.92 27.11
1.92 27.11
2.28 27.11
2.28 27.11
2.28 27.11
2.46 27.11
2.46 27.11
2.46 27.11
2.65 27.11
2.65 27.11
2.65 27.11
2.83 27.11
2.83 27.11
2.83 27.11
4.84 27.11
4.84 27.11
4.84 27.11
5.20 27.11
5.20 27.11
5.20 27.11
5.39 27.11
5.39 27.11
5.39 27.11
5.57 27.11
5.57 27.11
5.57 27.11
6.12 27.11
6.12 27.11
6.12 27.11
6.48 27.11
6.48 27.11
6.48 27.11
7.03 27.11
7.03 27.11
7.03 27.11
1.00 27.30
1.00 27.30
1.00 27.30
1.55 27.30
1.55 27.30
1.55 27.30
1.73 27.30
1.73 27.30
1.73 27.30
1.92 27.30
1.92 27.30
1.92 27.30
2.83 27.30
2.83 27.30
2.83 27.30
3.01 27.30
3.01 27.30
3.01 27.30
3.20 27.30
3.20 27.30
3.20 27.30
5.02 27.30
5.02 27.30
5.02 27.30
5.20 27.30
5.20 27.30
5.20 27.30
5.93 27.30
5.93 27.30
5.93 27.30
6.12 27.30
6.12 27.30
6.12 27.30
6.30 27.30
6.30 27.30
6.30 27.30
6.48 27.30
6.48 27.30
6.48 27.30
6.66 27.30
6.66 27.30
6.66 27.30
1.37 27.48
1.37 27.48
1.37 27.48
1.55 27.48
1.55 27.48
1.55 27.48
1.92 27.48
1.92 27.48
1.92 27.48
2.10 27.48
2.10 27.48
2.10 27.48
2.28 27.48
2.28 27.48
2.28 27.48
2.46 27.48
2.46 27.48
2.46 27.48
5.02 27.48
5.02 27.48
5.02 27.48
5.39 27.48
5.39 27.48
5.39 27.48
5.75 27.48
5.75 27.48
5.75 27.48
6.30 27.48
6.30 27.48
6.30 27.48
6.66 27.48
6.66 27.48
6.66 27.48
6.85 27.48
6.85 27.48
6.85 27.48
7.03 27.48
7.03 27.48
7.03 27.48
1.92 27.66
1.92 27.66
1.92 27.66
2.65 27.66
2.65 27.66
2.65 27.66
2.83 27.66
2.83 27.66
2.83 27.66
4.47 27.66
4.47 27.66
4.47 27.66
4.66 27.66
4.66 27.66
4.66 27.66
6.12 27.66
6.12 27.66
6.12 27.66
6.30 27.66
6.30 27.66
6.30 27.66
6.48 27.66
6.48 27.66
6.48 27.66
1.92 27.84
1.92 27.84
1.92 27.84
2.10 27.84
2.10 27.84
2.10 27.84
2.65 27.84
2.65 27.84
2.65 27.84
3.20 27.84
3.20 27.84
3.20 27.84
3.56 27.84
3.56 27.84
3.56 27.84
4.11 27.84
4.11 27.84
4.11 27.84
4.29 27.84
4.29 27.84
4.29 27.84
4.66 27.84
4.66 27.84
4.66 27.84
4.84 27.84
4.84 27.84
4.84 27.84
5.57 27.84
5.57 27.84
5.57 27.84
5.75 27.84
5.75 27.84
5.75 27.84
5.93 27.84
5.93 27.84
5.93 27.84
6.12 27.84
6.12 27.84
6.12 27.84
7.21 27.84
7.21 27.84
7.21 27.84
7.39 27.84
7.39 27.84
7.39 27.84
7.58 27.84
7.58 27.84
7.58 27.84
7.76 27.84
7.76 27.84
7.76 27.84
1.73 28.03
1.73 28.03
1.73 28.03
2.10 28.03
2.10 28.03
2.10 28.03
2.46 28.03
2.46 28.03
2.46 28.03
3.01 28.03
3.01 28.03
3.01 28.03
3.20 28.03
3.20 28.03
3.20 28.03
3.38 28.03
3.38 28.03
3.38 28.03
3.56 28.03
3.56 28.03
3.56 28.03
3.74 28.03
3.74 28.03
3.74 28.03
3.93 28.03
3.93 28.03
3.93 28.03
4.11 28.03
4.11 28.03
4.11 28.03
5.93 28.03
5.93 28.03
5.93 28.03
6.12 28.03
6.12 28.03
6.12 28.03
6.48 28.03
6.48 28.03
6.48 28.03
6.66 28.03
6.66 28.03
6.66 28.03
6.85 28.03
6.85 28.03
6.85 28.03
7.58 28.03
7.58 28.03
7.58 28.03
7.76 28.03
7.76 28.03
7.76 28.03
2.65 28.21
2.65 28.21
2.65 28.21
2.83 28.21
2.83 28.21
2.83 28.21
3.01 28.21
3.01 28.21
3.01 28.21
3.38 28.21
3.38 28.21
3.38 28.21
3.56 28.21
3.56 28.21
3.56 28.21
3.74 28.21
3.74 28.21
3.74 28.21
5.57 28.21
5.57 28.21
5.57 28.21
5.75 28.21
5.75 28.21
5.75 28.21
6.12 28.21
6.12 28.21
6.12 28.21
6.30 28.21
6.30 28.21
6.30 28.21
6.48 28.21
6.48 28.21
6.48 28.21
7.03 28.21
7.03 28.21
7.03 28.21
7.21 28.21
7.21 28.21
7.21 28.21
7.58 28.21
7.58 28.21
7.58 28.21
2.65 28.39
2.65 28.39
2.65 28.39
2.83 28.39
2.83 28.39
2.83 28.39
3.20 28.39
3.20 28.39
3.20 28.39
3.38 28.39
3.38 28.39
3.38 28.39
3.93 28.39
3.93 28.39
3.93 28.39
5.39 28.39
5.39 28.39
5.39 28.39
5.93 28.39
5.93 28.39
5.93 28.39
6.12 28.39
6.12 28.39
6.12 28.39
6.48 28.39
6.48 28.39
6.48 28.39
6.66 28.39
6.66 28.39
6.66 28.39
7.21 28.39
7.21 28.39
7.21 28.39
7.76 28.39
7.76 28.39
7.76 28.39
2.65 28.57
2.65 28.57
2.65 28.57
3.01 28.57
3.01 28.57
3.01 28.57
3.38 28.57
3.38 28.57
3.38 28.57
3.56 28.57
3.56 28.57
3.56 28.57
3.74 28.57
3.74 28.57
3.74 28.57
4.47 28.57
4.47 28.57
4.47 28.57
4.66 28.57
4.66 28.57
4.66 28.57
4.84 28.57
4.84 28.57
4.84 28.57
5.93 28.57
5.93 28.57
5.93 28.57
6.12 28.57
6.12 28.57
6.12 28.57
6.30 28.57
6.30 28.57
6.30 28.57
6.48 28.57
6.48 28.57
6.48 28.57
6.66 28.57
6.66 28.57
6.66 28.57
7.03 28.57
7.03 28.57
7.03 28.57
7.21 28.57
7.21 28.57
7.21 28.57
7.58 28.57
7.58 28.57
7.58 28.57
3.01 28.76
3.01 28.76
3.01 28.76
3.56 28.76
3.56 28.76
3.56 28.76
3.74 28.76
3.74 28.76
3.74 28.76
5.57 28.76
5.57 28.76
5.57 28.76
5.75 28.76
5.75 28.76
5.75 28.76
5.93 28.76
5.93 28.76
5.93 28.76
6.12 28.76
6.12 28.76
6.12 28.76
6.30 28.76
6.30 28.76
6.30 28.76
6.48 28.76
6.48 28.76
6.48 28.76
6.66 28.76
6.66 28.76
6.66 28.76
7.03 28.76
7.03 28.76
7.03 28.76
7.21 28.76
7.21 28.76
7.21 28.76
7.58 28.76
7.58 28.76
7.58 28.76
7.76 28.76
7.76 28.76
7.76 28.76
2.83 28.94
2.83 28.94
2.83 28.94
3.20 28.94
3.20 28.94
3.20 28.94
3.38 28.94
3.38 28.94
3.38 28.94
3.74 28.94
3.74 28.94
3.74 28.94
3.93 28.94
3.93 28.94
3.93 28.94
4.11 28.94
4.11 28.94
4.11 28.94
4.29 28.94
4.29 28.94
4.29 28.94
5.57 28.94
5.57 28.94
5.57 28.94
5.75 28.94
5.75 28.94
5.75 28.94
5.93 28.94
5.93 28.94
5.93 28.94
6.12 28.94
6.12 28.94
6.12 28.94
6.30 28.94
6.30 28.94
6.30 28.94
6.48 28.94
6.48 28.94
6.48 28.94
6.66 28.94
6.66 28.94
6.66 28.94
7.58 28.94
7.58 28.94
7.58 28.94
7.76 28.94
7.76 28.94
7.76 28.94
8.31 28.94
8.31 28.94
8.31 28.94
8.49 28.94
8.49 28.94
8.49 28.94
2.65 29.12
2.65 29.12
2.65 29.12
3.56 29.12
3.56 29.12
3.56 29.12
3.74 29.12
3.74 29.12
3.74 29.12
3.93 29.12
3.93 29.12
3.93 29.12
4.11 29.12
4.11 29.12
4.11 29.12
4.29 29.12
4.29 29.12
4.29 29.12
5.02 29.12
5.02 29.12
5.02 29.12
7.21 29.12
7.21 29.12
7.21 29.12
7.39 29.12
7.39 29.12
7.39 29.12
7.94 29.12
7.94 29.12
7.94 29.12
8.31 29.12
8.31 29.12
8.31 29.12
4.11 29.30
4.11 29.30
4.11 29.30
6.85 29.30
6.85 29.30
6.85 29.30
7.03 29.30
7.03 29.30
7.03 29.30
7.39 29.30
7.39 29.30
7.39 29.30
7.58 29.30
7.58 29.30
7.58 29.30
7.94 29.30
7.94 29.30
7.94 29.30
8.12 29.30
8.12 29.30
8.12 29.30
8.31 29.30
8.31 29.30
8.31 29.30
3.56 29.49
3.56 29.49
3.56 29.49
3.93 29.49
3.93 29.49
3.93 29.49
4.11 29.49
4.11 29.49
4.11 29.49
4.29 29.49
4.29 29.49
4.29 29.49
5.57 29.49
5.57 29.49
5.57 29.49
5.75 29.49
5.75 29.49
5.75 29.49
5.93 29.49
5.93 29.49
5.93 29.49
6.12 29.49
6.12 29.49
6.12 29.49
6.30 29.49
6.30 29.49
6.30 29.49
6.48 29.49
6.48 29.49
6.48 29.49
6.85 29.49
6.85 29.49
6.85 29.49
7.39 29.49
7.39 29.49
7.39 29.49
7.58 29.49
7.58 29.49
7.58 29.49
8.31 29.49
8.31 29.49
8.31 29.49
8.49 29.49
8.49 29.49
8.49 29.49
3.93 29.67
3.93 29.67
3.93 29.67
4.11 29.67
4.11 29.67
4.11 29.67
4.29 29.67
4.29 29.67
4.29 29.67
4.84 29.67
4.84 29.67
4.84 29.67
5.02 29.67
5.02 29.67
5.02 29.67
5.57 29.67
5.57 29.67
5.57 29.67
5.75 29.67
5.75 29.67
5.75 29.67
5.93 29.67
5.93 29.67
5.93 29.67
6.12 29.67
6.12 29.67
6.12 29.67
6.30 29.67
6.30 29.67
6.30 29.67
6.48 29.67
6.48 29.67
6.48 29.67
6.66 29.67
6.66 29.67
6.66 29.67
8.12 29.67
8.12 29.67
8.12 29.67
8.49 29.67
8.49 29.67
8.49 29.67
3.20 29.85
3.20 29.85
3.20 29.85
3.38 29.85
3.38 29.85
3.38 29.85
4.84 29.85
4.84 29.85
4.84 29.85
5.02 29.85
5.02 29.85
5.02 29.85
5.93 29.85
5.93 29.85
5.93 29.85
6.12 29.85
6.12 29.85
6.12 29.85
6.30 29.85
6.30 29.85
6.30 29.85
6.48 29.85
6.48 29.85
6.48 29.85
6.66 29.85
6.66 29.85
6.66 29.85
7.03 29.85
7.03 29.85
7.03 29.85
7.21 29.85
7.21 29.85
7.21 29.85
7.39 29.85
7.39 29.85
7.39 29.85
8.31 29.85
8.31 29.85
8.31 29.85
8.49 29.85
8.49 29.85
8.49 29.85
3.20 30.03
3.20 30.03
3.20 30.03
3.38 30.03
3.38 30.03
3.38 30.03
4.29 30.03
4.29 30.03
4.29 30.03
4.84 30.03
4.84 30.03
4.84 30.03
5.02 30.03
5.02 30.03
5.02 30.03
5.20 30.03
5.20 30.03
5.20 30.03
5.39 30.03
5.39 30.03
5.39 30.03
5.57 30.03
5.57 30.03
5.57 30.03
5.75 30.03
5.75 30.03
5.75 30.03
6.30 30.03
6.30 30.03
6.30 30.03
6.66 30.03
6.66 30.03
6.66 30.03
6.85 30.03
6.85 30.03
6.85 30.03
7.03 30.03
7.03 30.03
7.03 30.03
7.58 30.03
7.58 30.03
7.58 30.03
7.76 30.03
7.76 30.03
7.76 30.03
7.94 30.03
7.94 30.03
7.94 30.03
8.12 30.03
8.12 30.03
8.12 30.03
3.20 30.22
3.20 30.22
3.20 30.22
3.56 30.22
3.56 30.22
3.56 30.22
4.29 30.22
4.29 30.22
4.29 30.22
4.47 30.22
4.47 30.22
4.47 30.22
4.66 30.22
4.66 30.22
4.66 30.22
4.84 30.22
4.84 30.22
4.84 30.22
5.02 30.22
5.02 30.22
5.02 30.22
5.20 30.22
5.20 30.22
5.20 30.22
5.39 30.22
5.39 30.22
5.39 30.22
6.48 30.22
6.48 30.22
6.48 30.22
6.66 30.22
6.66 30.22
6.66 30.22
7.21 30.22
7.21 30.22
7.21 30.22
7.39 30.22
7.39 30.22
7.39 30.22
7.94 30.22
7.94 30.22
7.94 30.22
8.31 30.22
8.31 30.22
8.31 30.22
8.49 30.22
8.49 30.22
8.49 30.22
3.56 30.40
3.56 30.40
3.56 30.40
3.74 30.40
3.74 30.40
3.74 30.40
3.93 30.40
3.93 30.40
3.93 30.40
4.11 30.40
4.11 30.40
4.11 30.40
4.29 30.40
4.29 30.40
4.29 30.40
4.47 30.40
4.47 30.40
4.47 30.40
4.66 30.40
4.66 30.40
4.66 30.40
4.84 30.40
4.84 30.40
4.84 30.40
5.02 30.40
5.02 30.40
5.02 30.40
5.39 30.40
5.39 30.40
5.39 30.40
5.75 30.40
5.75 30.40
5.75 30.40
5.93 30.40
5.93 30.40
5.93 30.40
6.12 30.40
6.12 30.40
6.12 30.40
6.30 30.40
6.30 30.40
6.30 30.40
6.48 30.40
6.48 30.40
6.48 30.40
7.76 30.40
7.76 30.40
7.76 30.40
7.94 30.40
7.94 30.40
7.94 30.40
8.31 30.40
8.31 30.40
8.31 30.40
3.38 30.58
3.38 30.58
3.38 30.58
3.74 30.58
3.74 30.58
3.74 30.58
3.93 30.58
3.93 30.58
3.93 30.58
4.11 30.58
4.11 30.58
4.11 30.58
4.29 30.58
4.29 30.58
4.29 30.58
4.47 30.58
4.47 30.58
4.47 30.58
4.66 30.58
4.66 30.58
4.66 30.58
4.84 30.58
4.84 30.58
4.84 30.58
5.20 30.58
5.20 30.58
5.20 30.58
5.39 30.58
5.39 30.58
5.39 30.58
6.12 30.58
6.12 30.58
6.12 30.58
7.58 30.58
7.58 30.58
7.58 30.58
7.76 30.58
7.76 30.58
7.76 30.58
8.12 30.58
8.12 30.58
8.12 30.58
8.31 30.58
8.31 30.58
8.31 30.58
8.49 30.58
8.49 30.58
8.49 30.58
9.04 30.58
9.04 30.58
9.04 30.58
9.22 30.58
9.22 30.58
9.22 30.58
3.20 30.76
3.20 30.76
3.20 30.76
3.38 30.76
3.38 30.76
3.38 30.76
3.56 30.76
3.56 30.76
3.56 30.76
3.74 30.76
3.74 30.76
3.74 30.76
3.93 30.76
3.93 30.76
3.93 30.76
4.11 30.76
4.11 30.76
4.11 30.76
4.29 30.76
4.29 30.76
4.29 30.76
4.47 30.76
4.47 30.76
4.47 30.76
4.66 30.76
4.66 30.76
4.66 30.76
5.57 30.76
5.57 30.76
5.57 30.76
5.75 30.76
5.75 30.76
5.75 30.76
5.93 30.76
5.93 30.76
5.93 30.76
6.30 30.76
6.30 30.76
6.30 30.76
6.48 30.76
6.48 30.76
6.48 30.76
6.66 30.76
6.66 30.76
6.66 30.76
7.21 30.76
7.21 30.76
7.21 30.76
7.39 30.76
7.39 30.76
7.39 30.76
8.49 30.76
8.49 30.76
8.49 30.76
8.67 30.76
8.67 30.76
8.67 30.76
8.85 30.76
8.85 30.76
8.85 30.76
2.83 30.95
2.83 30.95
2.83 30.95
3.20 30.95
3.20 30.95
3.20 30.95
3.56 30.95
3.56 30.95
3.56 30.95
3.74 30.95
3.74 30.95
3.74 30.95
3.93 30.95
3.93 30.95
3.93 30.95
4.11 30.95
4.11 30.95
4.11 30.95
4.29 30.95
4.29 30.95
4.29 30.95
4.47 30.95
4.47 30.95
4.47 30.95
4.66 30.95
4.66 30.95
4.66 30.95
5.20 30.95
5.20 30.95
5.20 30.95
5.39 30.95
5.39 30.95
5.39 30.95
5.75 30.95
5.75 30.95
5.75 30.95
5.93 30.95
5.93 30.95
5.93 30.95
7.21 30.95
7.21 30.95
7.21 30.95
7.76 30.95
7.76 30.95
7.76 30.95
7.94 30.95
7.94 30.95
7.94 30.95
8.12 30.95
8.12 30.95
8.12 30.95
8.31 30.95
8.31 30.95
8.31 30.95
8.49 30.95
8.49 30.95
8.49 30.95
8.85 30.95
8.85 30.95
8.85 30.95
9.22 30.95
9.22 30.95
9.22 30.95
9.77 30.95
9.77 30.95
9.77 30.95
2.46 31.13
2.46 31.13
2.46 31.13
2.65 31.13
2.65 31.13
2.65 31.13
3.01 31.13
3.01 31.13
3.01 31.13
3.38 31.13
3.38 31.13
3.38 31.13
3.56 31.13
3.56 31.13
3.56 31.13
3.74 31.13
3.74 31.13
3.74 31.13
3.93 31.13
3.93 31.13
3.93 31.13
4.11 31.13
4.11 31.13
4.11 31.13
4.29 31.13
4.29 31.13
4.29 31.13
4.84 31.13
4.84 31.13
4.84 31.13
5.02 31.13
5.02 31.13
5.02 31.13
5.39 31.13
5.39 31.13
5.39 31.13
7.21 31.13
7.21 31.13
7.21 31.13
8.49 31.13
8.49 31.13
8.49 31.13
9.22 31.13
9.22 31.13
9.22 31.13
9.40 31.13
9.40 31.13
9.40 31.13
9.95 31.13
9.95 31.13
9.95 31.13
3.38 31.31
3.38 31.31
3.38 31.31
3.56 31.31
3.56 31.31
3.56 31.31
3.74 31.31
3.74 31.31
3.74 31.31
3.93 31.31
3.93 31.31
3.93 31.31
4.11 31.31
4.11 31.31
4.11 31.31
4.29 31.31
4.29 31.31
4.29 31.31
4.84 31.31
4.84 31.31
4.84 31.31
5.02 31.31
5.02 31.31
5.02 31.31
5.20 31.31
5.20 31.31
5.20 31.31
5.39 31.31
5.39 31.31
5.39 31.31
7.03 31.31
7.03 31.31
7.03 31.31
7.21 31.31
7.21 31.31
7.21 31.31
7.94 31.31
7.94 31.31
7.94 31.31
8.12 31.31
8.12 31.31
8.12 31.31
8.49 31.31
8.49 31.31
8.49 31.31
8.85 31.31
8.85 31.31
8.85 31.31
9.04 31.31
9.04 31.31
9.04 31.31
9.40 31.31
9.40 31.31
9.40 31.31
9.59 31.31
9.59 31.31
9.59 31.31
9.77 31.31
9.77 31.31
9.77 31.31
3.38 31.49
3.38 31.49
3.38 31.49
3.74 31.49
3.74 31.49
3.74 31.49
3.93 31.49
3.93 31.49
3.93 31.49
4.11 31.49
4.11 31.49
4.11 31.49
4.66 31.49
4.66 31.49
4.66 31.49
4.84 31.49
4.84 31.49
4.84 31.49
5.39 31.49
5.39 31.49
5.39 31.49
7.94 31.49
7.94 31.49
7.94 31.49
8.31 31.49
8.31 31.49
8.31 31.49
8.67 31.49
8.67 31.49
8.67 31.49
9.04 31.49
9.04 31.49
9.04 31.49
9.22 31.49
9.22 31.49
9.22 31.49
9.40 31.49
9.40 31.49
9.40 31.49
9.59 31.49
9.59 31.49
9.59 31.49
4.11 31.68
4.11 31.68
4.11 31.68
4.29 31.68
4.29 31.68
4.29 31.68
4.47 31.68
4.47 31.68
4.47 31.68
5.02 31.68
5.02 31.68
5.02 31.68
5.20 31.68
5.20 31.68
5.20 31.68
8.31 31.68
8.31 31.68
8.31 31.68
8.49 31.68
8.49 31.68
8.49 31.68
8.85 31.68
8.85 31.68
8.85 31.68
4.11 31.86
4.11 31.86
4.11 31.86
8.67 31.86
8.67 31.86
8.67 31.86
9.04 31.86
9.04 31.86
9.04 31.86
9.22 31.86
9.22 31.86
9.22 31.86
