6.30 -53.59
6.30 -53.59
6.30 -53.59
6.66 -53.59
6.66 -53.59
6.66 -53.59
6.30 -53.22
6.30 -53.22
6.30 -53.22
6.66 -53.22
6.66 -53.22
6.66 -53.22
6.48 -53.04
6.48 -53.04
6.48 -53.04
6.48 -52.86
6.48 -52.86
6.48 -52.86
6.30 -52.67
6.30 -52.67
6.30 -52.67
6.85 -52.67
6.85 -52.67
6.85 -52.67
6.30 -52.49
6.30 -52.49
6.30 -52.49
6.48 -52.49
6.48 -52.49
6.48 -52.49
6.85 -52.49
6.85 -52.49
6.85 -52.49
7.03 -52.49
7.03 -52.49
7.03 -52.49
7.21 -52.49
7.21 -52.49
7.21 -52.49
7.39 -52.49
7.39 -52.49
7.39 -52.49
7.58 -52.49
7.58 -52.49
7.58 -52.49
6.48 -52.31
6.48 -52.31
6.48 -52.31
6.66 -52.31
6.66 -52.31
6.66 -52.31
6.85 -52.31
6.85 -52.31
6.85 -52.31
7.21 -52.31
7.21 -52.31
7.21 -52.31
6.30 -52.13
6.30 -52.13
6.30 -52.13
6.48 -52.13
6.48 -52.13
6.48 -52.13
6.85 -52.13
6.85 -52.13
6.85 -52.13
7.21 -52.13
7.21 -52.13
7.21 -52.13
7.39 -52.13
7.39 -52.13
7.39 -52.13
7.03 -51.94
7.03 -51.94
7.03 -51.94
7.58 -51.94
7.58 -51.94
7.58 -51.94
7.03 -51.76
7.03 -51.76
7.03 -51.76
7.21 -51.76
7.21 -51.76
7.21 -51.76
7.58 -51.76
7.58 -51.76
7.58 -51.76
4.11 -51.03
4.11 -51.03
4.11 -51.03
4.29 -51.03
4.29 -51.03
4.29 -51.03
4.47 -51.03
4.47 -51.03
4.47 -51.03
4.66 -50.85
4.66 -50.85
4.66 -50.85
5.02 -50.85
5.02 -50.85
5.02 -50.85
5.20 -50.85
5.20 -50.85
5.20 -50.85
4.66 -50.66
4.66 -50.66
4.66 -50.66
5.02 -50.48
5.02 -50.48
5.02 -50.48
5.20 -50.48
5.20 -50.48
5.20 -50.48
5.39 -50.48
5.39 -50.48
5.39 -50.48
5.57 -50.48
5.57 -50.48
5.57 -50.48
5.39 -50.30
5.39 -50.30
5.39 -50.30
5.75 -50.30
5.75 -50.30
5.75 -50.30
5.57 -50.12
5.57 -50.12
5.57 -50.12
5.75 -50.12
5.75 -50.12
5.75 -50.12
9.77 -50.12
9.77 -50.12
9.77 -50.12
6.12 -49.93
6.12 -49.93
6.12 -49.93
6.48 -49.93
6.48 -49.93
6.48 -49.93
6.66 -49.93
6.66 -49.93
6.66 -49.93
9.04 -49.93
9.04 -49.93
9.04 -49.93
9.22 -49.93
9.22 -49.93
9.22 -49.93
9.40 -49.93
9.40 -49.93
9.40 -49.93
9.59 -49.93
9.59 -49.93
9.59 -49.93
10.13 -49.93
10.13 -49.93
10.13 -49.93
10.50 -49.93
10.50 -49.93
10.50 -49.93
5.93 -49.75
5.93 -49.75
5.93 -49.75
6.12 -49.75
6.12 -49.75
6.12 -49.75
6.66 -49.75
6.66 -49.75
6.66 -49.75
10.13 -49.75
10.13 -49.75
10.13 -49.75
10.32 -49.75
10.32 -49.75
10.32 -49.75
10.50 -49.75
10.50 -49.75
10.50 -49.75
5.57 -49.57
5.57 -49.57
5.57 -49.57
6.48 -49.57
6.48 -49.57
6.48 -49.57
9.95 -49.57
9.95 -49.57
9.95 -49.57
10.32 -49.57
10.32 -49.57
10.32 -49.57
6.30 -49.39
6.30 -49.39
6.30 -49.39
6.85 -49.39
6.85 -49.39
6.85 -49.39
7.21 -49.39
7.21 -49.39
7.21 -49.39
7.39 -49.39
7.39 -49.39
7.39 -49.39
9.77 -49.39
9.77 -49.39
9.77 -49.39
10.32 -49.39
10.32 -49.39
10.32 -49.39
6.30 -49.20
6.30 -49.20
6.30 -49.20
6.66 -49.20
6.66 -49.20
6.66 -49.20
7.03 -49.20
7.03 -49.20
7.03 -49.20
7.21 -49.20
7.21 -49.20
7.21 -49.20
9.95 -49.20
9.95 -49.20
9.95 -49.20
10.13 -49.20
10.13 -49.20
10.13 -49.20
10.32 -49.20
10.32 -49.20
10.32 -49.20
6.12 -49.02
6.12 -49.02
6.12 -49.02
6.85 -49.02
6.85 -49.02
6.85 -49.02
7.03 -49.02
7.03 -49.02
7.03 -49.02
7.21 -49.02
7.21 -49.02
7.21 -49.02
7.39 -49.02
7.39 -49.02
7.39 -49.02
9.95 -49.02
9.95 -49.02
9.95 -49.02
10.32 -49.02
10.32 -49.02
10.32 -49.02
10.50 -49.02
10.50 -49.02
10.50 -49.02
6.66 -48.84
6.66 -48.84
6.66 -48.84
7.03 -48.84
7.03 -48.84
7.03 -48.84
7.39 -48.84
7.39 -48.84
7.39 -48.84
10.32 -48.84
10.32 -48.84
10.32 -48.84
9.77 -48.66
9.77 -48.66
9.77 -48.66
7.03 -48.47
7.03 -48.47
7.03 -48.47
7.39 -48.29
7.39 -48.29
7.39 -48.29
7.58 -48.29
7.58 -48.29
7.58 -48.29
7.94 -48.29
7.94 -48.29
7.94 -48.29
7.94 -48.11
7.94 -48.11
7.94 -48.11
8.12 -48.11
8.12 -48.11
8.12 -48.11
7.94 -47.93
7.94 -47.93
7.94 -47.93
7.58 -47.74
7.58 -47.74
7.58 -47.74
7.76 -47.74
7.76 -47.74
7.76 -47.74
7.94 -47.56
7.94 -47.56
7.94 -47.56
8.12 -47.56
8.12 -47.56
8.12 -47.56
7.76 -47.38
7.76 -47.38
7.76 -47.38
7.94 -47.38
7.94 -47.38
7.94 -47.38
7.58 -47.20
7.58 -47.20
7.58 -47.20
7.94 -47.20
7.94 -47.20
7.94 -47.20
8.12 -47.20
8.12 -47.20
8.12 -47.20
8.12 -47.01
8.12 -47.01
8.12 -47.01
8.49 -47.01
8.49 -47.01
8.49 -47.01
8.85 -47.01
8.85 -47.01
8.85 -47.01
7.58 -46.83
7.58 -46.83
7.58 -46.83
7.76 -46.83
7.76 -46.83
7.76 -46.83
8.49 -46.83
8.49 -46.83
8.49 -46.83
8.67 -46.47
8.67 -46.47
8.67 -46.47
8.85 -46.47
8.85 -46.47
8.85 -46.47
9.04 -46.47
9.04 -46.47
9.04 -46.47
9.22 -46.47
9.22 -46.47
9.22 -46.47
9.59 -46.47
9.59 -46.47
9.59 -46.47
13.60 -46.47
13.60 -46.47
13.60 -46.47
13.78 -46.47
13.78 -46.47
13.78 -46.47
13.97 -46.47
13.97 -46.47
13.97 -46.47
14.15 -46.47
14.15 -46.47
14.15 -46.47
14.70 -46.47
14.70 -46.47
14.70 -46.47
8.31 -46.28
8.31 -46.28
8.31 -46.28
8.49 -46.28
8.49 -46.28
8.49 -46.28
9.22 -46.28
9.22 -46.28
9.22 -46.28
9.40 -46.28
9.40 -46.28
9.40 -46.28
9.59 -46.28
9.59 -46.28
9.59 -46.28
13.42 -46.28
13.42 -46.28
13.42 -46.28
13.97 -46.28
13.97 -46.28
13.97 -46.28
14.33 -46.28
14.33 -46.28
14.33 -46.28
14.51 -46.28
14.51 -46.28
14.51 -46.28
8.85 -46.10
8.85 -46.10
8.85 -46.10
9.22 -46.10
9.22 -46.10
9.22 -46.10
9.40 -46.10
9.40 -46.10
9.40 -46.10
9.95 -46.10
9.95 -46.10
9.95 -46.10
10.32 -46.10
10.32 -46.10
10.32 -46.10
12.69 -46.10
12.69 -46.10
12.69 -46.10
13.05 -46.10
13.05 -46.10
13.05 -46.10
13.24 -46.10
13.24 -46.10
13.24 -46.10
13.42 -46.10
13.42 -46.10
13.42 -46.10
13.60 -46.10
13.60 -46.10
13.60 -46.10
13.78 -46.10
13.78 -46.10
13.78 -46.10
13.97 -46.10
13.97 -46.10
13.97 -46.10
14.33 -46.10
14.33 -46.10
14.33 -46.10
14.51 -46.10
14.51 -46.10
14.51 -46.10
8.12 -45.92
8.12 -45.92
8.12 -45.92
8.31 -45.92
8.31 -45.92
8.31 -45.92
8.67 -45.92
8.67 -45.92
8.67 -45.92
8.85 -45.92
8.85 -45.92
8.85 -45.92
9.22 -45.92
9.22 -45.92
9.22 -45.92
9.59 -45.92
9.59 -45.92
9.59 -45.92
9.95 -45.92
9.95 -45.92
9.95 -45.92
10.32 -45.92
10.32 -45.92
10.32 -45.92
12.69 -45.92
12.69 -45.92
12.69 -45.92
13.05 -45.92
13.05 -45.92
13.05 -45.92
13.42 -45.92
13.42 -45.92
13.42 -45.92
13.60 -45.92
13.60 -45.92
13.60 -45.92
13.78 -45.92
13.78 -45.92
13.78 -45.92
14.15 -45.92
14.15 -45.92
14.15 -45.92
14.33 -45.92
14.33 -45.92
14.33 -45.92
9.04 -45.74
9.04 -45.74
9.04 -45.74
9.22 -45.74
9.22 -45.74
9.22 -45.74
9.95 -45.74
9.95 -45.74
9.95 -45.74
10.13 -45.74
10.13 -45.74
10.13 -45.74
10.32 -45.74
10.32 -45.74
10.32 -45.74
12.69 -45.74
12.69 -45.74
12.69 -45.74
13.05 -45.74
13.05 -45.74
13.05 -45.74
13.24 -45.74
13.24 -45.74
13.24 -45.74
13.42 -45.74
13.42 -45.74
13.42 -45.74
14.51 -45.74
14.51 -45.74
14.51 -45.74
9.59 -45.55
9.59 -45.55
9.59 -45.55
9.77 -45.55
9.77 -45.55
9.77 -45.55
10.68 -45.55
10.68 -45.55
10.68 -45.55
10.86 -45.55
10.86 -45.55
10.86 -45.55
11.05 -45.55
11.05 -45.55
11.05 -45.55
12.69 -45.55
12.69 -45.55
12.69 -45.55
13.05 -45.55
13.05 -45.55
13.05 -45.55
13.24 -45.55
13.24 -45.55
13.24 -45.55
13.42 -45.55
13.42 -45.55
13.42 -45.55
13.60 -45.55
13.60 -45.55
13.60 -45.55
9.40 -45.37
9.40 -45.37
9.40 -45.37
9.59 -45.37
9.59 -45.37
9.59 -45.37
9.77 -45.37
9.77 -45.37
9.77 -45.37
10.13 -45.37
10.13 -45.37
10.13 -45.37
10.32 -45.37
10.32 -45.37
10.32 -45.37
10.50 -45.37
10.50 -45.37
10.50 -45.37
10.68 -45.37
10.68 -45.37
10.68 -45.37
10.86 -45.37
10.86 -45.37
10.86 -45.37
11.05 -45.37
11.05 -45.37
11.05 -45.37
13.05 -45.37
13.05 -45.37
13.05 -45.37
13.60 -45.37
13.60 -45.37
13.60 -45.37
13.78 -45.37
13.78 -45.37
13.78 -45.37
13.97 -45.37
13.97 -45.37
13.97 -45.37
8.85 -45.19
8.85 -45.19
8.85 -45.19
9.04 -45.19
9.04 -45.19
9.04 -45.19
10.13 -45.19
10.13 -45.19
10.13 -45.19
10.32 -45.19
10.32 -45.19
10.32 -45.19
13.05 -45.19
13.05 -45.19
13.05 -45.19
13.78 -45.19
13.78 -45.19
13.78 -45.19
9.04 -45.01
9.04 -45.01
9.04 -45.01
9.59 -45.01
9.59 -45.01
9.59 -45.01
10.32 -45.01
10.32 -45.01
10.32 -45.01
13.24 -45.01
13.24 -45.01
13.24 -45.01
13.42 -45.01
13.42 -45.01
13.42 -45.01
9.04 -44.82
9.04 -44.82
9.04 -44.82
9.40 -44.82
9.40 -44.82
9.40 -44.82
9.59 -44.82
9.59 -44.82
9.59 -44.82
10.32 -44.82
10.32 -44.82
10.32 -44.82
10.50 -44.82
10.50 -44.82
10.50 -44.82
10.68 -44.82
10.68 -44.82
10.68 -44.82
11.59 -44.82
11.59 -44.82
11.59 -44.82
11.96 -44.82
11.96 -44.82
11.96 -44.82
12.14 -44.82
12.14 -44.82
12.14 -44.82
13.24 -44.82
13.24 -44.82
13.24 -44.82
13.42 -44.82
13.42 -44.82
13.42 -44.82
13.60 -44.82
13.60 -44.82
13.60 -44.82
13.97 -44.82
13.97 -44.82
13.97 -44.82
8.85 -44.64
8.85 -44.64
8.85 -44.64
9.04 -44.64
9.04 -44.64
9.04 -44.64
9.95 -44.64
9.95 -44.64
9.95 -44.64
10.13 -44.64
10.13 -44.64
10.13 -44.64
10.50 -44.64
10.50 -44.64
10.50 -44.64
11.05 -44.64
11.05 -44.64
11.05 -44.64
11.59 -44.64
11.59 -44.64
11.59 -44.64
11.78 -44.64
11.78 -44.64
11.78 -44.64
12.14 -44.64
12.14 -44.64
12.14 -44.64
13.78 -44.64
13.78 -44.64
13.78 -44.64
13.97 -44.64
13.97 -44.64
13.97 -44.64
9.04 -44.46
9.04 -44.46
9.04 -44.46
9.22 -44.46
9.22 -44.46
9.22 -44.46
10.68 -44.46
10.68 -44.46
10.68 -44.46
10.86 -44.46
10.86 -44.46
10.86 -44.46
11.05 -44.46
11.05 -44.46
11.05 -44.46
11.23 -44.46
11.23 -44.46
11.23 -44.46
11.41 -44.46
11.41 -44.46
11.41 -44.46
11.59 -44.46
11.59 -44.46
11.59 -44.46
11.78 -44.46
11.78 -44.46
11.78 -44.46
11.96 -44.46
11.96 -44.46
11.96 -44.46
12.14 -44.46
12.14 -44.46
12.14 -44.46
12.32 -44.46
12.32 -44.46
12.32 -44.46
13.42 -44.46
13.42 -44.46
13.42 -44.46
13.97 -44.46
13.97 -44.46
13.97 -44.46
8.85 -44.27
8.85 -44.27
8.85 -44.27
10.86 -44.27
10.86 -44.27
10.86 -44.27
11.05 -44.27
11.05 -44.27
11.05 -44.27
11.23 -44.27
11.23 -44.27
11.23 -44.27
11.41 -44.27
11.41 -44.27
11.41 -44.27
11.59 -44.27
11.59 -44.27
11.59 -44.27
11.78 -44.27
11.78 -44.27
11.78 -44.27
11.96 -44.27
11.96 -44.27
11.96 -44.27
12.14 -44.27
12.14 -44.27
12.14 -44.27
12.51 -44.27
12.51 -44.27
12.51 -44.27
12.69 -44.27
12.69 -44.27
12.69 -44.27
12.87 -44.27
12.87 -44.27
12.87 -44.27
13.05 -44.27
13.05 -44.27
13.05 -44.27
13.42 -44.27
13.42 -44.27
13.42 -44.27
13.78 -44.27
13.78 -44.27
13.78 -44.27
13.97 -44.27
13.97 -44.27
13.97 -44.27
8.85 -44.09
8.85 -44.09
8.85 -44.09
9.22 -44.09
9.22 -44.09
9.22 -44.09
9.40 -44.09
9.40 -44.09
9.40 -44.09
10.68 -44.09
10.68 -44.09
10.68 -44.09
10.86 -44.09
10.86 -44.09
10.86 -44.09
11.05 -44.09
11.05 -44.09
11.05 -44.09
11.23 -44.09
11.23 -44.09
11.23 -44.09
11.41 -44.09
11.41 -44.09
11.41 -44.09
11.59 -44.09
11.59 -44.09
11.59 -44.09
11.78 -44.09
11.78 -44.09
11.78 -44.09
11.96 -44.09
11.96 -44.09
11.96 -44.09
12.69 -44.09
12.69 -44.09
12.69 -44.09
13.05 -44.09
13.05 -44.09
13.05 -44.09
13.24 -44.09
13.24 -44.09
13.24 -44.09
13.42 -44.09
13.42 -44.09
13.42 -44.09
13.60 -44.09
13.60 -44.09
13.60 -44.09
8.12 -43.91
8.12 -43.91
8.12 -43.91
8.85 -43.91
8.85 -43.91
8.85 -43.91
9.04 -43.91
9.04 -43.91
9.04 -43.91
9.59 -43.91
9.59 -43.91
9.59 -43.91
9.77 -43.91
9.77 -43.91
9.77 -43.91
9.95 -43.91
9.95 -43.91
9.95 -43.91
10.13 -43.91
10.13 -43.91
10.13 -43.91
10.32 -43.91
10.32 -43.91
10.32 -43.91
10.50 -43.91
10.50 -43.91
10.50 -43.91
10.68 -43.91
10.68 -43.91
10.68 -43.91
10.86 -43.91
10.86 -43.91
10.86 -43.91
11.23 -43.91
11.23 -43.91
11.23 -43.91
11.41 -43.91
11.41 -43.91
11.41 -43.91
11.59 -43.91
11.59 -43.91
11.59 -43.91
11.78 -43.91
11.78 -43.91
11.78 -43.91
11.96 -43.91
11.96 -43.91
11.96 -43.91
12.14 -43.91
12.14 -43.91
12.14 -43.91
12.69 -43.91
12.69 -43.91
12.69 -43.91
13.05 -43.91
13.05 -43.91
13.05 -43.91
9.22 -43.73
9.22 -43.73
9.22 -43.73
9.40 -43.73
9.40 -43.73
9.40 -43.73
9.77 -43.73
9.77 -43.73
9.77 -43.73
9.95 -43.73
9.95 -43.73
9.95 -43.73
10.13 -43.73
10.13 -43.73
10.13 -43.73
10.32 -43.73
10.32 -43.73
10.32 -43.73
11.59 -43.73
11.59 -43.73
11.59 -43.73
11.78 -43.73
11.78 -43.73
11.78 -43.73
11.96 -43.73
11.96 -43.73
11.96 -43.73
12.14 -43.73
12.14 -43.73
12.14 -43.73
12.32 -43.73
12.32 -43.73
12.32 -43.73
12.51 -43.73
12.51 -43.73
12.51 -43.73
12.69 -43.73
12.69 -43.73
12.69 -43.73
8.85 -43.54
8.85 -43.54
8.85 -43.54
9.04 -43.54
9.04 -43.54
9.04 -43.54
9.22 -43.54
9.22 -43.54
9.22 -43.54
9.59 -43.54
9.59 -43.54
9.59 -43.54
9.77 -43.54
9.77 -43.54
9.77 -43.54
9.95 -43.54
9.95 -43.54
9.95 -43.54
10.13 -43.54
10.13 -43.54
10.13 -43.54
10.32 -43.54
10.32 -43.54
10.32 -43.54
10.50 -43.54
10.50 -43.54
10.50 -43.54
10.68 -43.54
10.68 -43.54
10.68 -43.54
11.78 -43.54
11.78 -43.54
11.78 -43.54
11.96 -43.54
11.96 -43.54
11.96 -43.54
12.14 -43.54
12.14 -43.54
12.14 -43.54
12.32 -43.54
12.32 -43.54
12.32 -43.54
12.51 -43.54
12.51 -43.54
12.51 -43.54
12.69 -43.54
12.69 -43.54
12.69 -43.54
12.87 -43.54
12.87 -43.54
12.87 -43.54
13.05 -43.54
13.05 -43.54
13.05 -43.54
9.04 -43.36
9.04 -43.36
9.04 -43.36
9.22 -43.36
9.22 -43.36
9.22 -43.36
9.59 -43.36
9.59 -43.36
9.59 -43.36
9.77 -43.36
9.77 -43.36
9.77 -43.36
9.95 -43.36
9.95 -43.36
9.95 -43.36
10.13 -43.36
10.13 -43.36
10.13 -43.36
10.32 -43.36
10.32 -43.36
10.32 -43.36
10.50 -43.36
10.50 -43.36
10.50 -43.36
10.68 -43.36
10.68 -43.36
10.68 -43.36
10.86 -43.36
10.86 -43.36
10.86 -43.36
11.05 -43.36
11.05 -43.36
11.05 -43.36
11.23 -43.36
11.23 -43.36
11.23 -43.36
12.14 -43.36
12.14 -43.36
12.14 -43.36
12.32 -43.36
12.32 -43.36
12.32 -43.36
12.51 -43.36
12.51 -43.36
12.51 -43.36
13.05 -43.36
13.05 -43.36
13.05 -43.36
9.22 -43.18
9.22 -43.18
9.22 -43.18
9.95 -43.18
9.95 -43.18
9.95 -43.18
10.13 -43.18
10.13 -43.18
10.13 -43.18
10.32 -43.18
10.32 -43.18
10.32 -43.18
10.50 -43.18
10.50 -43.18
10.50 -43.18
10.68 -43.18
10.68 -43.18
10.68 -43.18
11.05 -43.18
11.05 -43.18
11.05 -43.18
11.23 -43.18
11.23 -43.18
11.23 -43.18
11.41 -43.18
11.41 -43.18
11.41 -43.18
12.14 -43.18
12.14 -43.18
12.14 -43.18
12.32 -43.18
12.32 -43.18
12.32 -43.18
12.51 -43.18
12.51 -43.18
12.51 -43.18
12.87 -43.18
12.87 -43.18
12.87 -43.18
13.05 -43.18
13.05 -43.18
13.05 -43.18
9.40 -43.00
9.40 -43.00
9.40 -43.00
9.59 -43.00
9.59 -43.00
9.59 -43.00
9.77 -43.00
9.77 -43.00
9.77 -43.00
9.95 -43.00
9.95 -43.00
9.95 -43.00
10.13 -43.00
10.13 -43.00
10.13 -43.00
10.32 -43.00
10.32 -43.00
10.32 -43.00
10.50 -43.00
10.50 -43.00
10.50 -43.00
10.68 -43.00
10.68 -43.00
10.68 -43.00
10.86 -43.00
10.86 -43.00
10.86 -43.00
11.05 -43.00
11.05 -43.00
11.05 -43.00
11.23 -43.00
11.23 -43.00
11.23 -43.00
12.14 -43.00
12.14 -43.00
12.14 -43.00
12.32 -43.00
12.32 -43.00
12.32 -43.00
12.51 -43.00
12.51 -43.00
12.51 -43.00
12.69 -43.00
12.69 -43.00
12.69 -43.00
12.87 -43.00
12.87 -43.00
12.87 -43.00
9.04 -42.81
9.04 -42.81
9.04 -42.81
9.59 -42.81
9.59 -42.81
9.59 -42.81
9.77 -42.81
9.77 -42.81
9.77 -42.81
9.95 -42.81
9.95 -42.81
9.95 -42.81
10.13 -42.81
10.13 -42.81
10.13 -42.81
10.32 -42.81
10.32 -42.81
10.32 -42.81
10.50 -42.81
10.50 -42.81
10.50 -42.81
10.68 -42.81
10.68 -42.81
10.68 -42.81
10.86 -42.81
10.86 -42.81
10.86 -42.81
11.05 -42.81
11.05 -42.81
11.05 -42.81
11.23 -42.81
11.23 -42.81
11.23 -42.81
12.14 -42.81
12.14 -42.81
12.14 -42.81
12.32 -42.81
12.32 -42.81
12.32 -42.81
12.51 -42.81
12.51 -42.81
12.51 -42.81
12.87 -42.81
12.87 -42.81
12.87 -42.81
13.05 -42.81
13.05 -42.81
13.05 -42.81
9.04 -42.63
9.04 -42.63
9.04 -42.63
9.40 -42.63
9.40 -42.63
9.40 -42.63
9.59 -42.63
9.59 -42.63
9.59 -42.63
9.77 -42.63
9.77 -42.63
9.77 -42.63
9.95 -42.63
9.95 -42.63
9.95 -42.63
10.13 -42.63
10.13 -42.63
10.13 -42.63
10.32 -42.63
10.32 -42.63
10.32 -42.63
10.50 -42.63
10.50 -42.63
10.50 -42.63
10.68 -42.63
10.68 -42.63
10.68 -42.63
10.86 -42.63
10.86 -42.63
10.86 -42.63
11.05 -42.63
11.05 -42.63
11.05 -42.63
11.23 -42.63
11.23 -42.63
11.23 -42.63
12.14 -42.63
12.14 -42.63
12.14 -42.63
12.32 -42.63
12.32 -42.63
12.32 -42.63
12.51 -42.63
12.51 -42.63
12.51 -42.63
12.69 -42.63
12.69 -42.63
12.69 -42.63
12.87 -42.63
12.87 -42.63
12.87 -42.63
8.31 -42.45
8.31 -42.45
8.31 -42.45
9.04 -42.45
9.04 -42.45
9.04 -42.45
9.40 -42.45
9.40 -42.45
9.40 -42.45
9.59 -42.45
9.59 -42.45
9.59 -42.45
9.77 -42.45
9.77 -42.45
9.77 -42.45
9.95 -42.45
9.95 -42.45
9.95 -42.45
10.13 -42.45
10.13 -42.45
10.13 -42.45
10.32 -42.45
10.32 -42.45
10.32 -42.45
10.50 -42.45
10.50 -42.45
10.50 -42.45
10.68 -42.45
10.68 -42.45
10.68 -42.45
10.86 -42.45
10.86 -42.45
10.86 -42.45
11.05 -42.45
11.05 -42.45
11.05 -42.45
11.23 -42.45
11.23 -42.45
11.23 -42.45
12.14 -42.45
12.14 -42.45
12.14 -42.45
12.32 -42.45
12.32 -42.45
12.32 -42.45
12.51 -42.45
12.51 -42.45
12.51 -42.45
12.69 -42.45
12.69 -42.45
12.69 -42.45
12.87 -42.45
12.87 -42.45
12.87 -42.45
13.05 -42.45
13.05 -42.45
13.05 -42.45
8.31 -42.27
8.31 -42.27
8.31 -42.27
8.49 -42.27
8.49 -42.27
8.49 -42.27
8.67 -42.27
8.67 -42.27
8.67 -42.27
8.85 -42.27
8.85 -42.27
8.85 -42.27
9.04 -42.27
9.04 -42.27
9.04 -42.27
9.59 -42.27
9.59 -42.27
9.59 -42.27
9.77 -42.27
9.77 -42.27
9.77 -42.27
9.95 -42.27
9.95 -42.27
9.95 -42.27
10.13 -42.27
10.13 -42.27
10.13 -42.27
10.32 -42.27
10.32 -42.27
10.32 -42.27
10.50 -42.27
10.50 -42.27
10.50 -42.27
10.68 -42.27
10.68 -42.27
10.68 -42.27
10.86 -42.27
10.86 -42.27
10.86 -42.27
11.05 -42.27
11.05 -42.27
11.05 -42.27
11.23 -42.27
11.23 -42.27
11.23 -42.27
12.14 -42.27
12.14 -42.27
12.14 -42.27
12.32 -42.27
12.32 -42.27
12.32 -42.27
12.51 -42.27
12.51 -42.27
12.51 -42.27
12.69 -42.27
12.69 -42.27
12.69 -42.27
12.87 -42.27
12.87 -42.27
12.87 -42.27
13.05 -42.27
13.05 -42.27
13.05 -42.27
8.12 -42.08
8.12 -42.08
8.12 -42.08
9.04 -42.08
9.04 -42.08
9.04 -42.08
9.22 -42.08
9.22 -42.08
9.22 -42.08
9.40 -42.08
9.40 -42.08
9.40 -42.08
9.95 -42.08
9.95 -42.08
9.95 -42.08
10.13 -42.08
10.13 -42.08
10.13 -42.08
10.32 -42.08
10.32 -42.08
10.32 -42.08
10.50 -42.08
10.50 -42.08
10.50 -42.08
10.68 -42.08
10.68 -42.08
10.68 -42.08
10.86 -42.08
10.86 -42.08
10.86 -42.08
11.05 -42.08
11.05 -42.08
11.05 -42.08
11.23 -42.08
11.23 -42.08
11.23 -42.08
12.14 -42.08
12.14 -42.08
12.14 -42.08
12.32 -42.08
12.32 -42.08
12.32 -42.08
12.51 -42.08
12.51 -42.08
12.51 -42.08
12.69 -42.08
12.69 -42.08
12.69 -42.08
12.87 -42.08
12.87 -42.08
12.87 -42.08
8.12 -41.90
8.12 -41.90
8.12 -41.90
10.13 -41.90
10.13 -41.90
10.13 -41.90
10.32 -41.90
10.32 -41.90
10.32 -41.90
10.50 -41.90
10.50 -41.90
10.50 -41.90
10.68 -41.90
10.68 -41.90
10.68 -41.90
10.86 -41.90
10.86 -41.90
10.86 -41.90
11.05 -41.90
11.05 -41.90
11.05 -41.90
11.23 -41.90
11.23 -41.90
11.23 -41.90
12.14 -41.90
12.14 -41.90
12.14 -41.90
12.32 -41.90
12.32 -41.90
12.32 -41.90
12.51 -41.90
12.51 -41.90
12.51 -41.90
13.05 -41.90
13.05 -41.90
13.05 -41.90
8.49 -41.72
8.49 -41.72
8.49 -41.72
8.67 -41.72
8.67 -41.72
8.67 -41.72
8.85 -41.72
8.85 -41.72
8.85 -41.72
9.22 -41.72
9.22 -41.72
9.22 -41.72
10.13 -41.72
10.13 -41.72
10.13 -41.72
10.32 -41.72
10.32 -41.72
10.32 -41.72
10.50 -41.72
10.50 -41.72
10.50 -41.72
10.68 -41.72
10.68 -41.72
10.68 -41.72
10.86 -41.72
10.86 -41.72
10.86 -41.72
11.05 -41.72
11.05 -41.72
11.05 -41.72
11.23 -41.72
11.23 -41.72
11.23 -41.72
12.14 -41.72
12.14 -41.72
12.14 -41.72
12.32 -41.72
12.32 -41.72
12.32 -41.72
12.51 -41.72
12.51 -41.72
12.51 -41.72
12.69 -41.72
12.69 -41.72
12.69 -41.72
12.87 -41.72
12.87 -41.72
12.87 -41.72
13.05 -41.72
13.05 -41.72
13.05 -41.72
9.77 -41.54
9.77 -41.54
9.77 -41.54
9.95 -41.54
9.95 -41.54
9.95 -41.54
10.13 -41.54
10.13 -41.54
10.13 -41.54
10.32 -41.54
10.32 -41.54
10.32 -41.54
10.50 -41.54
10.50 -41.54
10.50 -41.54
10.68 -41.54
10.68 -41.54
10.68 -41.54
10.86 -41.54
10.86 -41.54
10.86 -41.54
11.05 -41.54
11.05 -41.54
11.05 -41.54
11.23 -41.54
11.23 -41.54
11.23 -41.54
11.41 -41.54
11.41 -41.54
11.41 -41.54
11.96 -41.54
11.96 -41.54
11.96 -41.54
12.14 -41.54
12.14 -41.54
12.14 -41.54
12.32 -41.54
12.32 -41.54
12.32 -41.54
12.51 -41.54
12.51 -41.54
12.51 -41.54
12.69 -41.54
12.69 -41.54
12.69 -41.54
13.05 -41.54
13.05 -41.54
13.05 -41.54
8.12 -41.35
8.12 -41.35
8.12 -41.35
8.31 -41.35
8.31 -41.35
8.31 -41.35
8.49 -41.35
8.49 -41.35
8.49 -41.35
8.67 -41.35
8.67 -41.35
8.67 -41.35
9.22 -41.35
9.22 -41.35
9.22 -41.35
9.40 -41.35
9.40 -41.35
9.40 -41.35
9.77 -41.35
9.77 -41.35
9.77 -41.35
9.95 -41.35
9.95 -41.35
9.95 -41.35
10.13 -41.35
10.13 -41.35
10.13 -41.35
10.32 -41.35
10.32 -41.35
10.32 -41.35
10.50 -41.35
10.50 -41.35
10.50 -41.35
10.68 -41.35
10.68 -41.35
10.68 -41.35
10.86 -41.35
10.86 -41.35
10.86 -41.35
11.23 -41.35
11.23 -41.35
11.23 -41.35
11.41 -41.35
11.41 -41.35
11.41 -41.35
11.59 -41.35
11.59 -41.35
11.59 -41.35
12.87 -41.35
12.87 -41.35
12.87 -41.35
7.94 -41.17
7.94 -41.17
7.94 -41.17
8.12 -41.17
8.12 -41.17
8.12 -41.17
8.31 -41.17
8.31 -41.17
8.31 -41.17
8.49 -41.17
8.49 -41.17
8.49 -41.17
8.67 -41.17
8.67 -41.17
8.67 -41.17
8.85 -41.17
8.85 -41.17
8.85 -41.17
9.04 -41.17
9.04 -41.17
9.04 -41.17
9.22 -41.17
9.22 -41.17
9.22 -41.17
9.40 -41.17
9.40 -41.17
9.40 -41.17
9.95 -41.17
9.95 -41.17
9.95 -41.17
10.13 -41.17
10.13 -41.17
10.13 -41.17
10.32 -41.17
10.32 -41.17
10.32 -41.17
10.50 -41.17
10.50 -41.17
10.50 -41.17
10.68 -41.17
10.68 -41.17
10.68 -41.17
11.05 -41.17
11.05 -41.17
11.05 -41.17
11.23 -41.17
11.23 -41.17
11.23 -41.17
11.41 -41.17
11.41 -41.17
11.41 -41.17
11.59 -41.17
11.59 -41.17
11.59 -41.17
11.78 -41.17
11.78 -41.17
11.78 -41.17
11.96 -41.17
11.96 -41.17
11.96 -41.17
12.14 -41.17
12.14 -41.17
12.14 -41.17
9.40 -40.99
9.40 -40.99
9.40 -40.99
11.05 -40.99
11.05 -40.99
11.05 -40.99
11.23 -40.99
11.23 -40.99
11.23 -40.99
11.41 -40.99
11.41 -40.99
11.41 -40.99
11.59 -40.99
11.59 -40.99
11.59 -40.99
11.78 -40.99
11.78 -40.99
11.78 -40.99
11.96 -40.99
11.96 -40.99
11.96 -40.99
12.14 -40.99
12.14 -40.99
12.14 -40.99
9.40 -40.81
9.40 -40.81
9.40 -40.81
9.59 -40.81
9.59 -40.81
9.59 -40.81
9.77 -40.81
9.77 -40.81
9.77 -40.81
10.68 -40.81
10.68 -40.81
10.68 -40.81
10.86 -40.81
10.86 -40.81
10.86 -40.81
7.94 -40.62
7.94 -40.62
7.94 -40.62
8.12 -40.62
8.12 -40.62
8.12 -40.62
8.31 -40.62
8.31 -40.62
8.31 -40.62
8.49 -40.62
8.49 -40.62
8.49 -40.62
8.67 -40.62
8.67 -40.62
8.67 -40.62
8.85 -40.62
8.85 -40.62
8.85 -40.62
9.04 -40.62
9.04 -40.62
9.04 -40.62
9.22 -40.62
9.22 -40.62
9.22 -40.62
9.40 -40.62
9.40 -40.62
9.40 -40.62
9.59 -40.62
9.59 -40.62
9.59 -40.62
9.77 -40.62
9.77 -40.62
9.77 -40.62
9.95 -40.62
9.95 -40.62
9.95 -40.62
10.13 -40.62
10.13 -40.62
10.13 -40.62
10.32 -40.62
10.32 -40.62
10.32 -40.62
10.50 -40.62
10.50 -40.62
10.50 -40.62
10.68 -40.62
10.68 -40.62
10.68 -40.62
10.86 -40.62
10.86 -40.62
10.86 -40.62
7.94 -40.44
7.94 -40.44
7.94 -40.44
8.12 -40.44
8.12 -40.44
8.12 -40.44
8.31 -40.44
8.31 -40.44
8.31 -40.44
8.49 -40.44
8.49 -40.44
8.49 -40.44
8.67 -40.44
8.67 -40.44
8.67 -40.44
8.85 -40.44
8.85 -40.44
8.85 -40.44
9.04 -40.44
9.04 -40.44
9.04 -40.44
9.22 -40.44
9.22 -40.44
9.22 -40.44
9.40 -40.44
9.40 -40.44
9.40 -40.44
9.59 -40.44
9.59 -40.44
9.59 -40.44
9.77 -40.44
9.77 -40.44
9.77 -40.44
9.95 -40.44
9.95 -40.44
9.95 -40.44
10.13 -40.44
10.13 -40.44
10.13 -40.44
10.32 -40.44
10.32 -40.44
10.32 -40.44
10.50 -40.44
10.50 -40.44
10.50 -40.44
10.68 -40.44
10.68 -40.44
10.68 -40.44
10.86 -40.44
10.86 -40.44
10.86 -40.44
11.59 -40.44
11.59 -40.44
11.59 -40.44
11.78 -40.44
11.78 -40.44
11.78 -40.44
11.96 -40.44
11.96 -40.44
11.96 -40.44
12.14 -40.44
12.14 -40.44
12.14 -40.44
12.32 -40.44
12.32 -40.44
12.32 -40.44
7.21 -40.26
7.21 -40.26
7.21 -40.26
7.76 -40.26
7.76 -40.26
7.76 -40.26
9.95 -40.26
9.95 -40.26
9.95 -40.26
10.13 -40.26
10.13 -40.26
10.13 -40.26
10.32 -40.26
10.32 -40.26
10.32 -40.26
10.50 -40.26
10.50 -40.26
10.50 -40.26
11.59 -40.26
11.59 -40.26
11.59 -40.26
11.78 -40.26
11.78 -40.26
11.78 -40.26
11.96 -40.26
11.96 -40.26
11.96 -40.26
12.14 -40.26
12.14 -40.26
12.14 -40.26
12.32 -40.26
12.32 -40.26
12.32 -40.26
7.21 -40.08
7.21 -40.08
7.21 -40.08
7.39 -40.08
7.39 -40.08
7.39 -40.08
7.94 -40.08
7.94 -40.08
7.94 -40.08
9.22 -40.08
9.22 -40.08
9.22 -40.08
9.40 -40.08
9.40 -40.08
9.40 -40.08
9.59 -40.08
9.59 -40.08
9.59 -40.08
9.77 -40.08
9.77 -40.08
9.77 -40.08
9.95 -40.08
9.95 -40.08
9.95 -40.08
10.13 -40.08
10.13 -40.08
10.13 -40.08
10.32 -40.08
10.32 -40.08
10.32 -40.08
11.59 -40.08
11.59 -40.08
11.59 -40.08
12.32 -40.08
12.32 -40.08
12.32 -40.08
7.94 -39.89
7.94 -39.89
7.94 -39.89
12.32 -39.89
12.32 -39.89
12.32 -39.89
7.21 -39.71
7.21 -39.71
7.21 -39.71
7.39 -39.71
7.39 -39.71
7.39 -39.71
7.58 -39.71
7.58 -39.71
7.58 -39.71
11.05 -39.71
11.05 -39.71
11.05 -39.71
7.21 -39.53
7.21 -39.53
7.21 -39.53
7.39 -39.53
7.39 -39.53
7.39 -39.53
7.58 -39.53
7.58 -39.53
7.58 -39.53
7.76 -39.53
7.76 -39.53
7.76 -39.53
8.12 -39.53
8.12 -39.53
8.12 -39.53
8.31 -39.53
8.31 -39.53
8.31 -39.53
8.49 -39.53
8.49 -39.53
8.49 -39.53
8.67 -39.53
8.67 -39.53
8.67 -39.53
8.85 -39.53
8.85 -39.53
8.85 -39.53
9.04 -39.53
9.04 -39.53
9.04 -39.53
9.22 -39.53
9.22 -39.53
9.22 -39.53
9.40 -39.53
9.40 -39.53
9.40 -39.53
9.59 -39.53
9.59 -39.53
9.59 -39.53
9.77 -39.53
9.77 -39.53
9.77 -39.53
11.41 -39.53
11.41 -39.53
11.41 -39.53
11.59 -39.53
11.59 -39.53
11.59 -39.53
7.58 -39.35
7.58 -39.35
7.58 -39.35
7.76 -39.35
7.76 -39.35
7.76 -39.35
7.94 -39.35
7.94 -39.35
7.94 -39.35
8.12 -39.35
8.12 -39.35
8.12 -39.35
8.31 -39.35
8.31 -39.35
8.31 -39.35
8.49 -39.35
8.49 -39.35
8.49 -39.35
8.67 -39.35
8.67 -39.35
8.67 -39.35
8.85 -39.35
8.85 -39.35
8.85 -39.35
9.04 -39.35
9.04 -39.35
9.04 -39.35
9.22 -39.35
9.22 -39.35
9.22 -39.35
9.40 -39.35
9.40 -39.35
9.40 -39.35
9.59 -39.35
9.59 -39.35
9.59 -39.35
9.77 -39.35
9.77 -39.35
9.77 -39.35
9.95 -39.35
9.95 -39.35
9.95 -39.35
10.13 -39.35
10.13 -39.35
10.13 -39.35
10.32 -39.35
10.32 -39.35
10.32 -39.35
11.23 -39.35
11.23 -39.35
11.23 -39.35
11.41 -39.35
11.41 -39.35
11.41 -39.35
11.59 -39.35
11.59 -39.35
11.59 -39.35
11.78 -39.35
11.78 -39.35
11.78 -39.35
11.96 -39.35
11.96 -39.35
11.96 -39.35
12.14 -39.35
12.14 -39.35
12.14 -39.35
7.39 -39.16
7.39 -39.16
7.39 -39.16
7.76 -39.16
7.76 -39.16
7.76 -39.16
8.49 -39.16
8.49 -39.16
8.49 -39.16
8.67 -39.16
8.67 -39.16
8.67 -39.16
8.85 -39.16
8.85 -39.16
8.85 -39.16
9.04 -39.16
9.04 -39.16
9.04 -39.16
9.22 -39.16
9.22 -39.16
9.22 -39.16
9.77 -39.16
9.77 -39.16
9.77 -39.16
9.95 -39.16
9.95 -39.16
9.95 -39.16
10.13 -39.16
10.13 -39.16
10.13 -39.16
10.32 -39.16
10.32 -39.16
10.32 -39.16
11.23 -39.16
11.23 -39.16
11.23 -39.16
11.41 -39.16
11.41 -39.16
11.41 -39.16
11.59 -39.16
11.59 -39.16
11.59 -39.16
11.96 -39.16
11.96 -39.16
11.96 -39.16
12.14 -39.16
12.14 -39.16
12.14 -39.16
12.32 -39.16
12.32 -39.16
12.32 -39.16
7.21 -38.98
7.21 -38.98
7.21 -38.98
7.39 -38.98
7.39 -38.98
7.39 -38.98
7.76 -38.98
7.76 -38.98
7.76 -38.98
8.67 -38.98
8.67 -38.98
8.67 -38.98
8.85 -38.98
8.85 -38.98
8.85 -38.98
9.04 -38.98
9.04 -38.98
9.04 -38.98
9.22 -38.98
9.22 -38.98
9.22 -38.98
9.40 -38.98
9.40 -38.98
9.40 -38.98
9.95 -38.98
9.95 -38.98
9.95 -38.98
10.13 -38.98
10.13 -38.98
10.13 -38.98
10.32 -38.98
10.32 -38.98
10.32 -38.98
10.50 -38.98
10.50 -38.98
10.50 -38.98
11.23 -38.98
11.23 -38.98
11.23 -38.98
11.41 -38.98
11.41 -38.98
11.41 -38.98
11.78 -38.98
11.78 -38.98
11.78 -38.98
11.96 -38.98
11.96 -38.98
11.96 -38.98
12.14 -38.98
12.14 -38.98
12.14 -38.98
7.39 -38.80
7.39 -38.80
7.39 -38.80
7.76 -38.80
7.76 -38.80
7.76 -38.80
8.31 -38.80
8.31 -38.80
8.31 -38.80
8.49 -38.80
8.49 -38.80
8.49 -38.80
8.67 -38.80
8.67 -38.80
8.67 -38.80
8.85 -38.80
8.85 -38.80
8.85 -38.80
9.04 -38.80
9.04 -38.80
9.04 -38.80
9.22 -38.80
9.22 -38.80
9.22 -38.80
9.40 -38.80
9.40 -38.80
9.40 -38.80
9.59 -38.80
9.59 -38.80
9.59 -38.80
9.77 -38.80
9.77 -38.80
9.77 -38.80
9.95 -38.80
9.95 -38.80
9.95 -38.80
10.13 -38.80
10.13 -38.80
10.13 -38.80
10.32 -38.80
10.32 -38.80
10.32 -38.80
10.50 -38.80
10.50 -38.80
10.50 -38.80
10.68 -38.80
10.68 -38.80
10.68 -38.80
10.86 -38.80
10.86 -38.80
10.86 -38.80
11.05 -38.80
11.05 -38.80
11.05 -38.80
11.23 -38.80
11.23 -38.80
11.23 -38.80
11.41 -38.80
11.41 -38.80
11.41 -38.80
11.59 -38.80
11.59 -38.80
11.59 -38.80
11.78 -38.80
11.78 -38.80
11.78 -38.80
11.96 -38.80
11.96 -38.80
11.96 -38.80
7.21 -38.61
7.21 -38.61
7.21 -38.61
7.76 -38.61
7.76 -38.61
7.76 -38.61
7.94 -38.61
7.94 -38.61
7.94 -38.61
8.12 -38.61
8.12 -38.61
8.12 -38.61
8.31 -38.61
8.31 -38.61
8.31 -38.61
8.49 -38.61
8.49 -38.61
8.49 -38.61
8.67 -38.61
8.67 -38.61
8.67 -38.61
8.85 -38.61
8.85 -38.61
8.85 -38.61
9.04 -38.61
9.04 -38.61
9.04 -38.61
9.22 -38.61
9.22 -38.61
9.22 -38.61
9.40 -38.61
9.40 -38.61
9.40 -38.61
9.59 -38.61
9.59 -38.61
9.59 -38.61
9.77 -38.61
9.77 -38.61
9.77 -38.61
9.95 -38.61
9.95 -38.61
9.95 -38.61
10.13 -38.61
10.13 -38.61
10.13 -38.61
10.32 -38.61
10.32 -38.61
10.32 -38.61
10.50 -38.61
10.50 -38.61
10.50 -38.61
10.68 -38.61
10.68 -38.61
10.68 -38.61
10.86 -38.61
10.86 -38.61
10.86 -38.61
11.05 -38.61
11.05 -38.61
11.05 -38.61
11.41 -38.61
11.41 -38.61
11.41 -38.61
11.96 -38.61
11.96 -38.61
11.96 -38.61
8.12 -38.43
8.12 -38.43
8.12 -38.43
8.31 -38.43
8.31 -38.43
8.31 -38.43
8.49 -38.43
8.49 -38.43
8.49 -38.43
8.67 -38.43
8.67 -38.43
8.67 -38.43
8.85 -38.43
8.85 -38.43
8.85 -38.43
9.04 -38.43
9.04 -38.43
9.04 -38.43
11.41 -38.43
11.41 -38.43
11.41 -38.43
11.78 -38.43
11.78 -38.43
11.78 -38.43
11.96 -38.43
11.96 -38.43
11.96 -38.43
12.14 -38.43
12.14 -38.43
12.14 -38.43
7.58 -38.25
7.58 -38.25
7.58 -38.25
7.76 -38.25
7.76 -38.25
7.76 -38.25
8.12 -38.25
8.12 -38.25
8.12 -38.25
8.31 -38.25
8.31 -38.25
8.31 -38.25
8.49 -38.25
8.49 -38.25
8.49 -38.25
8.67 -38.25
8.67 -38.25
8.67 -38.25
8.85 -38.25
8.85 -38.25
8.85 -38.25
9.04 -38.25
9.04 -38.25
9.04 -38.25
9.22 -38.25
9.22 -38.25
9.22 -38.25
9.40 -38.25
9.40 -38.25
9.40 -38.25
11.05 -38.25
11.05 -38.25
11.05 -38.25
12.14 -38.25
12.14 -38.25
12.14 -38.25
7.21 -38.07
7.21 -38.07
7.21 -38.07
7.76 -38.07
7.76 -38.07
7.76 -38.07
7.94 -38.07
7.94 -38.07
7.94 -38.07
8.12 -38.07
8.12 -38.07
8.12 -38.07
8.31 -38.07
8.31 -38.07
8.31 -38.07
8.49 -38.07
8.49 -38.07
8.49 -38.07
8.67 -38.07
8.67 -38.07
8.67 -38.07
8.85 -38.07
8.85 -38.07
8.85 -38.07
9.04 -38.07
9.04 -38.07
9.04 -38.07
9.22 -38.07
9.22 -38.07
9.22 -38.07
9.40 -38.07
9.40 -38.07
9.40 -38.07
9.59 -38.07
9.59 -38.07
9.59 -38.07
9.77 -38.07
9.77 -38.07
9.77 -38.07
9.95 -38.07
9.95 -38.07
9.95 -38.07
11.59 -38.07
11.59 -38.07
11.59 -38.07
12.14 -38.07
12.14 -38.07
12.14 -38.07
7.03 -37.88
7.03 -37.88
7.03 -37.88
7.21 -37.88
7.21 -37.88
7.21 -37.88
7.76 -37.88
7.76 -37.88
7.76 -37.88
12.14 -37.88
12.14 -37.88
12.14 -37.88
6.48 -37.70
6.48 -37.70
6.48 -37.70
6.66 -37.70
6.66 -37.70
6.66 -37.70
6.85 -37.70
6.85 -37.70
6.85 -37.70
7.58 -37.70
7.58 -37.70
7.58 -37.70
10.68 -37.70
10.68 -37.70
10.68 -37.70
10.86 -37.70
10.86 -37.70
10.86 -37.70
11.05 -37.70
11.05 -37.70
11.05 -37.70
11.78 -37.70
11.78 -37.70
11.78 -37.70
6.30 -37.52
6.30 -37.52
6.30 -37.52
6.66 -37.52
6.66 -37.52
6.66 -37.52
6.85 -37.52
6.85 -37.52
6.85 -37.52
7.03 -37.52
7.03 -37.52
7.03 -37.52
7.21 -37.52
7.21 -37.52
7.21 -37.52
7.39 -37.52
7.39 -37.52
7.39 -37.52
7.94 -37.52
7.94 -37.52
7.94 -37.52
8.12 -37.52
8.12 -37.52
8.12 -37.52
8.31 -37.52
8.31 -37.52
8.31 -37.52
8.49 -37.52
8.49 -37.52
8.49 -37.52
8.67 -37.52
8.67 -37.52
8.67 -37.52
8.85 -37.52
8.85 -37.52
8.85 -37.52
9.04 -37.52
9.04 -37.52
9.04 -37.52
9.22 -37.52
9.22 -37.52
9.22 -37.52
9.40 -37.52
9.40 -37.52
9.40 -37.52
9.59 -37.52
9.59 -37.52
9.59 -37.52
9.77 -37.52
9.77 -37.52
9.77 -37.52
9.95 -37.52
9.95 -37.52
9.95 -37.52
10.13 -37.52
10.13 -37.52
10.13 -37.52
10.32 -37.52
10.32 -37.52
10.32 -37.52
11.41 -37.52
11.41 -37.52
11.41 -37.52
6.48 -37.34
6.48 -37.34
6.48 -37.34
6.85 -37.34
6.85 -37.34
6.85 -37.34
7.39 -37.34
7.39 -37.34
7.39 -37.34
7.58 -37.34
7.58 -37.34
7.58 -37.34
7.76 -37.34
7.76 -37.34
7.76 -37.34
7.94 -37.34
7.94 -37.34
7.94 -37.34
8.12 -37.34
8.12 -37.34
8.12 -37.34
8.31 -37.34
8.31 -37.34
8.31 -37.34
8.49 -37.34
8.49 -37.34
8.49 -37.34
8.67 -37.34
8.67 -37.34
8.67 -37.34
8.85 -37.34
8.85 -37.34
8.85 -37.34
9.04 -37.34
9.04 -37.34
9.04 -37.34
9.22 -37.34
9.22 -37.34
9.22 -37.34
9.59 -37.34
9.59 -37.34
9.59 -37.34
9.77 -37.34
9.77 -37.34
9.77 -37.34
9.95 -37.34
9.95 -37.34
9.95 -37.34
6.30 -37.15
6.30 -37.15
6.30 -37.15
7.03 -37.15
7.03 -37.15
7.03 -37.15
7.58 -37.15
7.58 -37.15
7.58 -37.15
7.76 -37.15
7.76 -37.15
7.76 -37.15
8.12 -37.15
8.12 -37.15
8.12 -37.15
8.31 -37.15
8.31 -37.15
8.31 -37.15
8.67 -37.15
8.67 -37.15
8.67 -37.15
9.04 -37.15
9.04 -37.15
9.04 -37.15
9.40 -37.15
9.40 -37.15
9.40 -37.15
9.77 -37.15
9.77 -37.15
9.77 -37.15
10.13 -37.15
10.13 -37.15
10.13 -37.15
6.30 -36.97
6.30 -36.97
6.30 -36.97
6.66 -36.97
6.66 -36.97
6.66 -36.97
6.85 -36.97
6.85 -36.97
6.85 -36.97
7.21 -36.97
7.21 -36.97
7.21 -36.97
7.39 -36.97
7.39 -36.97
7.39 -36.97
7.76 -36.97
7.76 -36.97
7.76 -36.97
7.94 -36.97
7.94 -36.97
7.94 -36.97
8.49 -36.97
8.49 -36.97
8.49 -36.97
8.67 -36.97
8.67 -36.97
8.67 -36.97
8.85 -36.97
8.85 -36.97
8.85 -36.97
9.22 -36.97
9.22 -36.97
9.22 -36.97
10.32 -36.97
10.32 -36.97
10.32 -36.97
10.50 -36.97
10.50 -36.97
10.50 -36.97
10.68 -36.97
10.68 -36.97
10.68 -36.97
10.86 -36.97
10.86 -36.97
10.86 -36.97
11.05 -36.97
11.05 -36.97
11.05 -36.97
11.23 -36.97
11.23 -36.97
11.23 -36.97
11.41 -36.97
11.41 -36.97
11.41 -36.97
6.48 -36.79
6.48 -36.79
6.48 -36.79
6.85 -36.79
6.85 -36.79
6.85 -36.79
7.21 -36.79
7.21 -36.79
7.21 -36.79
7.39 -36.79
7.39 -36.79
7.39 -36.79
9.40 -36.79
9.40 -36.79
9.40 -36.79
9.59 -36.79
9.59 -36.79
9.59 -36.79
9.95 -36.79
9.95 -36.79
9.95 -36.79
6.30 -36.61
6.30 -36.61
6.30 -36.61
6.66 -36.61
6.66 -36.61
6.66 -36.61
9.95 -36.61
9.95 -36.61
9.95 -36.61
10.32 -36.61
10.32 -36.61
10.32 -36.61
10.50 -36.61
10.50 -36.61
10.50 -36.61
10.68 -36.61
10.68 -36.61
10.68 -36.61
11.23 -36.61
11.23 -36.61
11.23 -36.61
11.41 -36.61
11.41 -36.61
11.41 -36.61
5.75 -36.42
5.75 -36.42
5.75 -36.42
5.93 -36.42
5.93 -36.42
5.93 -36.42
9.40 -36.42
9.40 -36.42
9.40 -36.42
9.59 -36.42
9.59 -36.42
9.59 -36.42
9.95 -36.42
9.95 -36.42
9.95 -36.42
5.57 -36.24
5.57 -36.24
5.57 -36.24
6.30 -36.24
6.30 -36.24
6.30 -36.24
6.48 -36.24
6.48 -36.24
6.48 -36.24
6.66 -36.24
6.66 -36.24
6.66 -36.24
6.85 -36.24
6.85 -36.24
6.85 -36.24
9.59 -36.24
9.59 -36.24
9.59 -36.24
9.95 -36.24
9.95 -36.24
9.95 -36.24
10.13 -36.24
10.13 -36.24
10.13 -36.24
5.93 -36.06
5.93 -36.06
5.93 -36.06
6.48 -36.06
6.48 -36.06
6.48 -36.06
6.85 -36.06
6.85 -36.06
6.85 -36.06
8.49 -36.06
8.49 -36.06
8.49 -36.06
8.85 -36.06
8.85 -36.06
8.85 -36.06
9.40 -36.06
9.40 -36.06
9.40 -36.06
10.13 -36.06
10.13 -36.06
10.13 -36.06
10.32 -36.06
10.32 -36.06
10.32 -36.06
10.50 -36.06
10.50 -36.06
10.50 -36.06
10.68 -36.06
10.68 -36.06
10.68 -36.06
4.66 -35.88
4.66 -35.88
4.66 -35.88
5.39 -35.88
5.39 -35.88
5.39 -35.88
5.93 -35.88
5.93 -35.88
5.93 -35.88
6.12 -35.88
6.12 -35.88
6.12 -35.88
6.48 -35.88
6.48 -35.88
6.48 -35.88
6.66 -35.88
6.66 -35.88
6.66 -35.88
8.49 -35.88
8.49 -35.88
8.49 -35.88
9.04 -35.88
9.04 -35.88
9.04 -35.88
9.22 -35.88
9.22 -35.88
9.22 -35.88
9.59 -35.88
9.59 -35.88
9.59 -35.88
5.02 -35.69
5.02 -35.69
5.02 -35.69
5.39 -35.69
5.39 -35.69
5.39 -35.69
5.57 -35.69
5.57 -35.69
5.57 -35.69
5.75 -35.69
5.75 -35.69
5.75 -35.69
5.93 -35.69
5.93 -35.69
5.93 -35.69
9.04 -35.69
9.04 -35.69
9.04 -35.69
9.40 -35.69
9.40 -35.69
9.40 -35.69
9.95 -35.69
9.95 -35.69
9.95 -35.69
5.20 -35.51
5.20 -35.51
5.20 -35.51
6.12 -35.51
6.12 -35.51
6.12 -35.51
6.30 -35.51
6.30 -35.51
6.30 -35.51
6.48 -35.51
6.48 -35.51
6.48 -35.51
8.67 -35.51
8.67 -35.51
8.67 -35.51
8.85 -35.51
8.85 -35.51
8.85 -35.51
9.04 -35.51
9.04 -35.51
9.04 -35.51
9.40 -35.51
9.40 -35.51
9.40 -35.51
9.59 -35.51
9.59 -35.51
9.59 -35.51
4.84 -35.33
4.84 -35.33
4.84 -35.33
5.57 -35.33
5.57 -35.33
5.57 -35.33
5.75 -35.33
5.75 -35.33
5.75 -35.33
5.93 -35.33
5.93 -35.33
5.93 -35.33
8.49 -35.33
8.49 -35.33
8.49 -35.33
9.04 -35.33
9.04 -35.33
9.04 -35.33
9.40 -35.33
9.40 -35.33
9.40 -35.33
4.66 -35.15
4.66 -35.15
4.66 -35.15
9.04 -35.15
9.04 -35.15
9.04 -35.15
9.22 -35.15
9.22 -35.15
9.22 -35.15
9.59 -35.15
9.59 -35.15
9.59 -35.15
3.93 -34.96
3.93 -34.96
3.93 -34.96
5.02 -34.96
5.02 -34.96
5.02 -34.96
5.39 -34.96
5.39 -34.96
5.39 -34.96
5.57 -34.96
5.57 -34.96
5.57 -34.96
5.75 -34.96
5.75 -34.96
5.75 -34.96
6.12 -34.96
6.12 -34.96
6.12 -34.96
7.94 -34.96
7.94 -34.96
7.94 -34.96
8.31 -34.96
8.31 -34.96
8.31 -34.96
9.40 -34.96
9.40 -34.96
9.40 -34.96
9.77 -34.96
9.77 -34.96
9.77 -34.96
3.93 -34.78
3.93 -34.78
3.93 -34.78
4.29 -34.78
4.29 -34.78
4.29 -34.78
4.47 -34.78
4.47 -34.78
4.47 -34.78
4.84 -34.78
4.84 -34.78
4.84 -34.78
5.20 -34.78
5.20 -34.78
5.20 -34.78
5.57 -34.78
5.57 -34.78
5.57 -34.78
6.12 -34.78
6.12 -34.78
6.12 -34.78
8.12 -34.78
8.12 -34.78
8.12 -34.78
8.67 -34.78
8.67 -34.78
8.67 -34.78
8.85 -34.78
8.85 -34.78
8.85 -34.78
9.77 -34.78
9.77 -34.78
9.77 -34.78
3.93 -34.60
3.93 -34.60
3.93 -34.60
4.11 -34.60
4.11 -34.60
4.11 -34.60
4.29 -34.60
4.29 -34.60
4.29 -34.60
5.02 -34.60
5.02 -34.60
5.02 -34.60
5.20 -34.60
5.20 -34.60
5.20 -34.60
5.39 -34.60
5.39 -34.60
5.39 -34.60
7.94 -34.60
7.94 -34.60
7.94 -34.60
8.31 -34.60
8.31 -34.60
8.31 -34.60
8.49 -34.60
8.49 -34.60
8.49 -34.60
9.22 -34.60
9.22 -34.60
9.22 -34.60
9.40 -34.60
9.40 -34.60
9.40 -34.60
9.59 -34.60
9.59 -34.60
9.59 -34.60
9.77 -34.60
9.77 -34.60
9.77 -34.60
4.29 -34.42
4.29 -34.42
4.29 -34.42
4.47 -34.42
4.47 -34.42
4.47 -34.42
4.66 -34.42
4.66 -34.42
4.66 -34.42
4.84 -34.42
4.84 -34.42
4.84 -34.42
5.02 -34.42
5.02 -34.42
5.02 -34.42
7.76 -34.42
7.76 -34.42
7.76 -34.42
9.04 -34.42
9.04 -34.42
9.04 -34.42
9.22 -34.42
9.22 -34.42
9.22 -34.42
9.77 -34.42
9.77 -34.42
9.77 -34.42
4.11 -34.23
4.11 -34.23
4.11 -34.23
4.29 -34.23
4.29 -34.23
4.29 -34.23
4.47 -34.23
4.47 -34.23
4.47 -34.23
4.84 -34.23
4.84 -34.23
4.84 -34.23
5.02 -34.23
5.02 -34.23
5.02 -34.23
5.20 -34.23
5.20 -34.23
5.20 -34.23
7.76 -34.23
7.76 -34.23
7.76 -34.23
8.49 -34.23
8.49 -34.23
8.49 -34.23
8.67 -34.23
8.67 -34.23
8.67 -34.23
9.22 -34.23
9.22 -34.23
9.22 -34.23
9.59 -34.23
9.59 -34.23
9.59 -34.23
9.77 -34.23
9.77 -34.23
9.77 -34.23
3.93 -34.05
3.93 -34.05
3.93 -34.05
4.47 -34.05
4.47 -34.05
4.47 -34.05
4.66 -34.05
4.66 -34.05
4.66 -34.05
7.76 -34.05
7.76 -34.05
7.76 -34.05
8.12 -34.05
8.12 -34.05
8.12 -34.05
9.22 -34.05
9.22 -34.05
9.22 -34.05
9.40 -34.05
9.40 -34.05
9.40 -34.05
9.59 -34.05
9.59 -34.05
9.59 -34.05
4.66 -33.87
4.66 -33.87
4.66 -33.87
5.20 -33.87
5.20 -33.87
5.20 -33.87
7.94 -33.87
7.94 -33.87
7.94 -33.87
8.85 -33.87
8.85 -33.87
8.85 -33.87
9.04 -33.87
9.04 -33.87
9.04 -33.87
9.40 -33.87
9.40 -33.87
9.40 -33.87
9.59 -33.87
9.59 -33.87
9.59 -33.87
7.94 -33.69
7.94 -33.69
7.94 -33.69
8.49 -33.69
8.49 -33.69
8.49 -33.69
9.04 -33.69
9.04 -33.69
9.04 -33.69
9.77 -33.69
9.77 -33.69
9.77 -33.69
7.76 -33.50
7.76 -33.50
7.76 -33.50
8.12 -33.50
8.12 -33.50
8.12 -33.50
8.31 -33.50
8.31 -33.50
8.31 -33.50
8.49 -33.50
8.49 -33.50
8.49 -33.50
8.67 -33.50
8.67 -33.50
8.67 -33.50
9.77 -33.50
9.77 -33.50
9.77 -33.50
7.76 -33.32
7.76 -33.32
7.76 -33.32
7.94 -33.32
7.94 -33.32
7.94 -33.32
8.67 -33.32
8.67 -33.32
8.67 -33.32
8.85 -33.32
8.85 -33.32
8.85 -33.32
9.40 -33.32
9.40 -33.32
9.40 -33.32
9.77 -33.32
9.77 -33.32
9.77 -33.32
8.85 -33.14
8.85 -33.14
8.85 -33.14
9.40 -33.14
9.40 -33.14
9.40 -33.14
9.59 -33.14
9.59 -33.14
9.59 -33.14
9.77 -33.14
9.77 -33.14
9.77 -33.14
8.49 -32.96
8.49 -32.96
8.49 -32.96
8.85 -32.96
8.85 -32.96
8.85 -32.96
9.22 -32.96
9.22 -32.96
9.22 -32.96
9.59 -32.96
9.59 -32.96
9.59 -32.96
8.67 -32.77
8.67 -32.77
8.67 -32.77
8.85 -32.77
8.85 -32.77
8.85 -32.77
9.22 -32.77
9.22 -32.77
9.22 -32.77
9.77 -32.77
9.77 -32.77
9.77 -32.77
9.22 -32.59
9.22 -32.59
9.22 -32.59
9.40 -32.59
9.40 -32.59
9.40 -32.59
9.59 -32.59
9.59 -32.59
9.59 -32.59
9.77 -32.59
9.77 -32.59
9.77 -32.59
9.40 -32.41
9.40 -32.41
9.40 -32.41
9.59 -32.41
9.59 -32.41
9.59 -32.41
9.04 -32.22
9.04 -32.22
9.04 -32.22
9.40 -32.22
9.40 -32.22
9.40 -32.22
9.59 -32.22
9.59 -32.22
9.59 -32.22
9.77 -32.22
9.77 -32.22
9.77 -32.22
9.22 -32.04
9.22 -32.04
9.22 -32.04
9.77 -32.04
9.77 -32.04
9.77 -32.04
8.49 -31.86
8.49 -31.86
8.49 -31.86
8.67 -31.86
8.67 -31.86
8.67 -31.86
9.22 -31.86
9.22 -31.86
9.22 -31.86
9.40 -31.86
9.40 -31.86
9.40 -31.86
9.59 -31.86
9.59 -31.86
9.59 -31.86
8.67 -31.68
8.67 -31.68
8.67 -31.68
9.04 -31.68
9.04 -31.68
9.04 -31.68
9.22 -31.68
9.22 -31.68
9.22 -31.68
9.59 -31.68
9.59 -31.68
9.59 -31.68
8.31 -31.49
8.31 -31.49
8.31 -31.49
8.49 -31.49
8.49 -31.49
8.49 -31.49
8.67 -31.49
8.67 -31.49
8.67 -31.49
8.85 -31.49
8.85 -31.49
8.85 -31.49
9.04 -31.49
9.04 -31.49
9.04 -31.49
9.40 -31.49
9.40 -31.49
9.40 -31.49
9.59 -31.49
9.59 -31.49
9.59 -31.49
9.77 -31.49
9.77 -31.49
9.77 -31.49
8.31 -31.31
8.31 -31.31
8.31 -31.31
9.40 -31.31
9.40 -31.31
9.40 -31.31
9.77 -31.31
9.77 -31.31
9.77 -31.31
-1.37 -31.13
-1.37 -31.13
-1.37 -31.13
-1.00 -31.13
-1.00 -31.13
-1.00 -31.13
9.04 -31.13
9.04 -31.13
9.04 -31.13
9.59 -31.13
9.59 -31.13
9.59 -31.13
-1.19 -30.95
-1.19 -30.95
-1.19 -30.95
-1.00 -30.95
-1.00 -30.95
-1.00 -30.95
9.40 -30.95
9.40 -30.95
9.40 -30.95
9.59 -30.95
9.59 -30.95
9.59 -30.95
9.77 -30.95
9.77 -30.95
9.77 -30.95
-1.73 -30.76
-1.73 -30.76
-1.73 -30.76
-1.55 -30.76
-1.55 -30.76
-1.55 -30.76
-1.37 -30.76
-1.37 -30.76
-1.37 -30.76
-2.28 -30.58
-2.28 -30.58
-2.28 -30.58
-2.10 -30.58
-2.10 -30.58
-2.10 -30.58
-2.46 -30.40
-2.46 -30.40
-2.46 -30.40
-2.10 -30.40
-2.10 -30.40
-2.10 -30.40
-1.92 -30.40
-1.92 -30.40
-1.92 -30.40
-2.46 -30.22
-2.46 -30.22
-2.46 -30.22
-1.92 -30.22
-1.92 -30.22
-1.92 -30.22
-2.10 -30.03
-2.10 -30.03
-2.10 -30.03
-2.10 -29.85
-2.10 -29.85
-2.10 -29.85
-1.92 -29.85
-1.92 -29.85
-1.92 -29.85
-3.38 -29.30
-3.38 -29.30
-3.38 -29.30
-2.65 -29.30
-2.65 -29.30
-2.65 -29.30
-3.38 -29.12
-3.38 -29.12
-3.38 -29.12
-3.01 -29.12
-3.01 -29.12
-3.01 -29.12
-2.83 -29.12
-2.83 -29.12
-2.83 -29.12
-2.65 -29.12
-2.65 -29.12
-2.65 -29.12
-3.38 -28.94
-3.38 -28.94
-3.38 -28.94
-3.20 -28.94
-3.20 -28.94
-3.20 -28.94
-2.83 -28.94
-2.83 -28.94
-2.83 -28.94
-2.65 -28.94
-2.65 -28.94
-2.65 -28.94
-3.38 -28.76
-3.38 -28.76
-3.38 -28.76
-3.20 -28.76
-3.20 -28.76
-3.20 -28.76
-2.65 -28.76
-2.65 -28.76
-2.65 -28.76
-3.01 -28.57
-3.01 -28.57
-3.01 -28.57
-2.65 -28.57
-2.65 -28.57
-2.65 -28.57
-3.38 -28.39
-3.38 -28.39
-3.38 -28.39
-3.20 -28.39
-3.20 -28.39
-3.20 -28.39
-3.38 -28.21
-3.38 -28.21
-3.38 -28.21
-3.20 -28.21
-3.20 -28.21
-3.20 -28.21
-3.01 -28.21
-3.01 -28.21
-3.01 -28.21
-2.83 -28.21
-2.83 -28.21
-2.83 -28.21
-3.01 -28.03
-3.01 -28.03
-3.01 -28.03
-2.83 -28.03
-2.83 -28.03
-2.83 -28.03
-3.38 -27.84
-3.38 -27.84
-3.38 -27.84
-3.20 -27.84
-3.20 -27.84
-3.20 -27.84
-3.01 -27.84
-3.01 -27.84
-3.01 -27.84
-3.38 -27.66
-3.38 -27.66
-3.38 -27.66
-3.20 -27.66
-3.20 -27.66
-3.20 -27.66
-3.01 -27.66
-3.01 -27.66
-3.01 -27.66
-3.01 -27.48
-3.01 -27.48
-3.01 -27.48
-2.83 -27.48
-2.83 -27.48
-2.83 -27.48
-3.38 -27.30
-3.38 -27.30
-3.38 -27.30
-3.20 -27.30
-3.20 -27.30
-3.20 -27.30
-3.01 -27.30
-3.01 -27.30
-3.01 -27.30
-3.38 -27.11
-3.38 -27.11
-3.38 -27.11
-3.01 -27.11
-3.01 -27.11
-3.01 -27.11
-1.19 -25.10
-1.19 -25.10
-1.19 -25.10
-1.00 -25.10
-1.00 -25.10
-1.00 -25.10
-0.09 -25.10
-0.09 -25.10
-0.09 -25.10
0.27 -25.10
0.27 -25.10
0.27 -25.10
-1.19 -24.92
-1.19 -24.92
-1.19 -24.92
-1.00 -24.92
-1.00 -24.92
-1.00 -24.92
-0.82 -24.92
-0.82 -24.92
-0.82 -24.92
-0.64 -24.92
-0.64 -24.92
-0.64 -24.92
-0.46 -24.92
-0.46 -24.92
-0.46 -24.92
-0.09 -24.92
-0.09 -24.92
-0.09 -24.92
0.09 -24.92
0.09 -24.92
0.09 -24.92
0.27 -24.92
0.27 -24.92
0.27 -24.92
-1.19 -24.74
-1.19 -24.74
-1.19 -24.74
-1.00 -24.74
-1.00 -24.74
-1.00 -24.74
-0.46 -24.74
-0.46 -24.74
-0.46 -24.74
0.09 -24.56
0.09 -24.56
0.09 -24.56
0.27 -24.56
0.27 -24.56
0.27 -24.56
-1.19 -24.37
-1.19 -24.37
-1.19 -24.37
-0.82 -24.37
-0.82 -24.37
-0.82 -24.37
-0.64 -24.37
-0.64 -24.37
-0.64 -24.37
0.09 -24.37
0.09 -24.37
0.09 -24.37
-1.19 -24.19
-1.19 -24.19
-1.19 -24.19
-1.00 -24.19
-1.00 -24.19
-1.00 -24.19
-0.82 -24.19
-0.82 -24.19
-0.82 -24.19
-0.64 -24.19
-0.64 -24.19
-0.64 -24.19
-0.27 -24.19
-0.27 -24.19
-0.27 -24.19
-0.09 -24.19
-0.09 -24.19
-0.09 -24.19
0.27 -24.19
0.27 -24.19
0.27 -24.19
-1.19 -24.01
-1.19 -24.01
-1.19 -24.01
-0.82 -24.01
-0.82 -24.01
-0.82 -24.01
-0.46 -24.01
-0.46 -24.01
-0.46 -24.01
0.09 -24.01
0.09 -24.01
0.09 -24.01
0.27 -24.01
0.27 -24.01
0.27 -24.01
-1.19 -23.83
-1.19 -23.83
-1.19 -23.83
-0.82 -23.83
-0.82 -23.83
-0.82 -23.83
-0.46 -23.83
-0.46 -23.83
-0.46 -23.83
-0.27 -23.83
-0.27 -23.83
-0.27 -23.83
-0.09 -23.83
-0.09 -23.83
-0.09 -23.83
0.09 -23.83
0.09 -23.83
0.09 -23.83
-1.00 -23.46
-1.00 -23.46
-1.00 -23.46
-0.64 -23.46
-0.64 -23.46
-0.64 -23.46
-0.46 -23.46
-0.46 -23.46
-0.46 -23.46
-0.27 -23.46
-0.27 -23.46
-0.27 -23.46
-0.09 -23.46
-0.09 -23.46
-0.09 -23.46
0.09 -23.46
0.09 -23.46
0.09 -23.46
-1.19 -23.28
-1.19 -23.28
-1.19 -23.28
-0.82 -23.28
-0.82 -23.28
-0.82 -23.28
-0.64 -23.28
-0.64 -23.28
-0.64 -23.28
-0.09 -23.28
-0.09 -23.28
-0.09 -23.28
-0.46 -23.10
-0.46 -23.10
-0.46 -23.10
-0.27 -23.10
-0.27 -23.10
-0.27 -23.10
0.09 -23.10
0.09 -23.10
0.09 -23.10
-0.46 -22.91
-0.46 -22.91
-0.46 -22.91
-0.27 -22.91
-0.27 -22.91
-0.27 -22.91
-0.46 -22.73
-0.46 -22.73
-0.46 -22.73
-0.09 -22.73
-0.09 -22.73
-0.09 -22.73
0.09 -22.73
0.09 -22.73
0.09 -22.73
-0.27 -22.55
-0.27 -22.55
-0.27 -22.55
0.09 -22.55
0.09 -22.55
0.09 -22.55
0.27 -22.55
0.27 -22.55
0.27 -22.55
0.82 -22.55
0.82 -22.55
0.82 -22.55
-0.27 -22.37
-0.27 -22.37
-0.27 -22.37
0.27 -22.37
0.27 -22.37
0.27 -22.37
-0.46 -22.18
-0.46 -22.18
-0.46 -22.18
-0.27 -22.18
-0.27 -22.18
-0.27 -22.18
0.27 -22.18
0.27 -22.18
0.27 -22.18
0.82 -22.00
0.82 -22.00
0.82 -22.00
-0.46 -21.64
-0.46 -21.64
-0.46 -21.64
-0.09 -21.64
-0.09 -21.64
-0.09 -21.64
0.82 -21.64
0.82 -21.64
0.82 -21.64
-0.46 -21.45
-0.46 -21.45
-0.46 -21.45
-0.09 -21.45
-0.09 -21.45
-0.09 -21.45
0.46 -21.45
0.46 -21.45
0.46 -21.45
1.00 -21.45
1.00 -21.45
1.00 -21.45
1.37 -21.45
1.37 -21.45
1.37 -21.45
1.73 -21.45
1.73 -21.45
1.73 -21.45
-0.46 -21.27
-0.46 -21.27
-0.46 -21.27
-0.09 -21.27
-0.09 -21.27
-0.09 -21.27
0.46 -21.27
0.46 -21.27
0.46 -21.27
0.82 -21.27
0.82 -21.27
0.82 -21.27
1.00 -21.27
1.00 -21.27
1.00 -21.27
1.37 -21.27
1.37 -21.27
1.37 -21.27
1.55 -21.27
1.55 -21.27
1.55 -21.27
0.82 -21.09
0.82 -21.09
0.82 -21.09
1.19 -21.09
1.19 -21.09
1.19 -21.09
1.55 -21.09
1.55 -21.09
1.55 -21.09
1.00 -20.91
1.00 -20.91
1.00 -20.91
1.19 -20.91
1.19 -20.91
1.19 -20.91
1.37 -20.91
1.37 -20.91
1.37 -20.91
1.19 -20.72
1.19 -20.72
1.19 -20.72
1.55 -20.72
1.55 -20.72
1.55 -20.72
0.27 -20.54
0.27 -20.54
0.27 -20.54
0.82 -20.54
0.82 -20.54
0.82 -20.54
-0.27 -20.36
-0.27 -20.36
-0.27 -20.36
-0.09 -20.36
-0.09 -20.36
-0.09 -20.36
0.09 -20.36
0.09 -20.36
0.09 -20.36
0.27 -20.36
0.27 -20.36
0.27 -20.36
0.46 -20.36
0.46 -20.36
0.46 -20.36
0.64 -20.36
0.64 -20.36
0.64 -20.36
0.82 -20.36
0.82 -20.36
0.82 -20.36
-0.64 -20.17
-0.64 -20.17
-0.64 -20.17
-0.46 -20.17
-0.46 -20.17
-0.46 -20.17
-0.27 -20.17
-0.27 -20.17
-0.27 -20.17
-0.09 -20.17
-0.09 -20.17
-0.09 -20.17
0.09 -20.17
0.09 -20.17
0.09 -20.17
0.27 -20.17
0.27 -20.17
0.27 -20.17
0.46 -20.17
0.46 -20.17
0.46 -20.17
0.64 -20.17
0.64 -20.17
0.64 -20.17
0.82 -20.17
0.82 -20.17
0.82 -20.17
-0.64 -19.99
-0.64 -19.99
-0.64 -19.99
-0.46 -19.99
-0.46 -19.99
-0.46 -19.99
-0.27 -19.99
-0.27 -19.99
-0.27 -19.99
-0.09 -19.99
-0.09 -19.99
-0.09 -19.99
0.09 -19.99
0.09 -19.99
0.09 -19.99
0.27 -19.99
0.27 -19.99
0.27 -19.99
0.46 -19.99
0.46 -19.99
0.46 -19.99
-0.64 -19.81
-0.64 -19.81
-0.64 -19.81
-0.46 -19.81
-0.46 -19.81
-0.46 -19.81
-0.27 -19.81
-0.27 -19.81
-0.27 -19.81
-0.09 -19.81
-0.09 -19.81
-0.09 -19.81
0.09 -19.81
0.09 -19.81
0.09 -19.81
0.27 -19.81
0.27 -19.81
0.27 -19.81
0.09 -19.63
0.09 -19.63
0.09 -19.63
-13.60 6.85
-13.60 6.85
-13.60 6.85
-13.42 6.85
-13.42 6.85
-13.42 6.85
-15.98 7.94
-15.98 7.94
-15.98 7.94
-11.23 7.94
-11.23 7.94
-11.23 7.94
-10.86 7.94
-10.86 7.94
-10.86 7.94
-16.52 8.12
-16.52 8.12
-16.52 8.12
-11.59 8.12
-11.59 8.12
-11.59 8.12
-11.41 8.12
-11.41 8.12
-11.41 8.12
-16.16 8.31
-16.16 8.31
-16.16 8.31
-16.71 8.49
-16.71 8.49
-16.71 8.49
-16.52 8.49
-16.52 8.49
-16.52 8.49
-16.34 8.49
-16.34 8.49
-16.34 8.49
-16.16 8.49
-16.16 8.49
-16.16 8.49
-16.16 8.67
-16.16 8.67
-16.16 8.67
-15.25 9.04
-15.25 9.04
-15.25 9.04
-15.79 9.22
-15.79 9.22
-15.79 9.22
-15.61 9.22
-15.61 9.22
-15.61 9.22
-15.43 9.22
-15.43 9.22
-15.43 9.22
-14.51 9.22
-14.51 9.22
-14.51 9.22
-14.88 9.40
-14.88 9.40
-14.88 9.40
-14.51 9.40
-14.51 9.40
-14.51 9.40
-14.88 9.59
-14.88 9.59
-14.88 9.59
-14.70 9.59
-14.70 9.59
-14.70 9.59
-14.51 9.59
-14.51 9.59
-14.51 9.59
-15.06 9.77
-15.06 9.77
-15.06 9.77
-14.88 9.77
-14.88 9.77
-14.88 9.77
-14.51 9.77
-14.51 9.77
-14.51 9.77
-14.33 9.77
-14.33 9.77
-14.33 9.77
-14.70 9.95
-14.70 9.95
-14.70 9.95
-14.51 9.95
-14.51 9.95
-14.51 9.95
-14.33 9.95
-14.33 9.95
-14.33 9.95
-14.88 10.13
-14.88 10.13
-14.88 10.13
-14.70 10.13
-14.70 10.13
-14.70 10.13
-7.39 10.50
-7.39 10.50
-7.39 10.50
-7.21 10.50
-7.21 10.50
-7.21 10.50
-7.58 10.68
-7.58 10.68
-7.58 10.68
-7.39 10.68
-7.39 10.68
-7.39 10.68
-11.59 11.05
-11.59 11.05
-11.59 11.05
-11.41 11.05
-11.41 11.05
-11.41 11.05
-11.05 11.05
-11.05 11.05
-11.05 11.05
-11.78 11.23
-11.78 11.23
-11.78 11.23
-11.59 11.23
-11.59 11.23
-11.59 11.23
-11.05 11.23
-11.05 11.23
-11.05 11.23
-11.78 11.59
-11.78 11.59
-11.78 11.59
-11.59 11.59
-11.59 11.59
-11.59 11.59
-4.66 11.59
-4.66 11.59
-4.66 11.59
-11.59 11.78
-11.59 11.78
-11.59 11.78
-11.05 11.78
-11.05 11.78
-11.05 11.78
-10.86 11.78
-10.86 11.78
-10.86 11.78
-10.68 11.78
-10.68 11.78
-10.68 11.78
-5.20 11.78
-5.20 11.78
-5.20 11.78
-5.02 11.78
-5.02 11.78
-5.02 11.78
-4.84 11.78
-4.84 11.78
-4.84 11.78
-4.66 11.78
-4.66 11.78
-4.66 11.78
-10.50 11.96
-10.50 11.96
-10.50 11.96
-4.84 11.96
-4.84 11.96
-4.84 11.96
-10.68 12.14
-10.68 12.14
-10.68 12.14
-10.50 12.14
-10.50 12.14
-10.50 12.14
-5.20 12.14
-5.20 12.14
-5.20 12.14
-5.02 12.14
-5.02 12.14
-5.02 12.14
-10.86 12.32
-10.86 12.32
-10.86 12.32
-10.68 12.32
-10.68 12.32
-10.68 12.32
-10.32 12.32
-10.32 12.32
-10.32 12.32
-11.05 12.51
-11.05 12.51
-11.05 12.51
-10.86 12.51
-10.86 12.51
-10.86 12.51
-10.32 12.51
-10.32 12.51
-10.32 12.51
-11.05 12.69
-11.05 12.69
-11.05 12.69
-9.77 12.69
-9.77 12.69
-9.77 12.69
-9.95 12.87
-9.95 12.87
-9.95 12.87
-5.39 12.87
-5.39 12.87
-5.39 12.87
-4.29 13.05
-4.29 13.05
-4.29 13.05
-3.93 13.05
-3.93 13.05
-3.93 13.05
-3.38 13.05
-3.38 13.05
-3.38 13.05
-3.20 13.05
-3.20 13.05
-3.20 13.05
-3.01 13.05
-3.01 13.05
-3.01 13.05
-4.11 13.24
-4.11 13.24
-4.11 13.24
-8.67 13.42
-8.67 13.42
-8.67 13.42
-3.74 13.42
-3.74 13.42
-3.74 13.42
-3.56 13.42
-3.56 13.42
-3.56 13.42
-3.38 13.42
-3.38 13.42
-3.38 13.42
-3.20 13.42
-3.20 13.42
-3.20 13.42
-3.01 13.42
-3.01 13.42
-3.01 13.42
-3.38 13.60
-3.38 13.60
-3.38 13.60
-3.74 13.78
-3.74 13.78
-3.74 13.78
-3.56 13.78
-3.56 13.78
-3.56 13.78
-3.38 13.78
-3.38 13.78
-3.38 13.78
-3.01 13.78
-3.01 13.78
-3.01 13.78
-2.46 13.78
-2.46 13.78
-2.46 13.78
-2.28 13.78
-2.28 13.78
-2.28 13.78
-8.67 13.97
-8.67 13.97
-8.67 13.97
-8.49 13.97
-8.49 13.97
-8.49 13.97
-8.31 13.97
-8.31 13.97
-8.31 13.97
-8.12 13.97
-8.12 13.97
-8.12 13.97
-3.74 13.97
-3.74 13.97
-3.74 13.97
-3.38 13.97
-3.38 13.97
-3.38 13.97
-3.20 13.97
-3.20 13.97
-3.20 13.97
-2.83 13.97
-2.83 13.97
-2.83 13.97
-8.67 14.15
-8.67 14.15
-8.67 14.15
-8.31 14.15
-8.31 14.15
-8.31 14.15
-7.94 14.15
-7.94 14.15
-7.94 14.15
-7.58 14.15
-7.58 14.15
-7.58 14.15
-7.39 14.15
-7.39 14.15
-7.39 14.15
-7.21 14.15
-7.21 14.15
-7.21 14.15
-3.01 14.15
-3.01 14.15
-3.01 14.15
-2.65 14.15
-2.65 14.15
-2.65 14.15
-2.46 14.15
-2.46 14.15
-2.46 14.15
-2.28 14.15
-2.28 14.15
-2.28 14.15
-8.67 14.33
-8.67 14.33
-8.67 14.33
-8.31 14.33
-8.31 14.33
-8.31 14.33
-8.12 14.33
-8.12 14.33
-8.12 14.33
-7.94 14.33
-7.94 14.33
-7.94 14.33
-7.58 14.33
-7.58 14.33
-7.58 14.33
-3.01 14.33
-3.01 14.33
-3.01 14.33
-1.73 14.33
-1.73 14.33
-1.73 14.33
-1.55 14.33
-1.55 14.33
-1.55 14.33
-7.76 14.51
-7.76 14.51
-7.76 14.51
-7.58 14.51
-7.58 14.51
-7.58 14.51
-7.39 14.51
-7.39 14.51
-7.39 14.51
-7.03 14.51
-7.03 14.51
-7.03 14.51
-2.10 14.51
-2.10 14.51
-2.10 14.51
-1.92 14.51
-1.92 14.51
-1.92 14.51
-1.73 14.51
-1.73 14.51
-1.73 14.51
-1.37 14.51
-1.37 14.51
-1.37 14.51
-1.19 14.51
-1.19 14.51
-1.19 14.51
-1.00 14.51
-1.00 14.51
-1.00 14.51
-0.82 14.51
-0.82 14.51
-0.82 14.51
-0.64 14.51
-0.64 14.51
-0.64 14.51
-7.39 14.70
-7.39 14.70
-7.39 14.70
-6.66 14.70
-6.66 14.70
-6.66 14.70
-6.48 14.70
-6.48 14.70
-6.48 14.70
-6.30 14.70
-6.30 14.70
-6.30 14.70
-1.92 14.70
-1.92 14.70
-1.92 14.70
-1.73 14.70
-1.73 14.70
-1.73 14.70
-0.82 14.70
-0.82 14.70
-0.82 14.70
-7.76 14.88
-7.76 14.88
-7.76 14.88
-7.39 14.88
-7.39 14.88
-7.39 14.88
-6.85 14.88
-6.85 14.88
-6.85 14.88
-6.66 14.88
-6.66 14.88
-6.66 14.88
-6.30 14.88
-6.30 14.88
-6.30 14.88
-2.10 14.88
-2.10 14.88
-2.10 14.88
-1.92 14.88
-1.92 14.88
-1.92 14.88
-1.73 14.88
-1.73 14.88
-1.73 14.88
-1.55 14.88
-1.55 14.88
-1.55 14.88
-1.37 14.88
-1.37 14.88
-1.37 14.88
-1.19 14.88
-1.19 14.88
-1.19 14.88
-6.85 15.06
-6.85 15.06
-6.85 15.06
-2.10 15.06
-2.10 15.06
-2.10 15.06
-1.55 15.06
-1.55 15.06
-1.55 15.06
-1.37 15.06
-1.37 15.06
-1.37 15.06
-1.19 15.06
-1.19 15.06
-1.19 15.06
-1.00 15.06
-1.00 15.06
-1.00 15.06
-7.58 15.25
-7.58 15.25
-7.58 15.25
-7.39 15.25
-7.39 15.25
-7.39 15.25
-7.03 15.25
-7.03 15.25
-7.03 15.25
-6.30 15.25
-6.30 15.25
-6.30 15.25
-1.19 15.25
-1.19 15.25
-1.19 15.25
-0.64 15.25
-0.64 15.25
-0.64 15.25
-0.27 15.25
-0.27 15.25
-0.27 15.25
-0.09 15.25
-0.09 15.25
-0.09 15.25
-6.85 15.43
-6.85 15.43
-6.85 15.43
-6.66 15.43
-6.66 15.43
-6.66 15.43
-6.48 15.43
-6.48 15.43
-6.48 15.43
-6.12 15.43
-6.12 15.43
-6.12 15.43
-5.93 15.43
-5.93 15.43
-5.93 15.43
-5.57 15.43
-5.57 15.43
-5.57 15.43
-0.27 15.43
-0.27 15.43
-0.27 15.43
-0.09 15.43
-0.09 15.43
-0.09 15.43
0.09 15.43
0.09 15.43
0.09 15.43
-7.03 15.61
-7.03 15.61
-7.03 15.61
-6.85 15.61
-6.85 15.61
-6.85 15.61
-6.30 15.61
-6.30 15.61
-6.30 15.61
-5.93 15.61
-5.93 15.61
-5.93 15.61
-5.75 15.61
-5.75 15.61
-5.75 15.61
-5.39 15.61
-5.39 15.61
-5.39 15.61
-5.20 15.61
-5.20 15.61
-5.20 15.61
-1.19 15.61
-1.19 15.61
-1.19 15.61
0.09 15.61
0.09 15.61
0.09 15.61
-7.03 15.79
-7.03 15.79
-7.03 15.79
-6.30 15.79
-6.30 15.79
-6.30 15.79
-5.93 15.79
-5.93 15.79
-5.93 15.79
-5.75 15.79
-5.75 15.79
-5.75 15.79
-5.39 15.79
-5.39 15.79
-5.39 15.79
-5.02 15.79
-5.02 15.79
-5.02 15.79
-1.19 15.79
-1.19 15.79
-1.19 15.79
-0.46 15.79
-0.46 15.79
-0.46 15.79
0.09 15.79
0.09 15.79
0.09 15.79
0.46 15.79
0.46 15.79
0.46 15.79
0.64 15.79
0.64 15.79
0.64 15.79
0.82 15.79
0.82 15.79
0.82 15.79
-6.12 15.98
-6.12 15.98
-6.12 15.98
-5.39 15.98
-5.39 15.98
-5.39 15.98
-5.20 15.98
-5.20 15.98
-5.20 15.98
-4.84 15.98
-4.84 15.98
-4.84 15.98
-0.82 15.98
-0.82 15.98
-0.82 15.98
-0.46 15.98
-0.46 15.98
-0.46 15.98
0.09 15.98
0.09 15.98
0.09 15.98
0.27 15.98
0.27 15.98
0.27 15.98
0.82 15.98
0.82 15.98
0.82 15.98
-5.39 16.16
-5.39 16.16
-5.39 16.16
-5.02 16.16
-5.02 16.16
-5.02 16.16
-4.47 16.16
-4.47 16.16
-4.47 16.16
-3.93 16.16
-3.93 16.16
-3.93 16.16
-1.19 16.16
-1.19 16.16
-1.19 16.16
-1.00 16.16
-1.00 16.16
-1.00 16.16
-0.27 16.16
-0.27 16.16
-0.27 16.16
0.09 16.16
0.09 16.16
0.09 16.16
0.27 16.16
0.27 16.16
0.27 16.16
0.46 16.16
0.46 16.16
0.46 16.16
0.64 16.16
0.64 16.16
0.64 16.16
0.82 16.16
0.82 16.16
0.82 16.16
-5.39 16.34
-5.39 16.34
-5.39 16.34
-4.66 16.34
-4.66 16.34
-4.66 16.34
-4.11 16.34
-4.11 16.34
-4.11 16.34
-0.27 16.34
-0.27 16.34
-0.27 16.34
-0.09 16.34
-0.09 16.34
-0.09 16.34
0.09 16.34
0.09 16.34
0.09 16.34
0.27 16.34
0.27 16.34
0.27 16.34
-5.02 16.52
-5.02 16.52
-5.02 16.52
-4.29 16.52
-4.29 16.52
-4.29 16.52
-4.11 16.52
-4.11 16.52
-4.11 16.52
-0.64 16.52
-0.64 16.52
-0.64 16.52
-0.27 16.52
-0.27 16.52
-0.27 16.52
0.27 16.52
0.27 16.52
0.27 16.52
0.82 16.52
0.82 16.52
0.82 16.52
1.19 16.52
1.19 16.52
1.19 16.52
1.55 16.52
1.55 16.52
1.55 16.52
-5.39 16.71
-5.39 16.71
-5.39 16.71
-3.93 16.71
-3.93 16.71
-3.93 16.71
-3.20 16.71
-3.20 16.71
-3.20 16.71
-0.27 16.71
-0.27 16.71
-0.27 16.71
-0.09 16.71
-0.09 16.71
-0.09 16.71
0.27 16.71
0.27 16.71
0.27 16.71
0.64 16.71
0.64 16.71
0.64 16.71
1.19 16.71
1.19 16.71
1.19 16.71
-4.66 16.89
-4.66 16.89
-4.66 16.89
-4.29 16.89
-4.29 16.89
-4.29 16.89
-4.11 16.89
-4.11 16.89
-4.11 16.89
-3.74 16.89
-3.74 16.89
-3.74 16.89
-0.27 16.89
-0.27 16.89
-0.27 16.89
0.64 16.89
0.64 16.89
0.64 16.89
0.82 16.89
0.82 16.89
0.82 16.89
1.00 16.89
1.00 16.89
1.00 16.89
1.37 16.89
1.37 16.89
1.37 16.89
1.55 16.89
1.55 16.89
1.55 16.89
-4.66 17.07
-4.66 17.07
-4.66 17.07
-4.47 17.07
-4.47 17.07
-4.47 17.07
-3.38 17.07
-3.38 17.07
-3.38 17.07
-3.20 17.07
-3.20 17.07
-3.20 17.07
-2.65 17.07
-2.65 17.07
-2.65 17.07
-0.64 17.07
-0.64 17.07
-0.64 17.07
-0.46 17.07
-0.46 17.07
-0.46 17.07
0.27 17.07
0.27 17.07
0.27 17.07
0.46 17.07
0.46 17.07
0.46 17.07
0.64 17.07
0.64 17.07
0.64 17.07
0.82 17.07
0.82 17.07
0.82 17.07
1.37 17.07
1.37 17.07
1.37 17.07
1.55 17.07
1.55 17.07
1.55 17.07
-3.20 17.25
-3.20 17.25
-3.20 17.25
-3.01 17.25
-3.01 17.25
-3.01 17.25
-2.83 17.25
-2.83 17.25
-2.83 17.25
-0.46 17.25
-0.46 17.25
-0.46 17.25
-0.09 17.25
-0.09 17.25
-0.09 17.25
0.09 17.25
0.09 17.25
0.09 17.25
0.64 17.25
0.64 17.25
0.64 17.25
1.00 17.25
1.00 17.25
1.00 17.25
1.19 17.25
1.19 17.25
1.19 17.25
-3.93 17.44
-3.93 17.44
-3.93 17.44
-3.56 17.44
-3.56 17.44
-3.56 17.44
-3.38 17.44
-3.38 17.44
-3.38 17.44
-3.20 17.44
-3.20 17.44
-3.20 17.44
-2.83 17.44
-2.83 17.44
-2.83 17.44
-2.65 17.44
-2.65 17.44
-2.65 17.44
0.27 17.44
0.27 17.44
0.27 17.44
1.00 17.44
1.00 17.44
1.00 17.44
1.19 17.44
1.19 17.44
1.19 17.44
1.55 17.44
1.55 17.44
1.55 17.44
-3.74 17.62
-3.74 17.62
-3.74 17.62
-3.20 17.62
-3.20 17.62
-3.20 17.62
-2.46 17.62
-2.46 17.62
-2.46 17.62
0.82 17.62
0.82 17.62
0.82 17.62
1.19 17.62
1.19 17.62
1.19 17.62
-3.01 17.80
-3.01 17.80
-3.01 17.80
-2.83 17.80
-2.83 17.80
-2.83 17.80
-2.46 17.80
-2.46 17.80
-2.46 17.80
-1.92 17.80
-1.92 17.80
-1.92 17.80
-1.73 17.80
-1.73 17.80
-1.73 17.80
1.19 17.80
1.19 17.80
1.19 17.80
1.37 17.80
1.37 17.80
1.37 17.80
2.28 17.80
2.28 17.80
2.28 17.80
-2.46 17.98
-2.46 17.98
-2.46 17.98
-1.92 17.98
-1.92 17.98
-1.92 17.98
1.92 17.98
1.92 17.98
1.92 17.98
2.10 17.98
2.10 17.98
2.10 17.98
-2.65 18.17
-2.65 18.17
-2.65 18.17
-2.10 18.17
-2.10 18.17
-2.10 18.17
-1.73 18.17
-1.73 18.17
-1.73 18.17
1.37 18.17
1.37 18.17
1.37 18.17
1.55 18.17
1.55 18.17
1.55 18.17
1.73 18.17
1.73 18.17
1.73 18.17
1.92 18.17
1.92 18.17
1.92 18.17
2.10 18.17
2.10 18.17
2.10 18.17
2.46 18.17
2.46 18.17
2.46 18.17
3.01 18.17
3.01 18.17
3.01 18.17
-3.01 18.35
-3.01 18.35
-3.01 18.35
-2.65 18.35
-2.65 18.35
-2.65 18.35
-2.10 18.35
-2.10 18.35
-2.10 18.35
-1.73 18.35
-1.73 18.35
-1.73 18.35
0.82 18.35
0.82 18.35
0.82 18.35
1.37 18.35
1.37 18.35
1.37 18.35
1.55 18.35
1.55 18.35
1.55 18.35
1.73 18.35
1.73 18.35
1.73 18.35
1.92 18.35
1.92 18.35
1.92 18.35
2.46 18.35
2.46 18.35
2.46 18.35
-2.83 18.53
-2.83 18.53
-2.83 18.53
-2.65 18.53
-2.65 18.53
-2.65 18.53
-2.28 18.53
-2.28 18.53
-2.28 18.53
-2.10 18.53
-2.10 18.53
-2.10 18.53
-1.92 18.53
-1.92 18.53
-1.92 18.53
-1.73 18.53
-1.73 18.53
-1.73 18.53
0.82 18.53
0.82 18.53
0.82 18.53
1.00 18.53
1.00 18.53
1.00 18.53
1.19 18.53
1.19 18.53
1.19 18.53
1.37 18.53
1.37 18.53
1.37 18.53
1.55 18.53
1.55 18.53
1.55 18.53
2.10 18.53
2.10 18.53
2.10 18.53
2.83 18.53
2.83 18.53
2.83 18.53
3.01 18.53
3.01 18.53
3.01 18.53
-3.20 18.71
-3.20 18.71
-3.20 18.71
-3.01 18.71
-3.01 18.71
-3.01 18.71
-2.83 18.71
-2.83 18.71
-2.83 18.71
-2.28 18.71
-2.28 18.71
-2.28 18.71
-2.10 18.71
-2.10 18.71
-2.10 18.71
-1.73 18.71
-1.73 18.71
-1.73 18.71
-1.55 18.71
-1.55 18.71
-1.55 18.71
-1.37 18.71
-1.37 18.71
-1.37 18.71
-1.19 18.71
-1.19 18.71
-1.19 18.71
1.73 18.71
1.73 18.71
1.73 18.71
1.92 18.71
1.92 18.71
1.92 18.71
2.65 18.71
2.65 18.71
2.65 18.71
2.83 18.71
2.83 18.71
2.83 18.71
-2.65 18.90
-2.65 18.90
-2.65 18.90
-2.46 18.90
-2.46 18.90
-2.46 18.90
-2.10 18.90
-2.10 18.90
-2.10 18.90
-1.19 18.90
-1.19 18.90
-1.19 18.90
2.28 18.90
2.28 18.90
2.28 18.90
2.46 18.90
2.46 18.90
2.46 18.90
3.01 18.90
3.01 18.90
3.01 18.90
3.38 18.90
3.38 18.90
3.38 18.90
3.56 18.90
3.56 18.90
3.56 18.90
-2.46 19.08
-2.46 19.08
-2.46 19.08
-2.28 19.08
-2.28 19.08
-2.28 19.08
-1.92 19.08
-1.92 19.08
-1.92 19.08
-1.73 19.08
-1.73 19.08
-1.73 19.08
-1.55 19.08
-1.55 19.08
-1.55 19.08
-1.19 19.08
-1.19 19.08
-1.19 19.08
-1.00 19.08
-1.00 19.08
-1.00 19.08
2.10 19.08
2.10 19.08
2.10 19.08
2.28 19.08
2.28 19.08
2.28 19.08
2.46 19.08
2.46 19.08
2.46 19.08
2.83 19.08
2.83 19.08
2.83 19.08
3.01 19.08
3.01 19.08
3.01 19.08
3.20 19.08
3.20 19.08
3.20 19.08
3.74 19.08
3.74 19.08
3.74 19.08
-2.28 19.26
-2.28 19.26
-2.28 19.26
-2.10 19.26
-2.10 19.26
-2.10 19.26
-1.92 19.26
-1.92 19.26
-1.92 19.26
-1.37 19.26
-1.37 19.26
-1.37 19.26
-1.19 19.26
-1.19 19.26
-1.19 19.26
1.92 19.26
1.92 19.26
1.92 19.26
2.10 19.26
2.10 19.26
2.10 19.26
2.46 19.26
2.46 19.26
2.46 19.26
2.65 19.26
2.65 19.26
2.65 19.26
2.83 19.26
2.83 19.26
2.83 19.26
3.56 19.26
3.56 19.26
3.56 19.26
-2.46 19.44
-2.46 19.44
-2.46 19.44
-1.92 19.44
-1.92 19.44
-1.92 19.44
-1.73 19.44
-1.73 19.44
-1.73 19.44
-1.55 19.44
-1.55 19.44
-1.55 19.44
1.55 19.44
1.55 19.44
1.55 19.44
1.73 19.44
1.73 19.44
1.73 19.44
3.01 19.44
3.01 19.44
3.01 19.44
3.20 19.44
3.20 19.44
3.20 19.44
3.38 19.44
3.38 19.44
3.38 19.44
3.74 19.44
3.74 19.44
3.74 19.44
-1.92 19.63
-1.92 19.63
-1.92 19.63
-1.55 19.63
-1.55 19.63
-1.55 19.63
-1.19 19.63
-1.19 19.63
-1.19 19.63
-1.00 19.63
-1.00 19.63
-1.00 19.63
-0.09 19.63
-0.09 19.63
-0.09 19.63
1.55 19.63
1.55 19.63
1.55 19.63
1.73 19.63
1.73 19.63
1.73 19.63
2.10 19.63
2.10 19.63
2.10 19.63
3.01 19.63
3.01 19.63
3.01 19.63
3.20 19.63
3.20 19.63
3.20 19.63
3.56 19.63
3.56 19.63
3.56 19.63
-2.46 19.81
-2.46 19.81
-2.46 19.81
-2.28 19.81
-2.28 19.81
-2.28 19.81
-2.10 19.81
-2.10 19.81
-2.10 19.81
-1.92 19.81
-1.92 19.81
-1.92 19.81
-1.55 19.81
-1.55 19.81
-1.55 19.81
-1.00 19.81
-1.00 19.81
-1.00 19.81
-0.64 19.81
-0.64 19.81
-0.64 19.81
-0.27 19.81
-0.27 19.81
-0.27 19.81
-0.09 19.81
-0.09 19.81
-0.09 19.81
1.55 19.81
1.55 19.81
1.55 19.81
2.10 19.81
2.10 19.81
2.10 19.81
2.46 19.81
2.46 19.81
2.46 19.81
2.65 19.81
2.65 19.81
2.65 19.81
2.83 19.81
2.83 19.81
2.83 19.81
3.01 19.81
3.01 19.81
3.01 19.81
3.20 19.81
3.20 19.81
3.20 19.81
3.38 19.81
3.38 19.81
3.38 19.81
3.56 19.81
3.56 19.81
3.56 19.81
3.74 19.81
3.74 19.81
3.74 19.81
-1.55 19.99
-1.55 19.99
-1.55 19.99
-1.00 19.99
-1.00 19.99
-1.00 19.99
-0.82 19.99
-0.82 19.99
-0.82 19.99
-0.46 19.99
-0.46 19.99
-0.46 19.99
-0.27 19.99
-0.27 19.99
-0.27 19.99
2.28 19.99
2.28 19.99
2.28 19.99
2.46 19.99
2.46 19.99
2.46 19.99
2.83 19.99
2.83 19.99
2.83 19.99
3.01 19.99
3.01 19.99
3.01 19.99
3.20 19.99
3.20 19.99
3.20 19.99
4.29 19.99
4.29 19.99
4.29 19.99
-1.55 20.17
-1.55 20.17
-1.55 20.17
-1.37 20.17
-1.37 20.17
-1.37 20.17
-1.19 20.17
-1.19 20.17
-1.19 20.17
-0.82 20.17
-0.82 20.17
-0.82 20.17
-0.64 20.17
-0.64 20.17
-0.64 20.17
-0.46 20.17
-0.46 20.17
-0.46 20.17
-0.27 20.17
-0.27 20.17
-0.27 20.17
2.28 20.17
2.28 20.17
2.28 20.17
2.65 20.17
2.65 20.17
2.65 20.17
2.83 20.17
2.83 20.17
2.83 20.17
3.01 20.17
3.01 20.17
3.01 20.17
3.38 20.17
3.38 20.17
3.38 20.17
3.56 20.17
3.56 20.17
3.56 20.17
3.74 20.17
3.74 20.17
3.74 20.17
3.93 20.17
3.93 20.17
3.93 20.17
-1.55 20.36
-1.55 20.36
-1.55 20.36
-0.82 20.36
-0.82 20.36
-0.82 20.36
-0.64 20.36
-0.64 20.36
-0.64 20.36
2.28 20.36
2.28 20.36
2.28 20.36
2.46 20.36
2.46 20.36
2.46 20.36
2.65 20.36
2.65 20.36
2.65 20.36
3.93 20.36
3.93 20.36
3.93 20.36
4.11 20.36
4.11 20.36
4.11 20.36
-1.37 20.54
-1.37 20.54
-1.37 20.54
-1.19 20.54
-1.19 20.54
-1.19 20.54
-1.00 20.54
-1.00 20.54
-1.00 20.54
-0.46 20.54
-0.46 20.54
-0.46 20.54
-0.27 20.54
-0.27 20.54
-0.27 20.54
-0.09 20.54
-0.09 20.54
-0.09 20.54
0.27 20.54
0.27 20.54
0.27 20.54
0.46 20.54
0.46 20.54
0.46 20.54
0.64 20.54
0.64 20.54
0.64 20.54
2.28 20.54
2.28 20.54
2.28 20.54
2.46 20.54
2.46 20.54
2.46 20.54
3.01 20.54
3.01 20.54
3.01 20.54
3.20 20.54
3.20 20.54
3.20 20.54
3.38 20.54
3.38 20.54
3.38 20.54
4.29 20.54
4.29 20.54
4.29 20.54
4.47 20.54
4.47 20.54
4.47 20.54
-1.55 20.72
-1.55 20.72
-1.55 20.72
-1.37 20.72
-1.37 20.72
-1.37 20.72
-0.64 20.72
-0.64 20.72
-0.64 20.72
-0.46 20.72
-0.46 20.72
-0.46 20.72
-0.27 20.72
-0.27 20.72
-0.27 20.72
0.27 20.72
0.27 20.72
0.27 20.72
0.46 20.72
0.46 20.72
0.46 20.72
2.46 20.72
2.46 20.72
2.46 20.72
2.65 20.72
2.65 20.72
2.65 20.72
3.74 20.72
3.74 20.72
3.74 20.72
3.93 20.72
3.93 20.72
3.93 20.72
4.47 20.72
4.47 20.72
4.47 20.72
-1.55 20.91
-1.55 20.91
-1.55 20.91
-1.00 20.91
-1.00 20.91
-1.00 20.91
-0.82 20.91
-0.82 20.91
-0.82 20.91
-0.09 20.91
-0.09 20.91
-0.09 20.91
0.09 20.91
0.09 20.91
0.09 20.91
1.55 20.91
1.55 20.91
1.55 20.91
1.92 20.91
1.92 20.91
1.92 20.91
2.10 20.91
2.10 20.91
2.10 20.91
2.28 20.91
2.28 20.91
2.28 20.91
2.83 20.91
2.83 20.91
2.83 20.91
3.01 20.91
3.01 20.91
3.01 20.91
3.20 20.91
3.20 20.91
3.20 20.91
3.38 20.91
3.38 20.91
3.38 20.91
3.56 20.91
3.56 20.91
3.56 20.91
3.74 20.91
3.74 20.91
3.74 20.91
3.93 20.91
3.93 20.91
3.93 20.91
-0.46 21.09
-0.46 21.09
-0.46 21.09
0.27 21.09
0.27 21.09
0.27 21.09
0.46 21.09
0.46 21.09
0.46 21.09
0.82 21.09
0.82 21.09
0.82 21.09
1.19 21.09
1.19 21.09
1.19 21.09
1.37 21.09
1.37 21.09
1.37 21.09
1.73 21.09
1.73 21.09
1.73 21.09
1.92 21.09
1.92 21.09
1.92 21.09
3.20 21.09
3.20 21.09
3.20 21.09
3.74 21.09
3.74 21.09
3.74 21.09
3.93 21.09
3.93 21.09
3.93 21.09
4.11 21.09
4.11 21.09
4.11 21.09
4.29 21.09
4.29 21.09
4.29 21.09
0.64 21.27
0.64 21.27
0.64 21.27
0.82 21.27
0.82 21.27
0.82 21.27
1.19 21.27
1.19 21.27
1.19 21.27
1.37 21.27
1.37 21.27
1.37 21.27
3.20 21.27
3.20 21.27
3.20 21.27
3.93 21.27
3.93 21.27
3.93 21.27
4.11 21.27
4.11 21.27
4.11 21.27
4.29 21.27
4.29 21.27
4.29 21.27
4.47 21.27
4.47 21.27
4.47 21.27
4.66 21.27
4.66 21.27
4.66 21.27
4.84 21.27
4.84 21.27
4.84 21.27
5.02 21.27
5.02 21.27
5.02 21.27
5.20 21.27
5.20 21.27
5.20 21.27
-0.82 21.45
-0.82 21.45
-0.82 21.45
1.00 21.45
1.00 21.45
1.00 21.45
3.56 21.45
3.56 21.45
3.56 21.45
3.74 21.45
3.74 21.45
3.74 21.45
3.93 21.45
3.93 21.45
3.93 21.45
4.11 21.45
4.11 21.45
4.11 21.45
4.29 21.45
4.29 21.45
4.29 21.45
4.47 21.45
4.47 21.45
4.47 21.45
4.66 21.45
4.66 21.45
4.66 21.45
1.37 21.64
1.37 21.64
1.37 21.64
3.01 21.64
3.01 21.64
3.01 21.64
3.20 21.64
3.20 21.64
3.20 21.64
3.74 21.64
3.74 21.64
3.74 21.64
3.93 21.64
3.93 21.64
3.93 21.64
4.11 21.64
4.11 21.64
4.11 21.64
4.29 21.64
4.29 21.64
4.29 21.64
-0.46 21.82
-0.46 21.82
-0.46 21.82
-0.27 21.82
-0.27 21.82
-0.27 21.82
-0.09 21.82
-0.09 21.82
-0.09 21.82
1.19 21.82
1.19 21.82
1.19 21.82
5.20 21.82
5.20 21.82
5.20 21.82
-0.64 22.00
-0.64 22.00
-0.64 22.00
-0.46 22.00
-0.46 22.00
-0.46 22.00
-0.27 22.00
-0.27 22.00
-0.27 22.00
-0.09 22.00
-0.09 22.00
-0.09 22.00
1.19 22.00
1.19 22.00
1.19 22.00
1.37 22.00
1.37 22.00
1.37 22.00
3.01 22.00
3.01 22.00
3.01 22.00
3.38 22.00
3.38 22.00
3.38 22.00
3.56 22.00
3.56 22.00
3.56 22.00
-0.82 22.18
-0.82 22.18
-0.82 22.18
-0.64 22.18
-0.64 22.18
-0.64 22.18
-0.46 22.18
-0.46 22.18
-0.46 22.18
-0.27 22.18
-0.27 22.18
-0.27 22.18
-0.09 22.18
-0.09 22.18
-0.09 22.18
0.09 22.18
0.09 22.18
0.09 22.18
0.27 22.18
0.27 22.18
0.27 22.18
0.46 22.18
0.46 22.18
0.46 22.18
0.64 22.18
0.64 22.18
0.64 22.18
0.82 22.18
0.82 22.18
0.82 22.18
1.00 22.18
1.00 22.18
1.00 22.18
3.01 22.18
3.01 22.18
3.01 22.18
3.74 22.18
3.74 22.18
3.74 22.18
3.93 22.18
3.93 22.18
3.93 22.18
4.11 22.18
4.11 22.18
4.11 22.18
-0.82 22.37
-0.82 22.37
-0.82 22.37
-0.64 22.37
-0.64 22.37
-0.64 22.37
-0.46 22.37
-0.46 22.37
-0.46 22.37
-0.27 22.37
-0.27 22.37
-0.27 22.37
-0.09 22.37
-0.09 22.37
-0.09 22.37
0.09 22.37
0.09 22.37
0.09 22.37
0.27 22.37
0.27 22.37
0.27 22.37
0.46 22.37
0.46 22.37
0.46 22.37
0.64 22.37
0.64 22.37
0.64 22.37
1.00 22.37
1.00 22.37
1.00 22.37
1.19 22.37
1.19 22.37
1.19 22.37
3.38 22.37
3.38 22.37
3.38 22.37
3.56 22.37
3.56 22.37
3.56 22.37
3.74 22.37
3.74 22.37
3.74 22.37
3.93 22.37
3.93 22.37
3.93 22.37
4.11 22.37
4.11 22.37
4.11 22.37
5.20 22.37
5.20 22.37
5.20 22.37
-1.00 22.55
-1.00 22.55
-1.00 22.55
-0.82 22.55
-0.82 22.55
-0.82 22.55
0.09 22.55
0.09 22.55
0.09 22.55
0.27 22.55
0.27 22.55
0.27 22.55
0.82 22.55
0.82 22.55
0.82 22.55
2.46 22.55
2.46 22.55
2.46 22.55
3.38 22.55
3.38 22.55
3.38 22.55
4.84 22.55
4.84 22.55
4.84 22.55
5.02 22.55
5.02 22.55
5.02 22.55
-0.09 22.73
-0.09 22.73
-0.09 22.73
0.27 22.73
0.27 22.73
0.27 22.73
2.46 22.73
2.46 22.73
2.46 22.73
2.65 22.73
2.65 22.73
2.65 22.73
2.83 22.73
2.83 22.73
2.83 22.73
3.01 22.73
3.01 22.73
3.01 22.73
4.11 22.73
4.11 22.73
4.11 22.73
4.29 22.73
4.29 22.73
4.29 22.73
4.47 22.73
4.47 22.73
4.47 22.73
4.66 22.73
4.66 22.73
4.66 22.73
4.84 22.73
4.84 22.73
4.84 22.73
5.02 22.73
5.02 22.73
5.02 22.73
5.20 22.73
5.20 22.73
5.20 22.73
0.27 22.91
0.27 22.91
0.27 22.91
1.37 22.91
1.37 22.91
1.37 22.91
1.55 22.91
1.55 22.91
1.55 22.91
1.73 22.91
1.73 22.91
1.73 22.91
1.92 22.91
1.92 22.91
1.92 22.91
2.10 22.91
2.10 22.91
2.10 22.91
3.56 22.91
3.56 22.91
3.56 22.91
3.74 22.91
3.74 22.91
3.74 22.91
3.93 22.91
3.93 22.91
3.93 22.91
4.11 22.91
4.11 22.91
4.11 22.91
4.29 22.91
4.29 22.91
4.29 22.91
4.47 22.91
4.47 22.91
4.47 22.91
5.93 22.91
5.93 22.91
5.93 22.91
0.09 23.10
0.09 23.10
0.09 23.10
0.27 23.10
0.27 23.10
0.27 23.10
0.64 23.10
0.64 23.10
0.64 23.10
0.82 23.10
0.82 23.10
0.82 23.10
1.00 23.10
1.00 23.10
1.00 23.10
1.19 23.10
1.19 23.10
1.19 23.10
1.37 23.10
1.37 23.10
1.37 23.10
1.55 23.10
1.55 23.10
1.55 23.10
1.73 23.10
1.73 23.10
1.73 23.10
1.92 23.10
1.92 23.10
1.92 23.10
2.10 23.10
2.10 23.10
2.10 23.10
2.28 23.10
2.28 23.10
2.28 23.10
3.56 23.10
3.56 23.10
3.56 23.10
4.29 23.10
4.29 23.10
4.29 23.10
4.47 23.10
4.47 23.10
4.47 23.10
-0.09 23.28
-0.09 23.28
-0.09 23.28
0.09 23.28
0.09 23.28
0.09 23.28
0.27 23.28
0.27 23.28
0.27 23.28
0.64 23.28
0.64 23.28
0.64 23.28
0.82 23.28
0.82 23.28
0.82 23.28
1.00 23.28
1.00 23.28
1.00 23.28
1.19 23.28
1.19 23.28
1.19 23.28
1.37 23.28
1.37 23.28
1.37 23.28
1.55 23.28
1.55 23.28
1.55 23.28
1.73 23.28
1.73 23.28
1.73 23.28
1.92 23.28
1.92 23.28
1.92 23.28
2.10 23.28
2.10 23.28
2.10 23.28
2.28 23.28
2.28 23.28
2.28 23.28
2.46 23.28
2.46 23.28
2.46 23.28
4.29 23.28
4.29 23.28
4.29 23.28
4.47 23.28
4.47 23.28
4.47 23.28
4.66 23.28
4.66 23.28
4.66 23.28
4.84 23.28
4.84 23.28
4.84 23.28
5.02 23.28
5.02 23.28
5.02 23.28
5.57 23.28
5.57 23.28
5.57 23.28
0.82 23.46
0.82 23.46
0.82 23.46
1.00 23.46
1.00 23.46
1.00 23.46
2.28 23.46
2.28 23.46
2.28 23.46
2.46 23.46
2.46 23.46
2.46 23.46
4.11 23.46
4.11 23.46
4.11 23.46
4.29 23.46
4.29 23.46
4.29 23.46
4.47 23.46
4.47 23.46
4.47 23.46
5.75 23.46
5.75 23.46
5.75 23.46
5.93 23.46
5.93 23.46
5.93 23.46
0.64 23.64
0.64 23.64
0.64 23.64
2.65 23.64
2.65 23.64
2.65 23.64
2.83 23.64
2.83 23.64
2.83 23.64
3.01 23.64
3.01 23.64
3.01 23.64
3.20 23.64
3.20 23.64
3.20 23.64
4.29 23.64
4.29 23.64
4.29 23.64
0.82 23.83
0.82 23.83
0.82 23.83
1.00 23.83
1.00 23.83
1.00 23.83
2.46 23.83
2.46 23.83
2.46 23.83
2.65 23.83
2.65 23.83
2.65 23.83
2.83 23.83
2.83 23.83
2.83 23.83
3.01 23.83
3.01 23.83
3.01 23.83
4.47 23.83
4.47 23.83
4.47 23.83
4.66 23.83
4.66 23.83
4.66 23.83
4.84 23.83
4.84 23.83
4.84 23.83
5.02 23.83
5.02 23.83
5.02 23.83
5.39 23.83
5.39 23.83
5.39 23.83
5.57 23.83
5.57 23.83
5.57 23.83
5.75 23.83
5.75 23.83
5.75 23.83
0.64 24.01
0.64 24.01
0.64 24.01
0.82 24.01
0.82 24.01
0.82 24.01
1.00 24.01
1.00 24.01
1.00 24.01
1.19 24.01
1.19 24.01
1.19 24.01
1.92 24.01
1.92 24.01
1.92 24.01
2.10 24.01
2.10 24.01
2.10 24.01
2.28 24.01
2.28 24.01
2.28 24.01
2.46 24.01
2.46 24.01
2.46 24.01
2.65 24.01
2.65 24.01
2.65 24.01
2.83 24.01
2.83 24.01
2.83 24.01
4.29 24.01
4.29 24.01
4.29 24.01
4.47 24.01
4.47 24.01
4.47 24.01
4.66 24.01
4.66 24.01
4.66 24.01
4.84 24.01
4.84 24.01
4.84 24.01
5.02 24.01
5.02 24.01
5.02 24.01
5.39 24.01
5.39 24.01
5.39 24.01
6.48 24.01
6.48 24.01
6.48 24.01
0.64 24.19
0.64 24.19
0.64 24.19
0.82 24.19
0.82 24.19
0.82 24.19
2.10 24.19
2.10 24.19
2.10 24.19
3.01 24.19
3.01 24.19
3.01 24.19
3.93 24.19
3.93 24.19
3.93 24.19
4.29 24.19
4.29 24.19
4.29 24.19
4.47 24.19
4.47 24.19
4.47 24.19
4.66 24.19
4.66 24.19
4.66 24.19
5.02 24.19
5.02 24.19
5.02 24.19
5.20 24.19
5.20 24.19
5.20 24.19
6.30 24.19
6.30 24.19
6.30 24.19
6.48 24.19
6.48 24.19
6.48 24.19
6.66 24.19
6.66 24.19
6.66 24.19
0.82 24.37
0.82 24.37
0.82 24.37
1.00 24.37
1.00 24.37
1.00 24.37
1.73 24.37
1.73 24.37
1.73 24.37
2.65 24.37
2.65 24.37
2.65 24.37
3.38 24.37
3.38 24.37
3.38 24.37
4.66 24.37
4.66 24.37
4.66 24.37
5.93 24.37
5.93 24.37
5.93 24.37
6.12 24.37
6.12 24.37
6.12 24.37
6.30 24.37
6.30 24.37
6.30 24.37
6.48 24.37
6.48 24.37
6.48 24.37
6.66 24.37
6.66 24.37
6.66 24.37
0.64 24.56
0.64 24.56
0.64 24.56
1.37 24.56
1.37 24.56
1.37 24.56
1.55 24.56
1.55 24.56
1.55 24.56
2.28 24.56
2.28 24.56
2.28 24.56
2.83 24.56
2.83 24.56
2.83 24.56
4.47 24.56
4.47 24.56
4.47 24.56
5.02 24.56
5.02 24.56
5.02 24.56
5.57 24.56
5.57 24.56
5.57 24.56
5.75 24.56
5.75 24.56
5.75 24.56
5.93 24.56
5.93 24.56
5.93 24.56
6.12 24.56
6.12 24.56
6.12 24.56
6.30 24.56
6.30 24.56
6.30 24.56
6.48 24.56
6.48 24.56
6.48 24.56
6.66 24.56
6.66 24.56
6.66 24.56
1.55 24.74
1.55 24.74
1.55 24.74
2.10 24.74
2.10 24.74
2.10 24.74
2.46 24.74
2.46 24.74
2.46 24.74
2.65 24.74
2.65 24.74
2.65 24.74
2.83 24.74
2.83 24.74
2.83 24.74
4.84 24.74
4.84 24.74
4.84 24.74
5.20 24.74
5.20 24.74
5.20 24.74
5.39 24.74
5.39 24.74
5.39 24.74
5.57 24.74
5.57 24.74
5.57 24.74
5.75 24.74
5.75 24.74
5.75 24.74
5.93 24.74
5.93 24.74
5.93 24.74
6.12 24.74
6.12 24.74
6.12 24.74
1.37 24.92
1.37 24.92
1.37 24.92
1.55 24.92
1.55 24.92
1.55 24.92
2.28 24.92
2.28 24.92
2.28 24.92
2.46 24.92
2.46 24.92
2.46 24.92
2.83 24.92
2.83 24.92
2.83 24.92
4.47 24.92
4.47 24.92
4.47 24.92
4.66 24.92
4.66 24.92
4.66 24.92
4.84 24.92
4.84 24.92
4.84 24.92
5.02 24.92
5.02 24.92
5.02 24.92
5.20 24.92
5.20 24.92
5.20 24.92
5.39 24.92
5.39 24.92
5.39 24.92
5.57 24.92
5.57 24.92
5.57 24.92
1.92 25.10
1.92 25.10
1.92 25.10
2.46 25.10
2.46 25.10
2.46 25.10
4.84 25.10
4.84 25.10
4.84 25.10
5.02 25.10
5.02 25.10
5.02 25.10
6.12 25.10
6.12 25.10
6.12 25.10
6.30 25.10
6.30 25.10
6.30 25.10
6.48 25.10
6.48 25.10
6.48 25.10
6.66 25.10
6.66 25.10
6.66 25.10
1.37 25.29
1.37 25.29
1.37 25.29
1.55 25.29
1.55 25.29
1.55 25.29
1.92 25.29
1.92 25.29
1.92 25.29
2.46 25.29
2.46 25.29
2.46 25.29
3.93 25.29
3.93 25.29
3.93 25.29
4.29 25.29
4.29 25.29
4.29 25.29
4.47 25.29
4.47 25.29
4.47 25.29
4.66 25.29
4.66 25.29
4.66 25.29
5.93 25.29
5.93 25.29
5.93 25.29
6.12 25.29
6.12 25.29
6.12 25.29
6.30 25.29
6.30 25.29
6.30 25.29
6.48 25.29
6.48 25.29
6.48 25.29
1.37 25.47
1.37 25.47
1.37 25.47
2.83 25.47
2.83 25.47
2.83 25.47
3.01 25.47
3.01 25.47
3.01 25.47
3.56 25.47
3.56 25.47
3.56 25.47
3.74 25.47
3.74 25.47
3.74 25.47
4.47 25.47
4.47 25.47
4.47 25.47
5.75 25.47
5.75 25.47
5.75 25.47
5.93 25.47
5.93 25.47
5.93 25.47
6.12 25.47
6.12 25.47
6.12 25.47
6.30 25.47
6.30 25.47
6.30 25.47
6.48 25.47
6.48 25.47
6.48 25.47
6.66 25.47
6.66 25.47
6.66 25.47
6.85 25.47
6.85 25.47
6.85 25.47
7.39 25.47
7.39 25.47
7.39 25.47
2.65 25.65
2.65 25.65
2.65 25.65
2.83 25.65
2.83 25.65
2.83 25.65
3.01 25.65
3.01 25.65
3.01 25.65
3.20 25.65
3.20 25.65
3.20 25.65
3.38 25.65
3.38 25.65
3.38 25.65
3.56 25.65
3.56 25.65
3.56 25.65
3.74 25.65
3.74 25.65
3.74 25.65
3.93 25.65
3.93 25.65
3.93 25.65
4.11 25.65
4.11 25.65
4.11 25.65
5.20 25.65
5.20 25.65
5.20 25.65
5.39 25.65
5.39 25.65
5.39 25.65
5.57 25.65
5.57 25.65
5.57 25.65
5.75 25.65
5.75 25.65
5.75 25.65
5.93 25.65
5.93 25.65
5.93 25.65
6.12 25.65
6.12 25.65
6.12 25.65
6.30 25.65
6.30 25.65
6.30 25.65
6.48 25.65
6.48 25.65
6.48 25.65
6.66 25.65
6.66 25.65
6.66 25.65
7.21 25.65
7.21 25.65
7.21 25.65
2.10 25.83
2.10 25.83
2.10 25.83
3.38 25.83
3.38 25.83
3.38 25.83
3.56 25.83
3.56 25.83
3.56 25.83
3.74 25.83
3.74 25.83
3.74 25.83
3.93 25.83
3.93 25.83
3.93 25.83
4.84 25.83
4.84 25.83
4.84 25.83
5.02 25.83
5.02 25.83
5.02 25.83
5.20 25.83
5.20 25.83
5.20 25.83
5.39 25.83
5.39 25.83
5.39 25.83
5.57 25.83
5.57 25.83
5.57 25.83
5.75 25.83
5.75 25.83
5.75 25.83
5.93 25.83
5.93 25.83
5.93 25.83
6.12 25.83
6.12 25.83
6.12 25.83
6.30 25.83
6.30 25.83
6.30 25.83
6.48 25.83
6.48 25.83
6.48 25.83
6.66 25.83
6.66 25.83
6.66 25.83
7.03 25.83
7.03 25.83
7.03 25.83
7.21 25.83
7.21 25.83
7.21 25.83
7.39 25.83
7.39 25.83
7.39 25.83
7.94 25.83
7.94 25.83
7.94 25.83
8.12 25.83
8.12 25.83
8.12 25.83
2.10 26.02
2.10 26.02
2.10 26.02
3.56 26.02
3.56 26.02
3.56 26.02
3.74 26.02
3.74 26.02
3.74 26.02
3.93 26.02
3.93 26.02
3.93 26.02
4.66 26.02
4.66 26.02
4.66 26.02
4.84 26.02
4.84 26.02
4.84 26.02
5.02 26.02
5.02 26.02
5.02 26.02
5.20 26.02
5.20 26.02
5.20 26.02
5.39 26.02
5.39 26.02
5.39 26.02
5.57 26.02
5.57 26.02
5.57 26.02
5.75 26.02
5.75 26.02
5.75 26.02
5.93 26.02
5.93 26.02
5.93 26.02
6.12 26.02
6.12 26.02
6.12 26.02
6.30 26.02
6.30 26.02
6.30 26.02
6.48 26.02
6.48 26.02
6.48 26.02
6.66 26.02
6.66 26.02
6.66 26.02
6.85 26.02
6.85 26.02
6.85 26.02
7.03 26.02
7.03 26.02
7.03 26.02
7.21 26.02
7.21 26.02
7.21 26.02
7.94 26.02
7.94 26.02
7.94 26.02
8.12 26.02
8.12 26.02
8.12 26.02
3.56 26.20
3.56 26.20
3.56 26.20
3.74 26.20
3.74 26.20
3.74 26.20
3.93 26.20
3.93 26.20
3.93 26.20
4.11 26.20
4.11 26.20
4.11 26.20
4.47 26.20
4.47 26.20
4.47 26.20
4.66 26.20
4.66 26.20
4.66 26.20
4.84 26.20
4.84 26.20
4.84 26.20
5.02 26.20
5.02 26.20
5.02 26.20
7.21 26.20
7.21 26.20
7.21 26.20
7.39 26.20
7.39 26.20
7.39 26.20
7.58 26.20
7.58 26.20
7.58 26.20
7.76 26.20
7.76 26.20
7.76 26.20
2.10 26.38
2.10 26.38
2.10 26.38
3.93 26.38
3.93 26.38
3.93 26.38
4.11 26.38
4.11 26.38
4.11 26.38
4.29 26.38
4.29 26.38
4.29 26.38
4.47 26.38
4.47 26.38
4.47 26.38
4.66 26.38
4.66 26.38
4.66 26.38
6.66 26.38
6.66 26.38
6.66 26.38
7.76 26.38
7.76 26.38
7.76 26.38
7.94 26.38
7.94 26.38
7.94 26.38
8.12 26.38
8.12 26.38
8.12 26.38
4.11 26.56
4.11 26.56
4.11 26.56
4.29 26.56
4.29 26.56
4.29 26.56
4.47 26.56
4.47 26.56
4.47 26.56
5.75 26.56
5.75 26.56
5.75 26.56
5.93 26.56
5.93 26.56
5.93 26.56
6.12 26.56
6.12 26.56
6.12 26.56
6.30 26.56
6.30 26.56
6.30 26.56
6.48 26.56
6.48 26.56
6.48 26.56
7.03 26.56
7.03 26.56
7.03 26.56
7.21 26.56
7.21 26.56
7.21 26.56
7.39 26.56
7.39 26.56
7.39 26.56
7.58 26.56
7.58 26.56
7.58 26.56
7.76 26.56
7.76 26.56
7.76 26.56
2.10 26.75
2.10 26.75
2.10 26.75
2.65 26.75
2.65 26.75
2.65 26.75
2.83 26.75
2.83 26.75
2.83 26.75
4.11 26.75
4.11 26.75
4.11 26.75
4.29 26.75
4.29 26.75
4.29 26.75
4.47 26.75
4.47 26.75
4.47 26.75
5.75 26.75
5.75 26.75
5.75 26.75
5.93 26.75
5.93 26.75
5.93 26.75
6.12 26.75
6.12 26.75
6.12 26.75
6.30 26.75
6.30 26.75
6.30 26.75
6.48 26.75
6.48 26.75
6.48 26.75
6.66 26.75
6.66 26.75
6.66 26.75
6.85 26.75
6.85 26.75
6.85 26.75
7.03 26.75
7.03 26.75
7.03 26.75
7.58 26.75
7.58 26.75
7.58 26.75
2.28 26.93
2.28 26.93
2.28 26.93
2.46 26.93
2.46 26.93
2.46 26.93
2.65 26.93
2.65 26.93
2.65 26.93
2.83 26.93
2.83 26.93
2.83 26.93
3.93 26.93
3.93 26.93
3.93 26.93
4.11 26.93
4.11 26.93
4.11 26.93
4.29 26.93
4.29 26.93
4.29 26.93
4.47 26.93
4.47 26.93
4.47 26.93
4.66 26.93
4.66 26.93
4.66 26.93
4.84 26.93
4.84 26.93
4.84 26.93
5.02 26.93
5.02 26.93
5.02 26.93
5.20 26.93
5.20 26.93
5.20 26.93
5.39 26.93
5.39 26.93
5.39 26.93
6.66 26.93
6.66 26.93
6.66 26.93
6.85 26.93
6.85 26.93
6.85 26.93
7.03 26.93
7.03 26.93
7.03 26.93
7.58 26.93
7.58 26.93
7.58 26.93
7.76 26.93
7.76 26.93
7.76 26.93
7.94 26.93
7.94 26.93
7.94 26.93
8.12 26.93
8.12 26.93
8.12 26.93
2.83 27.11
2.83 27.11
2.83 27.11
3.01 27.11
3.01 27.11
3.01 27.11
4.84 27.11
4.84 27.11
4.84 27.11
5.02 27.11
5.02 27.11
5.02 27.11
7.03 27.11
7.03 27.11
7.03 27.11
7.21 27.11
7.21 27.11
7.21 27.11
7.39 27.11
7.39 27.11
7.39 27.11
7.58 27.11
7.58 27.11
7.58 27.11
2.83 27.30
2.83 27.30
2.83 27.30
3.01 27.30
3.01 27.30
3.01 27.30
3.20 27.30
3.20 27.30
3.20 27.30
3.38 27.30
3.38 27.30
3.38 27.30
3.56 27.30
3.56 27.30
3.56 27.30
5.02 27.30
5.02 27.30
5.02 27.30
5.20 27.30
5.20 27.30
5.20 27.30
5.39 27.30
5.39 27.30
5.39 27.30
5.57 27.30
5.57 27.30
5.57 27.30
6.30 27.30
6.30 27.30
6.30 27.30
6.48 27.30
6.48 27.30
6.48 27.30
6.85 27.30
6.85 27.30
6.85 27.30
7.03 27.30
7.03 27.30
7.03 27.30
7.21 27.30
7.21 27.30
7.21 27.30
7.39 27.30
7.39 27.30
7.39 27.30
2.83 27.48
2.83 27.48
2.83 27.48
3.38 27.48
3.38 27.48
3.38 27.48
4.84 27.48
4.84 27.48
4.84 27.48
5.02 27.48
5.02 27.48
5.02 27.48
5.20 27.48
5.20 27.48
5.20 27.48
5.39 27.48
5.39 27.48
5.39 27.48
6.30 27.48
6.30 27.48
6.30 27.48
6.48 27.48
6.48 27.48
6.48 27.48
6.66 27.48
6.66 27.48
6.66 27.48
6.85 27.48
6.85 27.48
6.85 27.48
7.03 27.48
7.03 27.48
7.03 27.48
7.21 27.48
7.21 27.48
7.21 27.48
8.49 27.48
8.49 27.48
8.49 27.48
8.85 27.48
8.85 27.48
8.85 27.48
2.83 27.66
2.83 27.66
2.83 27.66
3.38 27.66
3.38 27.66
3.38 27.66
3.56 27.66
3.56 27.66
3.56 27.66
3.74 27.66
3.74 27.66
3.74 27.66
4.84 27.66
4.84 27.66
4.84 27.66
5.02 27.66
5.02 27.66
5.02 27.66
6.66 27.66
6.66 27.66
6.66 27.66
6.85 27.66
6.85 27.66
6.85 27.66
7.03 27.66
7.03 27.66
7.03 27.66
7.21 27.66
7.21 27.66
7.21 27.66
7.39 27.66
7.39 27.66
7.39 27.66
7.58 27.66
7.58 27.66
7.58 27.66
8.31 27.66
8.31 27.66
8.31 27.66
2.83 27.84
2.83 27.84
2.83 27.84
3.01 27.84
3.01 27.84
3.01 27.84
3.20 27.84
3.20 27.84
3.20 27.84
3.38 27.84
3.38 27.84
3.38 27.84
5.20 27.84
5.20 27.84
5.20 27.84
5.39 27.84
5.39 27.84
5.39 27.84
5.57 27.84
5.57 27.84
5.57 27.84
5.75 27.84
5.75 27.84
5.75 27.84
5.93 27.84
5.93 27.84
5.93 27.84
6.12 27.84
6.12 27.84
6.12 27.84
6.30 27.84
6.30 27.84
6.30 27.84
6.48 27.84
6.48 27.84
6.48 27.84
6.66 27.84
6.66 27.84
6.66 27.84
6.85 27.84
6.85 27.84
6.85 27.84
7.03 27.84
7.03 27.84
7.03 27.84
7.21 27.84
7.21 27.84
7.21 27.84
7.39 27.84
7.39 27.84
7.39 27.84
8.12 27.84
8.12 27.84
8.12 27.84
8.31 27.84
8.31 27.84
8.31 27.84
8.85 27.84
8.85 27.84
8.85 27.84
2.83 28.03
2.83 28.03
2.83 28.03
3.20 28.03
3.20 28.03
3.20 28.03
3.38 28.03
3.38 28.03
3.38 28.03
5.02 28.03
5.02 28.03
5.02 28.03
5.20 28.03
5.20 28.03
5.20 28.03
5.39 28.03
5.39 28.03
5.39 28.03
5.57 28.03
5.57 28.03
5.57 28.03
5.75 28.03
5.75 28.03
5.75 28.03
5.93 28.03
5.93 28.03
5.93 28.03
6.12 28.03
6.12 28.03
6.12 28.03
6.30 28.03
6.30 28.03
6.30 28.03
6.48 28.03
6.48 28.03
6.48 28.03
6.66 28.03
6.66 28.03
6.66 28.03
6.85 28.03
6.85 28.03
6.85 28.03
7.03 28.03
7.03 28.03
7.03 28.03
3.56 28.21
3.56 28.21
3.56 28.21
3.74 28.21
3.74 28.21
3.74 28.21
3.93 28.21
3.93 28.21
3.93 28.21
4.11 28.21
4.11 28.21
4.11 28.21
4.29 28.21
4.29 28.21
4.29 28.21
4.47 28.21
4.47 28.21
4.47 28.21
4.66 28.21
4.66 28.21
4.66 28.21
4.84 28.21
4.84 28.21
4.84 28.21
5.02 28.21
5.02 28.21
5.02 28.21
5.20 28.21
5.20 28.21
5.20 28.21
5.39 28.21
5.39 28.21
5.39 28.21
5.57 28.21
5.57 28.21
5.57 28.21
5.75 28.21
5.75 28.21
5.75 28.21
5.93 28.21
5.93 28.21
5.93 28.21
6.85 28.21
6.85 28.21
6.85 28.21
7.03 28.21
7.03 28.21
7.03 28.21
7.21 28.21
7.21 28.21
7.21 28.21
8.67 28.21
8.67 28.21
8.67 28.21
3.56 28.39
3.56 28.39
3.56 28.39
3.74 28.39
3.74 28.39
3.74 28.39
3.93 28.39
3.93 28.39
3.93 28.39
4.11 28.39
4.11 28.39
4.11 28.39
4.29 28.39
4.29 28.39
4.29 28.39
4.47 28.39
4.47 28.39
4.47 28.39
4.66 28.39
4.66 28.39
4.66 28.39
4.84 28.39
4.84 28.39
4.84 28.39
5.02 28.39
5.02 28.39
5.02 28.39
5.20 28.39
5.20 28.39
5.20 28.39
5.39 28.39
5.39 28.39
5.39 28.39
5.57 28.39
5.57 28.39
5.57 28.39
5.75 28.39
5.75 28.39
5.75 28.39
5.93 28.39
5.93 28.39
5.93 28.39
7.03 28.39
7.03 28.39
7.03 28.39
7.21 28.39
7.21 28.39
7.21 28.39
7.39 28.39
7.39 28.39
7.39 28.39
8.31 28.39
8.31 28.39
8.31 28.39
8.67 28.39
8.67 28.39
8.67 28.39
3.56 28.57
3.56 28.57
3.56 28.57
3.93 28.57
3.93 28.57
3.93 28.57
4.11 28.57
4.11 28.57
4.11 28.57
4.29 28.57
4.29 28.57
4.29 28.57
5.02 28.57
5.02 28.57
5.02 28.57
5.20 28.57
5.20 28.57
5.20 28.57
5.39 28.57
5.39 28.57
5.39 28.57
6.85 28.57
6.85 28.57
6.85 28.57
7.03 28.57
7.03 28.57
7.03 28.57
7.21 28.57
7.21 28.57
7.21 28.57
7.39 28.57
7.39 28.57
7.39 28.57
7.58 28.57
7.58 28.57
7.58 28.57
7.76 28.57
7.76 28.57
7.76 28.57
7.94 28.57
7.94 28.57
7.94 28.57
8.12 28.57
8.12 28.57
8.12 28.57
8.31 28.57
8.31 28.57
8.31 28.57
9.59 28.57
9.59 28.57
9.59 28.57
3.74 28.76
3.74 28.76
3.74 28.76
3.93 28.76
3.93 28.76
3.93 28.76
4.66 28.76
4.66 28.76
4.66 28.76
4.84 28.76
4.84 28.76
4.84 28.76
5.02 28.76
5.02 28.76
5.02 28.76
7.03 28.76
7.03 28.76
7.03 28.76
7.21 28.76
7.21 28.76
7.21 28.76
7.39 28.76
7.39 28.76
7.39 28.76
7.58 28.76
7.58 28.76
7.58 28.76
7.76 28.76
7.76 28.76
7.76 28.76
7.94 28.76
7.94 28.76
7.94 28.76
8.12 28.76
8.12 28.76
8.12 28.76
3.56 28.94
3.56 28.94
3.56 28.94
3.74 28.94
3.74 28.94
3.74 28.94
3.93 28.94
3.93 28.94
3.93 28.94
4.11 28.94
4.11 28.94
4.11 28.94
4.29 28.94
4.29 28.94
4.29 28.94
4.47 28.94
4.47 28.94
4.47 28.94
4.66 28.94
4.66 28.94
4.66 28.94
7.58 28.94
7.58 28.94
7.58 28.94
7.76 28.94
7.76 28.94
7.76 28.94
7.94 28.94
7.94 28.94
7.94 28.94
8.12 28.94
8.12 28.94
8.12 28.94
9.40 28.94
9.40 28.94
9.40 28.94
3.93 29.12
3.93 29.12
3.93 29.12
5.02 29.12
5.02 29.12
5.02 29.12
5.20 29.12
5.20 29.12
5.20 29.12
5.39 29.12
5.39 29.12
5.39 29.12
5.57 29.12
5.57 29.12
5.57 29.12
5.75 29.12
5.75 29.12
5.75 29.12
7.76 29.12
7.76 29.12
7.76 29.12
7.94 29.12
7.94 29.12
7.94 29.12
8.12 29.12
8.12 29.12
8.12 29.12
8.31 29.12
8.31 29.12
8.31 29.12
8.49 29.12
8.49 29.12
8.49 29.12
8.67 29.12
8.67 29.12
8.67 29.12
8.85 29.12
8.85 29.12
8.85 29.12
9.04 29.12
9.04 29.12
9.04 29.12
9.22 29.12
9.22 29.12
9.22 29.12
9.40 29.12
9.40 29.12
9.40 29.12
9.59 29.12
9.59 29.12
9.59 29.12
3.56 29.30
3.56 29.30
3.56 29.30
3.74 29.30
3.74 29.30
3.74 29.30
3.93 29.30
3.93 29.30
3.93 29.30
4.11 29.30
4.11 29.30
4.11 29.30
4.29 29.30
4.29 29.30
4.29 29.30
4.84 29.30
4.84 29.30
4.84 29.30
5.02 29.30
5.02 29.30
5.02 29.30
5.20 29.30
5.20 29.30
5.20 29.30
5.39 29.30
5.39 29.30
5.39 29.30
5.57 29.30
5.57 29.30
5.57 29.30
6.66 29.30
6.66 29.30
6.66 29.30
6.85 29.30
6.85 29.30
6.85 29.30
7.03 29.30
7.03 29.30
7.03 29.30
7.21 29.30
7.21 29.30
7.21 29.30
7.39 29.30
7.39 29.30
7.39 29.30
7.58 29.30
7.58 29.30
7.58 29.30
7.76 29.30
7.76 29.30
7.76 29.30
7.94 29.30
7.94 29.30
7.94 29.30
8.12 29.30
8.12 29.30
8.12 29.30
8.31 29.30
8.31 29.30
8.31 29.30
8.49 29.30
8.49 29.30
8.49 29.30
8.67 29.30
8.67 29.30
8.67 29.30
8.85 29.30
8.85 29.30
8.85 29.30
3.56 29.49
3.56 29.49
3.56 29.49
4.47 29.49
4.47 29.49
4.47 29.49
4.66 29.49
4.66 29.49
4.66 29.49
4.84 29.49
4.84 29.49
4.84 29.49
5.02 29.49
5.02 29.49
5.02 29.49
6.30 29.49
6.30 29.49
6.30 29.49
6.48 29.49
6.48 29.49
6.48 29.49
6.66 29.49
6.66 29.49
6.66 29.49
6.85 29.49
6.85 29.49
6.85 29.49
7.03 29.49
7.03 29.49
7.03 29.49
7.21 29.49
7.21 29.49
7.21 29.49
7.39 29.49
7.39 29.49
7.39 29.49
7.58 29.49
7.58 29.49
7.58 29.49
7.76 29.49
7.76 29.49
7.76 29.49
7.94 29.49
7.94 29.49
7.94 29.49
8.12 29.49
8.12 29.49
8.12 29.49
8.31 29.49
8.31 29.49
8.31 29.49
3.74 29.67
3.74 29.67
3.74 29.67
3.93 29.67
3.93 29.67
3.93 29.67
4.11 29.67
4.11 29.67
4.11 29.67
4.29 29.67
4.29 29.67
4.29 29.67
4.47 29.67
4.47 29.67
4.47 29.67
6.30 29.67
6.30 29.67
6.30 29.67
6.48 29.67
6.48 29.67
6.48 29.67
8.12 29.67
8.12 29.67
8.12 29.67
9.59 29.67
9.59 29.67
9.59 29.67
4.47 29.85
4.47 29.85
4.47 29.85
5.02 29.85
5.02 29.85
5.02 29.85
7.76 29.85
7.76 29.85
7.76 29.85
7.94 29.85
7.94 29.85
7.94 29.85
8.12 29.85
8.12 29.85
8.12 29.85
8.31 29.85
8.31 29.85
8.31 29.85
9.22 29.85
9.22 29.85
9.22 29.85
9.40 29.85
9.40 29.85
9.40 29.85
9.59 29.85
9.59 29.85
9.59 29.85
4.84 30.03
4.84 30.03
4.84 30.03
5.02 30.03
5.02 30.03
5.02 30.03
5.20 30.03
5.20 30.03
5.20 30.03
5.39 30.03
5.39 30.03
5.39 30.03
5.57 30.03
5.57 30.03
5.57 30.03
5.75 30.03
5.75 30.03
5.75 30.03
5.93 30.03
5.93 30.03
5.93 30.03
6.12 30.03
6.12 30.03
6.12 30.03
6.30 30.03
6.30 30.03
6.30 30.03
6.48 30.03
6.48 30.03
6.48 30.03
6.66 30.03
6.66 30.03
6.66 30.03
6.85 30.03
6.85 30.03
6.85 30.03
7.03 30.03
7.03 30.03
7.03 30.03
7.21 30.03
7.21 30.03
7.21 30.03
7.39 30.03
7.39 30.03
7.39 30.03
7.58 30.03
7.58 30.03
7.58 30.03
7.76 30.03
7.76 30.03
7.76 30.03
9.22 30.03
9.22 30.03
9.22 30.03
9.40 30.03
9.40 30.03
9.40 30.03
9.59 30.03
9.59 30.03
9.59 30.03
4.47 30.22
4.47 30.22
4.47 30.22
5.02 30.22
5.02 30.22
5.02 30.22
5.39 30.22
5.39 30.22
5.39 30.22
5.57 30.22
5.57 30.22
5.57 30.22
5.75 30.22
5.75 30.22
5.75 30.22
5.93 30.22
5.93 30.22
5.93 30.22
6.12 30.22
6.12 30.22
6.12 30.22
6.30 30.22
6.30 30.22
6.30 30.22
6.48 30.22
6.48 30.22
6.48 30.22
6.66 30.22
6.66 30.22
6.66 30.22
6.85 30.22
6.85 30.22
6.85 30.22
7.03 30.22
7.03 30.22
7.03 30.22
7.21 30.22
7.21 30.22
7.21 30.22
7.39 30.22
7.39 30.22
7.39 30.22
5.20 30.40
5.20 30.40
5.20 30.40
5.39 30.40
5.39 30.40
5.39 30.40
5.57 30.40
5.57 30.40
5.57 30.40
5.75 30.40
5.75 30.40
5.75 30.40
5.93 30.40
5.93 30.40
5.93 30.40
6.12 30.40
6.12 30.40
6.12 30.40
6.30 30.40
6.30 30.40
6.30 30.40
6.48 30.40
6.48 30.40
6.48 30.40
6.66 30.40
6.66 30.40
6.66 30.40
6.85 30.40
6.85 30.40
6.85 30.40
7.03 30.40
7.03 30.40
7.03 30.40
7.21 30.40
7.21 30.40
7.21 30.40
7.39 30.40
7.39 30.40
7.39 30.40
5.02 30.58
5.02 30.58
5.02 30.58
5.20 30.58
5.20 30.58
5.20 30.58
5.39 30.58
5.39 30.58
5.39 30.58
5.57 30.58
5.57 30.58
5.57 30.58
5.75 30.58
5.75 30.58
5.75 30.58
5.93 30.58
5.93 30.58
5.93 30.58
7.21 30.58
7.21 30.58
7.21 30.58
7.39 30.58
7.39 30.58
7.39 30.58
7.58 30.58
7.58 30.58
7.58 30.58
7.76 30.58
7.76 30.58
7.76 30.58
7.94 30.58
7.94 30.58
7.94 30.58
8.12 30.58
8.12 30.58
8.12 30.58
9.40 30.58
9.40 30.58
9.40 30.58
5.20 30.76
5.20 30.76
5.20 30.76
5.39 30.76
5.39 30.76
5.39 30.76
5.57 30.76
5.57 30.76
5.57 30.76
7.39 30.76
7.39 30.76
7.39 30.76
7.58 30.76
7.58 30.76
7.58 30.76
7.76 30.76
7.76 30.76
7.76 30.76
7.94 30.76
7.94 30.76
7.94 30.76
8.12 30.76
8.12 30.76
8.12 30.76
8.31 30.76
8.31 30.76
8.31 30.76
8.49 30.76
8.49 30.76
8.49 30.76
8.67 30.76
8.67 30.76
8.67 30.76
8.85 30.76
8.85 30.76
8.85 30.76
9.04 30.76
9.04 30.76
9.04 30.76
9.22 30.76
9.22 30.76
9.22 30.76
9.40 30.76
9.40 30.76
9.40 30.76
10.32 30.76
10.32 30.76
10.32 30.76
5.20 30.95
5.20 30.95
5.20 30.95
5.39 30.95
5.39 30.95
5.39 30.95
5.57 30.95
5.57 30.95
5.57 30.95
7.03 30.95
7.03 30.95
7.03 30.95
7.21 30.95
7.21 30.95
7.21 30.95
7.39 30.95
7.39 30.95
7.39 30.95
8.31 30.95
8.31 30.95
8.31 30.95
8.49 30.95
8.49 30.95
8.49 30.95
8.67 30.95
8.67 30.95
8.67 30.95
8.85 30.95
8.85 30.95
8.85 30.95
9.04 30.95
9.04 30.95
9.04 30.95
9.22 30.95
9.22 30.95
9.22 30.95
9.95 30.95
9.95 30.95
9.95 30.95
5.20 31.13
5.20 31.13
5.20 31.13
5.39 31.13
5.39 31.13
5.39 31.13
5.57 31.13
5.57 31.13
5.57 31.13
6.12 31.13
6.12 31.13
6.12 31.13
6.30 31.13
6.30 31.13
6.30 31.13
6.48 31.13
6.48 31.13
6.48 31.13
6.66 31.13
6.66 31.13
6.66 31.13
6.85 31.13
6.85 31.13
6.85 31.13
9.59 31.13
9.59 31.13
9.59 31.13
9.77 31.13
9.77 31.13
9.77 31.13
9.95 31.13
9.95 31.13
9.95 31.13
5.02 31.31
5.02 31.31
5.02 31.31
5.20 31.31
5.20 31.31
5.20 31.31
9.59 31.31
9.59 31.31
9.59 31.31
10.13 31.31
10.13 31.31
10.13 31.31
5.02 31.49
5.02 31.49
5.02 31.49
6.66 31.49
6.66 31.49
6.66 31.49
7.39 31.49
7.39 31.49
7.39 31.49
7.76 31.49
7.76 31.49
7.76 31.49
7.94 31.49
7.94 31.49
7.94 31.49
8.12 31.49
8.12 31.49
8.12 31.49
8.31 31.49
8.31 31.49
8.31 31.49
9.40 31.49
9.40 31.49
9.40 31.49
9.95 31.49
9.95 31.49
9.95 31.49
5.57 31.68
5.57 31.68
5.57 31.68
6.85 31.68
6.85 31.68
6.85 31.68
7.21 31.68
7.21 31.68
7.21 31.68
7.58 31.68
7.58 31.68
7.58 31.68
8.31 31.68
8.31 31.68
8.31 31.68
8.49 31.68
8.49 31.68
8.49 31.68
8.85 31.68
8.85 31.68
8.85 31.68
9.04 31.68
9.04 31.68
9.04 31.68
9.22 31.68
9.22 31.68
9.22 31.68
9.77 31.68
9.77 31.68
9.77 31.68
5.20 31.86
5.20 31.86
5.20 31.86
5.75 31.86
5.75 31.86
5.75 31.86
5.93 31.86
5.93 31.86
5.93 31.86
6.12 31.86
6.12 31.86
6.12 31.86
6.30 31.86
6.30 31.86
6.30 31.86
6.48 31.86
6.48 31.86
6.48 31.86
6.85 31.86
6.85 31.86
6.85 31.86
7.58 31.86
7.58 31.86
7.58 31.86
7.76 31.86
7.76 31.86
7.76 31.86
8.12 31.86
8.12 31.86
8.12 31.86
8.85 31.86
8.85 31.86
8.85 31.86
9.40 31.86
9.40 31.86
9.40 31.86
9.59 31.86
9.59 31.86
9.59 31.86
9.77 31.86
9.77 31.86
9.77 31.86
9.95 31.86
9.95 31.86
9.95 31.86
10.13 31.86
10.13 31.86
10.13 31.86
10.32 31.86
10.32 31.86
10.32 31.86
10.50 31.86
10.50 31.86
10.50 31.86
11.05 31.86
11.05 31.86
11.05 31.86
5.75 32.04
5.75 32.04
5.75 32.04
5.93 32.04
5.93 32.04
5.93 32.04
6.48 32.04
6.48 32.04
6.48 32.04
6.66 32.04
6.66 32.04
6.66 32.04
7.39 32.04
7.39 32.04
7.39 32.04
7.58 32.04
7.58 32.04
7.58 32.04
9.04 32.04
9.04 32.04
9.04 32.04
9.22 32.04
9.22 32.04
9.22 32.04
9.40 32.04
9.40 32.04
9.40 32.04
9.95 32.04
9.95 32.04
9.95 32.04
10.13 32.04
10.13 32.04
10.13 32.04
10.68 32.04
10.68 32.04
10.68 32.04
10.86 32.04
10.86 32.04
10.86 32.04
5.02 32.22
5.02 32.22
5.02 32.22
5.20 32.22
5.20 32.22
5.20 32.22
5.39 32.22
5.39 32.22
5.39 32.22
5.57 32.22
5.57 32.22
5.57 32.22
5.75 32.22
5.75 32.22
5.75 32.22
6.12 32.22
6.12 32.22
6.12 32.22
6.30 32.22
6.30 32.22
6.30 32.22
7.03 32.22
7.03 32.22
7.03 32.22
9.04 32.22
9.04 32.22
9.04 32.22
9.59 32.22
9.59 32.22
9.59 32.22
9.77 32.22
9.77 32.22
9.77 32.22
10.13 32.22
10.13 32.22
10.13 32.22
10.32 32.22
10.32 32.22
10.32 32.22
5.20 32.41
5.20 32.41
5.20 32.41
5.75 32.41
5.75 32.41
5.75 32.41
5.93 32.41
5.93 32.41
5.93 32.41
6.12 32.41
6.12 32.41
6.12 32.41
6.30 32.41
6.30 32.41
6.30 32.41
6.48 32.41
6.48 32.41
6.48 32.41
6.66 32.41
6.66 32.41
6.66 32.41
6.85 32.41
6.85 32.41
6.85 32.41
7.03 32.41
7.03 32.41
7.03 32.41
10.32 32.41
10.32 32.41
10.32 32.41
5.93 32.59
5.93 32.59
5.93 32.59
6.85 32.59
6.85 32.59
6.85 32.59
5.75 32.77
5.75 32.77
5.75 32.77
6.12 32.77
6.12 32.77
6.12 32.77
6.30 32.77
6.30 32.77
6.30 32.77
6.85 32.77
6.85 32.77
6.85 32.77
5.75 32.96
5.75 32.96
5.75 32.96
13.42 49.57
13.42 49.57
13.42 49.57
13.78 49.57
13.78 49.57
13.78 49.57
13.97 49.57
13.97 49.57
13.97 49.57
12.87 49.75
12.87 49.75
12.87 49.75
13.42 49.75
13.42 49.75
13.42 49.75
12.69 49.93
12.69 49.93
12.69 49.93
6.85 50.12
6.85 50.12
6.85 50.12
13.60 50.12
13.60 50.12
13.60 50.12
13.78 50.12
13.78 50.12
13.78 50.12
13.97 50.12
13.97 50.12
13.97 50.12
6.48 50.30
6.48 50.30
6.48 50.30
6.66 50.30
6.66 50.30
6.66 50.30
13.42 50.30
13.42 50.30
13.42 50.30
13.78 50.30
13.78 50.30
13.78 50.30
6.48 50.48
6.48 50.48
6.48 50.48
6.85 50.48
6.85 50.48
6.85 50.48
13.42 50.48
13.42 50.48
13.42 50.48
13.97 50.48
13.97 50.48
13.97 50.48
6.48 50.66
6.48 50.66
6.48 50.66
6.85 50.66
6.85 50.66
6.85 50.66
7.03 50.66
7.03 50.66
7.03 50.66
13.60 50.66
13.60 50.66
13.60 50.66
6.66 50.85
6.66 50.85
6.66 50.85
8.31 51.21
8.31 51.21
8.31 51.21
8.49 51.21
8.49 51.21
8.49 51.21
