5.20 -57.97
5.20 -57.97
5.20 -57.97
5.39 -57.97
5.39 -57.97
5.39 -57.97
5.57 -57.97
5.57 -57.97
5.57 -57.97
5.02 -57.79
5.02 -57.79
5.02 -57.79
5.20 -57.79
5.20 -57.79
5.20 -57.79
5.75 -57.60
5.75 -57.60
5.75 -57.60
6.12 -57.60
6.12 -57.60
6.12 -57.60
5.75 -57.42
5.75 -57.42
5.75 -57.42
5.93 -57.42
5.93 -57.42
5.93 -57.42
5.57 -57.24
5.57 -57.24
5.57 -57.24
5.93 -57.24
5.93 -57.24
5.93 -57.24
9.22 -57.06
9.22 -57.06
9.22 -57.06
9.40 -56.87
9.40 -56.87
9.40 -56.87
9.04 -56.69
9.04 -56.69
9.04 -56.69
7.03 -56.51
7.03 -56.51
7.03 -56.51
7.39 -56.51
7.39 -56.51
7.39 -56.51
9.59 -56.51
9.59 -56.51
9.59 -56.51
7.21 -56.32
7.21 -56.32
7.21 -56.32
7.58 -56.32
7.58 -56.32
7.58 -56.32
9.59 -56.32
9.59 -56.32
9.59 -56.32
9.77 -56.32
9.77 -56.32
9.77 -56.32
10.13 -56.32
10.13 -56.32
10.13 -56.32
7.03 -56.14
7.03 -56.14
7.03 -56.14
7.39 -56.14
7.39 -56.14
7.39 -56.14
7.94 -56.14
7.94 -56.14
7.94 -56.14
7.58 -55.96
7.58 -55.96
7.58 -55.96
7.76 -55.96
7.76 -55.96
7.76 -55.96
7.94 -55.96
7.94 -55.96
7.94 -55.96
7.58 -55.78
7.58 -55.78
7.58 -55.78
7.76 -55.78
7.76 -55.78
7.76 -55.78
10.32 -55.78
10.32 -55.78
10.32 -55.78
10.68 -55.78
10.68 -55.78
10.68 -55.78
10.50 -55.59
10.50 -55.59
10.50 -55.59
10.50 -55.41
10.50 -55.41
10.50 -55.41
10.86 -55.41
10.86 -55.41
10.86 -55.41
8.31 -55.23
8.31 -55.23
8.31 -55.23
11.23 -55.23
11.23 -55.23
11.23 -55.23
9.04 -55.05
9.04 -55.05
9.04 -55.05
9.40 -55.05
9.40 -55.05
9.40 -55.05
11.23 -55.05
11.23 -55.05
11.23 -55.05
9.04 -54.86
9.04 -54.86
9.04 -54.86
9.22 -54.86
9.22 -54.86
9.22 -54.86
11.41 -54.86
11.41 -54.86
11.41 -54.86
9.04 -54.68
9.04 -54.68
9.04 -54.68
9.22 -54.68
9.22 -54.68
9.22 -54.68
11.59 -54.68
11.59 -54.68
11.59 -54.68
11.59 -54.50
11.59 -54.50
11.59 -54.50
12.14 -54.50
12.14 -54.50
12.14 -54.50
11.59 -54.32
11.59 -54.32
11.59 -54.32
11.96 -54.32
11.96 -54.32
11.96 -54.32
9.59 -53.77
9.59 -53.77
9.59 -53.77
9.77 -53.77
9.77 -53.77
9.77 -53.77
9.95 -53.77
9.95 -53.77
9.95 -53.77
10.13 -53.77
10.13 -53.77
10.13 -53.77
13.05 -53.77
13.05 -53.77
13.05 -53.77
13.24 -53.77
13.24 -53.77
13.24 -53.77
12.87 -53.59
12.87 -53.59
12.87 -53.59
13.42 -53.59
13.42 -53.59
13.42 -53.59
10.50 -53.40
10.50 -53.40
10.50 -53.40
13.24 -53.40
13.24 -53.40
13.24 -53.40
13.42 -53.40
13.42 -53.40
13.42 -53.40
10.86 -53.22
10.86 -53.22
10.86 -53.22
11.41 -53.22
11.41 -53.22
11.41 -53.22
12.87 -53.22
12.87 -53.22
12.87 -53.22
13.05 -53.22
13.05 -53.22
13.05 -53.22
13.60 -53.22
13.60 -53.22
13.60 -53.22
11.59 -53.04
11.59 -53.04
11.59 -53.04
11.78 -53.04
11.78 -53.04
11.78 -53.04
11.96 -53.04
11.96 -53.04
11.96 -53.04
12.32 -53.04
12.32 -53.04
12.32 -53.04
12.51 -53.04
12.51 -53.04
12.51 -53.04
12.69 -53.04
12.69 -53.04
12.69 -53.04
13.24 -53.04
13.24 -53.04
13.24 -53.04
13.60 -53.04
13.60 -53.04
13.60 -53.04
14.15 -53.04
14.15 -53.04
14.15 -53.04
11.78 -52.86
11.78 -52.86
11.78 -52.86
12.14 -52.86
12.14 -52.86
12.14 -52.86
12.69 -52.86
12.69 -52.86
12.69 -52.86
13.24 -52.86
13.24 -52.86
13.24 -52.86
13.60 -52.86
13.60 -52.86
13.60 -52.86
13.78 -52.86
13.78 -52.86
13.78 -52.86
13.97 -52.86
13.97 -52.86
13.97 -52.86
14.15 -52.86
14.15 -52.86
14.15 -52.86
12.14 -52.67
12.14 -52.67
12.14 -52.67
13.78 -52.67
13.78 -52.67
13.78 -52.67
14.51 -52.67
14.51 -52.67
14.51 -52.67
14.70 -52.67
14.70 -52.67
14.70 -52.67
11.59 -52.49
11.59 -52.49
11.59 -52.49
11.78 -52.49
11.78 -52.49
11.78 -52.49
11.96 -52.49
11.96 -52.49
11.96 -52.49
12.14 -52.49
12.14 -52.49
12.14 -52.49
13.78 -52.49
13.78 -52.49
13.78 -52.49
13.97 -52.49
13.97 -52.49
13.97 -52.49
14.15 -52.49
14.15 -52.49
14.15 -52.49
14.70 -52.49
14.70 -52.49
14.70 -52.49
11.59 -52.31
11.59 -52.31
11.59 -52.31
11.78 -52.31
11.78 -52.31
11.78 -52.31
12.14 -52.31
12.14 -52.31
12.14 -52.31
14.33 -52.31
14.33 -52.31
14.33 -52.31
14.51 -52.31
14.51 -52.31
14.51 -52.31
14.33 -52.13
14.33 -52.13
14.33 -52.13
14.15 -51.94
14.15 -51.94
14.15 -51.94
14.51 -51.94
14.51 -51.94
14.51 -51.94
15.43 -51.58
15.43 -51.58
15.43 -51.58
15.43 -51.21
15.43 -51.21
15.43 -51.21
14.33 -50.48
14.33 -50.48
14.33 -50.48
14.70 -50.48
14.70 -50.48
14.70 -50.48
15.61 -49.57
15.61 -49.57
15.61 -49.57
16.71 -49.57
16.71 -49.57
16.71 -49.57
15.79 -49.39
15.79 -49.39
15.79 -49.39
15.98 -49.39
15.98 -49.39
15.98 -49.39
16.16 -49.39
16.16 -49.39
16.16 -49.39
16.34 -49.39
16.34 -49.39
16.34 -49.39
15.43 -49.20
15.43 -49.20
15.43 -49.20
16.34 -49.20
16.34 -49.20
16.34 -49.20
15.61 -49.02
15.61 -49.02
15.61 -49.02
15.79 -49.02
15.79 -49.02
15.79 -49.02
15.98 -49.02
15.98 -49.02
15.98 -49.02
16.16 -49.02
16.16 -49.02
16.16 -49.02
16.71 -49.02
16.71 -49.02
16.71 -49.02
16.89 -49.02
16.89 -49.02
16.89 -49.02
17.07 -48.84
17.07 -48.84
17.07 -48.84
15.43 -48.66
15.43 -48.66
15.43 -48.66
16.52 -48.66
16.52 -48.66
16.52 -48.66
16.71 -48.66
16.71 -48.66
16.71 -48.66
17.07 -48.66
17.07 -48.66
17.07 -48.66
17.25 -48.66
17.25 -48.66
17.25 -48.66
15.61 -48.47
15.61 -48.47
15.61 -48.47
15.79 -48.47
15.79 -48.47
15.79 -48.47
15.98 -48.47
15.98 -48.47
15.98 -48.47
16.16 -48.47
16.16 -48.47
16.16 -48.47
16.34 -48.47
16.34 -48.47
16.34 -48.47
16.52 -48.47
16.52 -48.47
16.52 -48.47
16.89 -48.47
16.89 -48.47
16.89 -48.47
17.98 -48.47
17.98 -48.47
17.98 -48.47
16.16 -48.29
16.16 -48.29
16.16 -48.29
16.34 -48.29
16.34 -48.29
16.34 -48.29
16.52 -48.29
16.52 -48.29
16.52 -48.29
16.71 -48.29
16.71 -48.29
16.71 -48.29
17.25 -48.29
17.25 -48.29
17.25 -48.29
17.98 -48.29
17.98 -48.29
17.98 -48.29
15.43 -48.11
15.43 -48.11
15.43 -48.11
15.61 -48.11
15.61 -48.11
15.61 -48.11
15.79 -48.11
15.79 -48.11
15.79 -48.11
15.98 -48.11
15.98 -48.11
15.98 -48.11
16.16 -48.11
16.16 -48.11
16.16 -48.11
16.34 -48.11
16.34 -48.11
16.34 -48.11
16.89 -48.11
16.89 -48.11
16.89 -48.11
17.07 -48.11
17.07 -48.11
17.07 -48.11
17.25 -48.11
17.25 -48.11
17.25 -48.11
17.62 -48.11
17.62 -48.11
17.62 -48.11
17.80 -48.11
17.80 -48.11
17.80 -48.11
16.34 -47.93
16.34 -47.93
16.34 -47.93
16.52 -47.93
16.52 -47.93
16.52 -47.93
16.71 -47.93
16.71 -47.93
16.71 -47.93
17.25 -47.93
17.25 -47.93
17.25 -47.93
17.80 -47.93
17.80 -47.93
17.80 -47.93
17.98 -47.93
17.98 -47.93
17.98 -47.93
18.17 -47.93
18.17 -47.93
18.17 -47.93
18.35 -47.93
18.35 -47.93
18.35 -47.93
15.43 -47.74
15.43 -47.74
15.43 -47.74
15.61 -47.74
15.61 -47.74
15.61 -47.74
15.79 -47.74
15.79 -47.74
15.79 -47.74
15.98 -47.74
15.98 -47.74
15.98 -47.74
16.71 -47.74
16.71 -47.74
16.71 -47.74
16.89 -47.74
16.89 -47.74
16.89 -47.74
17.07 -47.74
17.07 -47.74
17.07 -47.74
17.44 -47.74
17.44 -47.74
17.44 -47.74
17.62 -47.74
17.62 -47.74
17.62 -47.74
18.53 -47.74
18.53 -47.74
18.53 -47.74
16.34 -47.56
16.34 -47.56
16.34 -47.56
16.52 -47.56
16.52 -47.56
16.52 -47.56
16.71 -47.56
16.71 -47.56
16.71 -47.56
17.07 -47.56
17.07 -47.56
17.07 -47.56
17.44 -47.56
17.44 -47.56
17.44 -47.56
17.98 -47.56
17.98 -47.56
17.98 -47.56
18.53 -47.56
18.53 -47.56
18.53 -47.56
17.07 -47.38
17.07 -47.38
17.07 -47.38
17.25 -47.38
17.25 -47.38
17.25 -47.38
17.44 -47.38
17.44 -47.38
17.44 -47.38
17.62 -47.38
17.62 -47.38
17.62 -47.38
17.98 -47.38
17.98 -47.38
17.98 -47.38
18.35 -47.38
18.35 -47.38
18.35 -47.38
16.34 -47.20
16.34 -47.20
16.34 -47.20
16.52 -47.20
16.52 -47.20
16.52 -47.20
16.71 -47.20
16.71 -47.20
16.71 -47.20
18.17 -47.20
18.17 -47.20
18.17 -47.20
16.16 -47.01
16.16 -47.01
16.16 -47.01
16.34 -47.01
16.34 -47.01
16.34 -47.01
18.71 -47.01
18.71 -47.01
18.71 -47.01
19.08 -47.01
19.08 -47.01
19.08 -47.01
18.90 -46.83
18.90 -46.83
18.90 -46.83
16.34 -46.65
16.34 -46.65
16.34 -46.65
16.52 -46.65
16.52 -46.65
16.52 -46.65
16.71 -46.65
16.71 -46.65
16.71 -46.65
16.89 -46.65
16.89 -46.65
16.89 -46.65
18.71 -46.65
18.71 -46.65
18.71 -46.65
16.16 -46.47
16.16 -46.47
16.16 -46.47
17.07 -46.47
17.07 -46.47
17.07 -46.47
17.25 -46.47
17.25 -46.47
17.25 -46.47
18.71 -46.47
18.71 -46.47
18.71 -46.47
19.08 -46.47
19.08 -46.47
19.08 -46.47
19.26 -46.47
19.26 -46.47
19.26 -46.47
19.44 -46.47
19.44 -46.47
19.44 -46.47
19.81 -46.47
19.81 -46.47
19.81 -46.47
16.16 -46.28
16.16 -46.28
16.16 -46.28
16.34 -46.28
16.34 -46.28
16.34 -46.28
16.52 -46.28
16.52 -46.28
16.52 -46.28
16.89 -46.28
16.89 -46.28
16.89 -46.28
17.07 -46.28
17.07 -46.28
17.07 -46.28
18.90 -46.28
18.90 -46.28
18.90 -46.28
19.08 -46.28
19.08 -46.28
19.08 -46.28
19.26 -46.28
19.26 -46.28
19.26 -46.28
16.71 -46.10
16.71 -46.10
16.71 -46.10
16.89 -46.10
16.89 -46.10
16.89 -46.10
17.07 -46.10
17.07 -46.10
17.07 -46.10
17.25 -46.10
17.25 -46.10
17.25 -46.10
17.44 -46.10
17.44 -46.10
17.44 -46.10
17.80 -46.10
17.80 -46.10
17.80 -46.10
19.44 -46.10
19.44 -46.10
19.44 -46.10
19.63 -46.10
19.63 -46.10
19.63 -46.10
19.81 -46.10
19.81 -46.10
19.81 -46.10
16.89 -45.92
16.89 -45.92
16.89 -45.92
17.44 -45.92
17.44 -45.92
17.44 -45.92
17.98 -45.92
17.98 -45.92
17.98 -45.92
19.26 -45.92
19.26 -45.92
19.26 -45.92
19.81 -45.92
19.81 -45.92
19.81 -45.92
16.71 -45.74
16.71 -45.74
16.71 -45.74
17.44 -45.74
17.44 -45.74
17.44 -45.74
17.80 -45.74
17.80 -45.74
17.80 -45.74
19.44 -45.74
19.44 -45.74
19.44 -45.74
19.63 -45.74
19.63 -45.74
19.63 -45.74
17.80 -45.55
17.80 -45.55
17.80 -45.55
19.26 -45.55
19.26 -45.55
19.26 -45.55
19.44 -45.55
19.44 -45.55
19.44 -45.55
17.44 -45.37
17.44 -45.37
17.44 -45.37
17.80 -45.37
17.80 -45.37
17.80 -45.37
17.98 -45.37
17.98 -45.37
17.98 -45.37
18.35 -45.37
18.35 -45.37
18.35 -45.37
18.71 -45.37
18.71 -45.37
18.71 -45.37
18.90 -45.37
18.90 -45.37
18.90 -45.37
19.26 -45.37
19.26 -45.37
19.26 -45.37
19.44 -45.37
19.44 -45.37
19.44 -45.37
19.81 -45.37
19.81 -45.37
19.81 -45.37
17.62 -45.19
17.62 -45.19
17.62 -45.19
17.80 -45.19
17.80 -45.19
17.80 -45.19
19.08 -45.19
19.08 -45.19
19.08 -45.19
19.26 -45.19
19.26 -45.19
19.26 -45.19
19.44 -45.19
19.44 -45.19
19.44 -45.19
17.44 -45.01
17.44 -45.01
17.44 -45.01
17.62 -45.01
17.62 -45.01
17.62 -45.01
18.53 -45.01
18.53 -45.01
18.53 -45.01
18.71 -45.01
18.71 -45.01
18.71 -45.01
18.90 -45.01
18.90 -45.01
18.90 -45.01
19.63 -45.01
19.63 -45.01
19.63 -45.01
18.53 -44.82
18.53 -44.82
18.53 -44.82
18.90 -44.82
18.90 -44.82
18.90 -44.82
17.44 -44.64
17.44 -44.64
17.44 -44.64
17.62 -44.64
17.62 -44.64
17.62 -44.64
17.98 -44.64
17.98 -44.64
17.98 -44.64
18.35 -44.64
18.35 -44.64
18.35 -44.64
18.90 -44.64
18.90 -44.64
18.90 -44.64
19.63 -44.64
19.63 -44.64
19.63 -44.64
19.81 -44.64
19.81 -44.64
19.81 -44.64
17.98 -44.46
17.98 -44.46
17.98 -44.46
18.17 -44.46
18.17 -44.46
18.17 -44.46
18.35 -44.46
18.35 -44.46
18.35 -44.46
19.08 -44.46
19.08 -44.46
19.08 -44.46
19.26 -44.46
19.26 -44.46
19.26 -44.46
19.44 -44.46
19.44 -44.46
19.44 -44.46
19.81 -44.46
19.81 -44.46
19.81 -44.46
17.62 -44.27
17.62 -44.27
17.62 -44.27
17.80 -44.27
17.80 -44.27
17.80 -44.27
17.98 -44.27
17.98 -44.27
17.98 -44.27
18.35 -44.27
18.35 -44.27
18.35 -44.27
18.53 -44.27
18.53 -44.27
18.53 -44.27
18.71 -44.27
18.71 -44.27
18.71 -44.27
19.63 -44.27
19.63 -44.27
19.63 -44.27
19.81 -44.27
19.81 -44.27
19.81 -44.27
17.98 -44.09
17.98 -44.09
17.98 -44.09
18.17 -44.09
18.17 -44.09
18.17 -44.09
18.35 -44.09
18.35 -44.09
18.35 -44.09
18.53 -44.09
18.53 -44.09
18.53 -44.09
18.71 -44.09
18.71 -44.09
18.71 -44.09
19.08 -44.09
19.08 -44.09
19.08 -44.09
17.98 -43.91
17.98 -43.91
17.98 -43.91
18.17 -43.91
18.17 -43.91
18.17 -43.91
18.53 -43.91
18.53 -43.91
18.53 -43.91
18.71 -43.91
18.71 -43.91
18.71 -43.91
19.08 -43.91
19.08 -43.91
19.08 -43.91
17.62 -43.73
17.62 -43.73
17.62 -43.73
17.98 -43.73
17.98 -43.73
17.98 -43.73
18.35 -43.73
18.35 -43.73
18.35 -43.73
17.44 -43.54
17.44 -43.54
17.44 -43.54
17.98 -43.54
17.98 -43.54
17.98 -43.54
18.17 -43.54
18.17 -43.54
18.17 -43.54
18.35 -43.54
18.35 -43.54
18.35 -43.54
19.08 -43.54
19.08 -43.54
19.08 -43.54
16.89 -43.36
16.89 -43.36
16.89 -43.36
17.07 -43.36
17.07 -43.36
17.07 -43.36
17.25 -43.36
17.25 -43.36
17.25 -43.36
17.62 -43.36
17.62 -43.36
17.62 -43.36
17.80 -43.36
17.80 -43.36
17.80 -43.36
17.98 -43.36
17.98 -43.36
17.98 -43.36
18.35 -43.36
18.35 -43.36
18.35 -43.36
18.53 -43.36
18.53 -43.36
18.53 -43.36
18.71 -43.36
18.71 -43.36
18.71 -43.36
18.90 -43.36
18.90 -43.36
18.90 -43.36
16.71 -43.18
16.71 -43.18
16.71 -43.18
16.89 -43.18
16.89 -43.18
16.89 -43.18
17.44 -43.18
17.44 -43.18
17.44 -43.18
17.62 -43.18
17.62 -43.18
17.62 -43.18
18.17 -43.18
18.17 -43.18
18.17 -43.18
18.35 -43.18
18.35 -43.18
18.35 -43.18
18.90 -43.18
18.90 -43.18
18.90 -43.18
16.71 -43.00
16.71 -43.00
16.71 -43.00
16.89 -43.00
16.89 -43.00
16.89 -43.00
17.07 -43.00
17.07 -43.00
17.07 -43.00
17.25 -43.00
17.25 -43.00
17.25 -43.00
17.44 -43.00
17.44 -43.00
17.44 -43.00
17.62 -43.00
17.62 -43.00
17.62 -43.00
17.80 -43.00
17.80 -43.00
17.80 -43.00
17.98 -43.00
17.98 -43.00
17.98 -43.00
18.17 -43.00
18.17 -43.00
18.17 -43.00
18.35 -43.00
18.35 -43.00
18.35 -43.00
18.53 -43.00
18.53 -43.00
18.53 -43.00
19.08 -43.00
19.08 -43.00
19.08 -43.00
16.71 -42.81
16.71 -42.81
16.71 -42.81
16.89 -42.81
16.89 -42.81
16.89 -42.81
17.07 -42.81
17.07 -42.81
17.07 -42.81
17.25 -42.81
17.25 -42.81
17.25 -42.81
17.44 -42.81
17.44 -42.81
17.44 -42.81
17.62 -42.81
17.62 -42.81
17.62 -42.81
17.80 -42.81
17.80 -42.81
17.80 -42.81
17.98 -42.81
17.98 -42.81
17.98 -42.81
18.17 -42.81
18.17 -42.81
18.17 -42.81
18.53 -42.81
18.53 -42.81
18.53 -42.81
18.71 -42.81
18.71 -42.81
18.71 -42.81
18.90 -42.81
18.90 -42.81
18.90 -42.81
19.08 -42.81
19.08 -42.81
19.08 -42.81
19.26 -42.81
19.26 -42.81
19.26 -42.81
19.44 -42.81
19.44 -42.81
19.44 -42.81
19.63 -42.81
19.63 -42.81
19.63 -42.81
16.71 -42.63
16.71 -42.63
16.71 -42.63
16.89 -42.63
16.89 -42.63
16.89 -42.63
17.07 -42.63
17.07 -42.63
17.07 -42.63
17.25 -42.63
17.25 -42.63
17.25 -42.63
17.44 -42.63
17.44 -42.63
17.44 -42.63
17.62 -42.63
17.62 -42.63
17.62 -42.63
17.80 -42.63
17.80 -42.63
17.80 -42.63
17.98 -42.63
17.98 -42.63
17.98 -42.63
18.17 -42.63
18.17 -42.63
18.17 -42.63
18.35 -42.63
18.35 -42.63
18.35 -42.63
18.53 -42.63
18.53 -42.63
18.53 -42.63
18.90 -42.63
18.90 -42.63
18.90 -42.63
19.63 -42.63
19.63 -42.63
19.63 -42.63
19.81 -42.63
19.81 -42.63
19.81 -42.63
16.89 -42.45
16.89 -42.45
16.89 -42.45
17.07 -42.45
17.07 -42.45
17.07 -42.45
17.25 -42.45
17.25 -42.45
17.25 -42.45
17.44 -42.45
17.44 -42.45
17.44 -42.45
17.62 -42.45
17.62 -42.45
17.62 -42.45
17.80 -42.45
17.80 -42.45
17.80 -42.45
17.98 -42.45
17.98 -42.45
17.98 -42.45
18.17 -42.45
18.17 -42.45
18.17 -42.45
18.53 -42.45
18.53 -42.45
18.53 -42.45
18.71 -42.45
18.71 -42.45
18.71 -42.45
18.90 -42.45
18.90 -42.45
18.90 -42.45
19.08 -42.45
19.08 -42.45
19.08 -42.45
19.26 -42.45
19.26 -42.45
19.26 -42.45
19.44 -42.45
19.44 -42.45
19.44 -42.45
19.63 -42.45
19.63 -42.45
19.63 -42.45
16.89 -42.27
16.89 -42.27
16.89 -42.27
17.07 -42.27
17.07 -42.27
17.07 -42.27
17.25 -42.27
17.25 -42.27
17.25 -42.27
17.44 -42.27
17.44 -42.27
17.44 -42.27
17.62 -42.27
17.62 -42.27
17.62 -42.27
17.80 -42.27
17.80 -42.27
17.80 -42.27
17.98 -42.27
17.98 -42.27
17.98 -42.27
18.17 -42.27
18.17 -42.27
18.17 -42.27
18.35 -42.27
18.35 -42.27
18.35 -42.27
18.53 -42.27
18.53 -42.27
18.53 -42.27
18.71 -42.27
18.71 -42.27
18.71 -42.27
19.44 -42.27
19.44 -42.27
19.44 -42.27
16.71 -42.08
16.71 -42.08
16.71 -42.08
16.89 -42.08
16.89 -42.08
16.89 -42.08
17.07 -42.08
17.07 -42.08
17.07 -42.08
17.25 -42.08
17.25 -42.08
17.25 -42.08
17.44 -42.08
17.44 -42.08
17.44 -42.08
17.62 -42.08
17.62 -42.08
17.62 -42.08
17.80 -42.08
17.80 -42.08
17.80 -42.08
17.98 -42.08
17.98 -42.08
17.98 -42.08
18.17 -42.08
18.17 -42.08
18.17 -42.08
18.35 -42.08
18.35 -42.08
18.35 -42.08
19.08 -42.08
19.08 -42.08
19.08 -42.08
19.26 -42.08
19.26 -42.08
19.26 -42.08
16.71 -41.90
16.71 -41.90
16.71 -41.90
16.89 -41.90
16.89 -41.90
16.89 -41.90
17.07 -41.90
17.07 -41.90
17.07 -41.90
17.25 -41.90
17.25 -41.90
17.25 -41.90
17.44 -41.90
17.44 -41.90
17.44 -41.90
17.62 -41.90
17.62 -41.90
17.62 -41.90
17.80 -41.90
17.80 -41.90
17.80 -41.90
17.98 -41.90
17.98 -41.90
17.98 -41.90
18.17 -41.90
18.17 -41.90
18.17 -41.90
18.71 -41.90
18.71 -41.90
18.71 -41.90
18.90 -41.90
18.90 -41.90
18.90 -41.90
19.63 -41.90
19.63 -41.90
19.63 -41.90
19.81 -41.90
19.81 -41.90
19.81 -41.90
16.89 -41.72
16.89 -41.72
16.89 -41.72
17.07 -41.72
17.07 -41.72
17.07 -41.72
17.25 -41.72
17.25 -41.72
17.25 -41.72
17.44 -41.72
17.44 -41.72
17.44 -41.72
17.62 -41.72
17.62 -41.72
17.62 -41.72
17.80 -41.72
17.80 -41.72
17.80 -41.72
17.98 -41.72
17.98 -41.72
17.98 -41.72
18.17 -41.72
18.17 -41.72
18.17 -41.72
18.35 -41.72
18.35 -41.72
18.35 -41.72
18.53 -41.72
18.53 -41.72
18.53 -41.72
19.26 -41.72
19.26 -41.72
19.26 -41.72
19.44 -41.72
19.44 -41.72
19.44 -41.72
19.81 -41.72
19.81 -41.72
19.81 -41.72
16.71 -41.54
16.71 -41.54
16.71 -41.54
17.07 -41.54
17.07 -41.54
17.07 -41.54
17.25 -41.54
17.25 -41.54
17.25 -41.54
17.44 -41.54
17.44 -41.54
17.44 -41.54
17.62 -41.54
17.62 -41.54
17.62 -41.54
17.80 -41.54
17.80 -41.54
17.80 -41.54
17.98 -41.54
17.98 -41.54
17.98 -41.54
19.26 -41.54
19.26 -41.54
19.26 -41.54
19.44 -41.54
19.44 -41.54
19.44 -41.54
19.63 -41.54
19.63 -41.54
19.63 -41.54
19.81 -41.54
19.81 -41.54
19.81 -41.54
16.71 -41.35
16.71 -41.35
16.71 -41.35
16.89 -41.35
16.89 -41.35
16.89 -41.35
17.07 -41.35
17.07 -41.35
17.07 -41.35
17.25 -41.35
17.25 -41.35
17.25 -41.35
17.44 -41.35
17.44 -41.35
17.44 -41.35
17.62 -41.35
17.62 -41.35
17.62 -41.35
18.17 -41.35
18.17 -41.35
18.17 -41.35
19.26 -41.35
19.26 -41.35
19.26 -41.35
19.44 -41.35
19.44 -41.35
19.44 -41.35
19.63 -41.35
19.63 -41.35
19.63 -41.35
19.81 -41.35
19.81 -41.35
19.81 -41.35
16.71 -41.17
16.71 -41.17
16.71 -41.17
16.89 -41.17
16.89 -41.17
16.89 -41.17
17.44 -41.17
17.44 -41.17
17.44 -41.17
17.62 -41.17
17.62 -41.17
17.62 -41.17
18.17 -41.17
18.17 -41.17
18.17 -41.17
18.90 -41.17
18.90 -41.17
18.90 -41.17
19.08 -41.17
19.08 -41.17
19.08 -41.17
19.26 -41.17
19.26 -41.17
19.26 -41.17
19.44 -41.17
19.44 -41.17
19.44 -41.17
19.63 -41.17
19.63 -41.17
19.63 -41.17
19.81 -41.17
19.81 -41.17
19.81 -41.17
16.71 -40.99
16.71 -40.99
16.71 -40.99
16.89 -40.99
16.89 -40.99
16.89 -40.99
17.07 -40.99
17.07 -40.99
17.07 -40.99
17.25 -40.99
17.25 -40.99
17.25 -40.99
17.62 -40.99
17.62 -40.99
17.62 -40.99
17.80 -40.99
17.80 -40.99
17.80 -40.99
17.98 -40.99
17.98 -40.99
17.98 -40.99
18.17 -40.99
18.17 -40.99
18.17 -40.99
18.35 -40.99
18.35 -40.99
18.35 -40.99
18.53 -40.99
18.53 -40.99
18.53 -40.99
18.71 -40.99
18.71 -40.99
18.71 -40.99
18.90 -40.99
18.90 -40.99
18.90 -40.99
19.08 -40.99
19.08 -40.99
19.08 -40.99
19.26 -40.99
19.26 -40.99
19.26 -40.99
19.44 -40.99
19.44 -40.99
19.44 -40.99
19.63 -40.99
19.63 -40.99
19.63 -40.99
19.81 -40.99
19.81 -40.99
19.81 -40.99
16.89 -40.81
16.89 -40.81
16.89 -40.81
17.07 -40.81
17.07 -40.81
17.07 -40.81
17.25 -40.81
17.25 -40.81
17.25 -40.81
17.62 -40.81
17.62 -40.81
17.62 -40.81
17.80 -40.81
17.80 -40.81
17.80 -40.81
17.98 -40.81
17.98 -40.81
17.98 -40.81
18.35 -40.81
18.35 -40.81
18.35 -40.81
18.53 -40.81
18.53 -40.81
18.53 -40.81
18.71 -40.81
18.71 -40.81
18.71 -40.81
18.90 -40.81
18.90 -40.81
18.90 -40.81
19.08 -40.81
19.08 -40.81
19.08 -40.81
19.26 -40.81
19.26 -40.81
19.26 -40.81
19.44 -40.81
19.44 -40.81
19.44 -40.81
19.63 -40.81
19.63 -40.81
19.63 -40.81
19.81 -40.81
19.81 -40.81
19.81 -40.81
16.71 -40.62
16.71 -40.62
16.71 -40.62
16.89 -40.62
16.89 -40.62
16.89 -40.62
17.80 -40.62
17.80 -40.62
17.80 -40.62
19.26 -40.62
19.26 -40.62
19.26 -40.62
19.44 -40.62
19.44 -40.62
19.44 -40.62
19.63 -40.62
19.63 -40.62
19.63 -40.62
19.81 -40.62
19.81 -40.62
19.81 -40.62
17.98 -40.44
17.98 -40.44
17.98 -40.44
18.17 -40.44
18.17 -40.44
18.17 -40.44
19.44 -40.44
19.44 -40.44
19.44 -40.44
19.63 -40.44
19.63 -40.44
19.63 -40.44
19.81 -40.44
19.81 -40.44
19.81 -40.44
17.44 -40.26
17.44 -40.26
17.44 -40.26
17.62 -40.26
17.62 -40.26
17.62 -40.26
17.80 -40.26
17.80 -40.26
17.80 -40.26
17.98 -40.26
17.98 -40.26
17.98 -40.26
18.35 -40.26
18.35 -40.26
18.35 -40.26
18.53 -40.26
18.53 -40.26
18.53 -40.26
18.71 -40.26
18.71 -40.26
18.71 -40.26
19.44 -40.26
19.44 -40.26
19.44 -40.26
19.63 -40.26
19.63 -40.26
19.63 -40.26
19.81 -40.26
19.81 -40.26
19.81 -40.26
17.44 -40.08
17.44 -40.08
17.44 -40.08
17.62 -40.08
17.62 -40.08
17.62 -40.08
18.71 -40.08
18.71 -40.08
18.71 -40.08
19.63 -40.08
19.63 -40.08
19.63 -40.08
19.81 -40.08
19.81 -40.08
19.81 -40.08
17.44 -39.89
17.44 -39.89
17.44 -39.89
17.98 -39.89
17.98 -39.89
17.98 -39.89
18.17 -39.89
18.17 -39.89
18.17 -39.89
18.35 -39.89
18.35 -39.89
18.35 -39.89
19.26 -39.89
19.26 -39.89
19.26 -39.89
19.44 -39.89
19.44 -39.89
19.44 -39.89
19.81 -39.89
19.81 -39.89
19.81 -39.89
17.98 -39.71
17.98 -39.71
17.98 -39.71
18.17 -39.71
18.17 -39.71
18.17 -39.71
18.71 -39.71
18.71 -39.71
18.71 -39.71
18.90 -39.71
18.90 -39.71
18.90 -39.71
19.44 -39.71
19.44 -39.71
19.44 -39.71
19.63 -39.71
19.63 -39.71
19.63 -39.71
17.62 -39.53
17.62 -39.53
17.62 -39.53
17.80 -39.53
17.80 -39.53
17.80 -39.53
17.98 -39.53
17.98 -39.53
17.98 -39.53
18.35 -39.53
18.35 -39.53
18.35 -39.53
18.90 -39.53
18.90 -39.53
18.90 -39.53
19.08 -39.53
19.08 -39.53
19.08 -39.53
19.26 -39.53
19.26 -39.53
19.26 -39.53
19.44 -39.53
19.44 -39.53
19.44 -39.53
19.63 -39.53
19.63 -39.53
19.63 -39.53
17.44 -39.35
17.44 -39.35
17.44 -39.35
17.62 -39.35
17.62 -39.35
17.62 -39.35
17.98 -39.35
17.98 -39.35
17.98 -39.35
18.71 -39.35
18.71 -39.35
18.71 -39.35
18.90 -39.35
18.90 -39.35
18.90 -39.35
19.08 -39.35
19.08 -39.35
19.08 -39.35
19.26 -39.35
19.26 -39.35
19.26 -39.35
19.44 -39.35
19.44 -39.35
19.44 -39.35
17.44 -39.16
17.44 -39.16
17.44 -39.16
17.98 -39.16
17.98 -39.16
17.98 -39.16
18.17 -39.16
18.17 -39.16
18.17 -39.16
18.35 -39.16
18.35 -39.16
18.35 -39.16
18.53 -39.16
18.53 -39.16
18.53 -39.16
18.71 -39.16
18.71 -39.16
18.71 -39.16
19.26 -39.16
19.26 -39.16
19.26 -39.16
19.44 -39.16
19.44 -39.16
19.44 -39.16
19.63 -39.16
19.63 -39.16
19.63 -39.16
19.81 -39.16
19.81 -39.16
19.81 -39.16
17.44 -38.98
17.44 -38.98
17.44 -38.98
17.62 -38.98
17.62 -38.98
17.62 -38.98
17.98 -38.98
17.98 -38.98
17.98 -38.98
18.17 -38.98
18.17 -38.98
18.17 -38.98
18.35 -38.98
18.35 -38.98
18.35 -38.98
18.53 -38.98
18.53 -38.98
18.53 -38.98
19.08 -38.98
19.08 -38.98
19.08 -38.98
17.44 -38.80
17.44 -38.80
17.44 -38.80
17.62 -38.80
17.62 -38.80
17.62 -38.80
17.80 -38.80
17.80 -38.80
17.80 -38.80
17.98 -38.80
17.98 -38.80
17.98 -38.80
18.17 -38.80
18.17 -38.80
18.17 -38.80
18.53 -38.80
18.53 -38.80
18.53 -38.80
19.08 -38.80
19.08 -38.80
19.08 -38.80
17.44 -38.61
17.44 -38.61
17.44 -38.61
17.62 -38.61
17.62 -38.61
17.62 -38.61
17.80 -38.61
17.80 -38.61
17.80 -38.61
17.98 -38.61
17.98 -38.61
17.98 -38.61
18.17 -38.61
18.17 -38.61
18.17 -38.61
18.35 -38.61
18.35 -38.61
18.35 -38.61
18.53 -38.61
18.53 -38.61
18.53 -38.61
18.71 -38.61
18.71 -38.61
18.71 -38.61
18.90 -38.61
18.90 -38.61
18.90 -38.61
19.08 -38.61
19.08 -38.61
19.08 -38.61
17.44 -38.43
17.44 -38.43
17.44 -38.43
17.62 -38.43
17.62 -38.43
17.62 -38.43
17.80 -38.43
17.80 -38.43
17.80 -38.43
17.98 -38.43
17.98 -38.43
17.98 -38.43
18.17 -38.43
18.17 -38.43
18.17 -38.43
18.35 -38.43
18.35 -38.43
18.35 -38.43
18.53 -38.43
18.53 -38.43
18.53 -38.43
18.71 -38.43
18.71 -38.43
18.71 -38.43
18.90 -38.43
18.90 -38.43
18.90 -38.43
19.08 -38.43
19.08 -38.43
19.08 -38.43
17.44 -38.25
17.44 -38.25
17.44 -38.25
17.62 -38.25
17.62 -38.25
17.62 -38.25
17.80 -38.25
17.80 -38.25
17.80 -38.25
17.98 -38.25
17.98 -38.25
17.98 -38.25
18.17 -38.25
18.17 -38.25
18.17 -38.25
18.35 -38.25
18.35 -38.25
18.35 -38.25
18.53 -38.25
18.53 -38.25
18.53 -38.25
18.71 -38.25
18.71 -38.25
18.71 -38.25
18.90 -38.25
18.90 -38.25
18.90 -38.25
19.08 -38.25
19.08 -38.25
19.08 -38.25
17.44 -38.07
17.44 -38.07
17.44 -38.07
17.62 -38.07
17.62 -38.07
17.62 -38.07
17.80 -38.07
17.80 -38.07
17.80 -38.07
17.98 -38.07
17.98 -38.07
17.98 -38.07
18.17 -38.07
18.17 -38.07
18.17 -38.07
18.35 -38.07
18.35 -38.07
18.35 -38.07
18.53 -38.07
18.53 -38.07
18.53 -38.07
18.71 -38.07
18.71 -38.07
18.71 -38.07
18.90 -38.07
18.90 -38.07
18.90 -38.07
19.08 -38.07
19.08 -38.07
19.08 -38.07
17.44 -37.88
17.44 -37.88
17.44 -37.88
17.62 -37.88
17.62 -37.88
17.62 -37.88
17.80 -37.88
17.80 -37.88
17.80 -37.88
17.98 -37.88
17.98 -37.88
17.98 -37.88
18.17 -37.88
18.17 -37.88
18.17 -37.88
18.35 -37.88
18.35 -37.88
18.35 -37.88
18.53 -37.88
18.53 -37.88
18.53 -37.88
18.71 -37.88
18.71 -37.88
18.71 -37.88
18.90 -37.88
18.90 -37.88
18.90 -37.88
19.08 -37.88
19.08 -37.88
19.08 -37.88
17.44 -37.70
17.44 -37.70
17.44 -37.70
17.62 -37.70
17.62 -37.70
17.62 -37.70
17.80 -37.70
17.80 -37.70
17.80 -37.70
17.98 -37.70
17.98 -37.70
17.98 -37.70
18.17 -37.70
18.17 -37.70
18.17 -37.70
18.35 -37.70
18.35 -37.70
18.35 -37.70
18.53 -37.70
18.53 -37.70
18.53 -37.70
18.71 -37.70
18.71 -37.70
18.71 -37.70
18.90 -37.70
18.90 -37.70
18.90 -37.70
19.08 -37.70
19.08 -37.70
19.08 -37.70
17.44 -37.52
17.44 -37.52
17.44 -37.52
17.62 -37.52
17.62 -37.52
17.62 -37.52
17.80 -37.52
17.80 -37.52
17.80 -37.52
17.98 -37.52
17.98 -37.52
17.98 -37.52
18.17 -37.52
18.17 -37.52
18.17 -37.52
18.35 -37.52
18.35 -37.52
18.35 -37.52
18.53 -37.52
18.53 -37.52
18.53 -37.52
18.71 -37.52
18.71 -37.52
18.71 -37.52
18.90 -37.52
18.90 -37.52
18.90 -37.52
19.08 -37.52
19.08 -37.52
19.08 -37.52
17.44 -37.34
17.44 -37.34
17.44 -37.34
17.62 -37.34
17.62 -37.34
17.62 -37.34
17.80 -37.34
17.80 -37.34
17.80 -37.34
17.98 -37.34
17.98 -37.34
17.98 -37.34
18.17 -37.34
18.17 -37.34
18.17 -37.34
18.35 -37.34
18.35 -37.34
18.35 -37.34
18.53 -37.34
18.53 -37.34
18.53 -37.34
18.71 -37.34
18.71 -37.34
18.71 -37.34
18.90 -37.34
18.90 -37.34
18.90 -37.34
19.08 -37.34
19.08 -37.34
19.08 -37.34
17.44 -37.15
17.44 -37.15
17.44 -37.15
17.62 -37.15
17.62 -37.15
17.62 -37.15
17.80 -37.15
17.80 -37.15
17.80 -37.15
18.17 -37.15
18.17 -37.15
18.17 -37.15
18.35 -37.15
18.35 -37.15
18.35 -37.15
18.53 -37.15
18.53 -37.15
18.53 -37.15
18.71 -37.15
18.71 -37.15
18.71 -37.15
19.08 -37.15
19.08 -37.15
19.08 -37.15
17.62 -36.97
17.62 -36.97
17.62 -36.97
17.80 -36.97
17.80 -36.97
17.80 -36.97
17.98 -36.97
17.98 -36.97
17.98 -36.97
18.90 -36.97
18.90 -36.97
18.90 -36.97
19.08 -36.97
19.08 -36.97
19.08 -36.97
17.44 -36.79
17.44 -36.79
17.44 -36.79
17.62 -36.79
17.62 -36.79
17.62 -36.79
17.80 -36.79
17.80 -36.79
17.80 -36.79
17.98 -36.79
17.98 -36.79
17.98 -36.79
18.17 -36.79
18.17 -36.79
18.17 -36.79
18.53 -36.79
18.53 -36.79
18.53 -36.79
18.90 -36.79
18.90 -36.79
18.90 -36.79
19.08 -36.79
19.08 -36.79
19.08 -36.79
17.44 -36.61
17.44 -36.61
17.44 -36.61
17.80 -36.61
17.80 -36.61
17.80 -36.61
17.98 -36.61
17.98 -36.61
17.98 -36.61
18.17 -36.61
18.17 -36.61
18.17 -36.61
18.35 -36.61
18.35 -36.61
18.35 -36.61
18.71 -36.61
18.71 -36.61
18.71 -36.61
17.44 -36.42
17.44 -36.42
17.44 -36.42
17.62 -36.42
17.62 -36.42
17.62 -36.42
17.80 -36.42
17.80 -36.42
17.80 -36.42
17.44 -36.24
17.44 -36.24
17.44 -36.24
17.62 -36.24
17.62 -36.24
17.62 -36.24
17.80 -36.24
17.80 -36.24
17.80 -36.24
17.80 -36.06
17.80 -36.06
17.80 -36.06
17.44 -35.88
17.44 -35.88
17.44 -35.88
17.62 -35.88
17.62 -35.88
17.62 -35.88
17.80 -35.88
17.80 -35.88
17.80 -35.88
17.44 -35.69
17.44 -35.69
17.44 -35.69
17.62 -35.69
17.62 -35.69
17.62 -35.69
17.80 -35.69
17.80 -35.69
17.80 -35.69
17.62 -35.51
17.62 -35.51
17.62 -35.51
17.80 -35.51
17.80 -35.51
17.80 -35.51
17.44 -35.33
17.44 -35.33
17.44 -35.33
17.62 -35.33
17.62 -35.33
17.62 -35.33
17.62 -34.96
17.62 -34.96
17.62 -34.96
17.80 -34.96
17.80 -34.96
17.80 -34.96
17.44 -34.78
17.44 -34.78
17.44 -34.78
17.62 -34.78
17.62 -34.78
17.62 -34.78
17.62 -34.60
17.62 -34.60
17.62 -34.60
17.80 -34.60
17.80 -34.60
17.80 -34.60
17.44 -34.42
17.44 -34.42
17.44 -34.42
17.62 -34.42
17.62 -34.42
17.62 -34.42
17.98 -34.42
17.98 -34.42
17.98 -34.42
18.17 -34.42
18.17 -34.42
18.17 -34.42
18.35 -34.42
18.35 -34.42
18.35 -34.42
18.53 -34.42
18.53 -34.42
18.53 -34.42
17.44 -34.23
17.44 -34.23
17.44 -34.23
17.80 -34.23
17.80 -34.23
17.80 -34.23
17.98 -34.23
17.98 -34.23
17.98 -34.23
18.17 -34.23
18.17 -34.23
18.17 -34.23
18.35 -34.23
18.35 -34.23
18.35 -34.23
18.53 -34.23
18.53 -34.23
18.53 -34.23
18.71 -34.23
18.71 -34.23
18.71 -34.23
18.90 -34.23
18.90 -34.23
18.90 -34.23
17.98 -34.05
17.98 -34.05
17.98 -34.05
18.53 -34.05
18.53 -34.05
18.53 -34.05
18.71 -34.05
18.71 -34.05
18.71 -34.05
19.08 -34.05
19.08 -34.05
19.08 -34.05
17.98 -33.87
17.98 -33.87
17.98 -33.87
18.17 -33.87
18.17 -33.87
18.17 -33.87
18.35 -33.87
18.35 -33.87
18.35 -33.87
19.08 -33.87
19.08 -33.87
19.08 -33.87
18.71 -33.69
18.71 -33.69
18.71 -33.69
18.90 -33.50
18.90 -33.50
18.90 -33.50
19.08 -33.50
19.08 -33.50
19.08 -33.50
16.71 -30.76
16.71 -30.76
16.71 -30.76
16.89 -30.76
16.89 -30.76
16.89 -30.76
17.07 -30.76
17.07 -30.76
17.07 -30.76
16.34 -30.58
16.34 -30.58
16.34 -30.58
16.71 -30.58
16.71 -30.58
16.71 -30.58
17.25 -30.58
17.25 -30.58
17.25 -30.58
17.25 -30.40
17.25 -30.40
17.25 -30.40
17.25 -30.03
17.25 -30.03
17.25 -30.03
15.43 -29.85
15.43 -29.85
15.43 -29.85
15.61 -29.85
15.61 -29.85
15.61 -29.85
15.43 -29.67
15.43 -29.67
15.43 -29.67
15.61 -29.67
15.61 -29.67
15.61 -29.67
15.79 -29.67
15.79 -29.67
15.79 -29.67
17.80 -29.67
17.80 -29.67
17.80 -29.67
15.79 -29.49
15.79 -29.49
15.79 -29.49
17.44 -29.49
17.44 -29.49
17.44 -29.49
15.43 -29.30
15.43 -29.30
15.43 -29.30
15.61 -29.30
15.61 -29.30
15.61 -29.30
15.98 -29.30
15.98 -29.30
15.98 -29.30
16.16 -29.30
16.16 -29.30
16.16 -29.30
16.34 -29.30
16.34 -29.30
16.34 -29.30
16.71 -29.30
16.71 -29.30
16.71 -29.30
17.44 -29.30
17.44 -29.30
17.44 -29.30
17.62 -29.30
17.62 -29.30
17.62 -29.30
17.80 -29.30
17.80 -29.30
17.80 -29.30
15.61 -29.12
15.61 -29.12
15.61 -29.12
15.98 -29.12
15.98 -29.12
15.98 -29.12
16.34 -29.12
16.34 -29.12
16.34 -29.12
16.71 -29.12
16.71 -29.12
16.71 -29.12
17.07 -29.12
17.07 -29.12
17.07 -29.12
17.25 -29.12
17.25 -29.12
17.25 -29.12
17.62 -28.94
17.62 -28.94
17.62 -28.94
15.61 -28.76
15.61 -28.76
15.61 -28.76
15.79 -28.76
15.79 -28.76
15.79 -28.76
17.80 -28.76
17.80 -28.76
17.80 -28.76
17.25 -28.57
17.25 -28.57
17.25 -28.57
17.80 -28.57
17.80 -28.57
17.80 -28.57
15.43 -28.39
15.43 -28.39
15.43 -28.39
15.79 -28.39
15.79 -28.39
15.79 -28.39
17.25 -28.39
17.25 -28.39
17.25 -28.39
17.62 -28.39
17.62 -28.39
17.62 -28.39
15.61 -28.21
15.61 -28.21
15.61 -28.21
17.44 -28.21
17.44 -28.21
17.44 -28.21
17.62 -28.21
17.62 -28.21
17.62 -28.21
17.80 -28.21
17.80 -28.21
17.80 -28.21
18.17 -28.21
18.17 -28.21
18.17 -28.21
18.35 -28.21
18.35 -28.21
18.35 -28.21
17.44 -28.03
17.44 -28.03
17.44 -28.03
17.80 -28.03
17.80 -28.03
17.80 -28.03
17.98 -28.03
17.98 -28.03
17.98 -28.03
18.53 -28.03
18.53 -28.03
18.53 -28.03
15.43 -27.84
15.43 -27.84
15.43 -27.84
15.98 -27.84
15.98 -27.84
15.98 -27.84
16.52 -27.84
16.52 -27.84
16.52 -27.84
16.89 -27.84
16.89 -27.84
16.89 -27.84
17.98 -27.84
17.98 -27.84
17.98 -27.84
18.35 -27.84
18.35 -27.84
18.35 -27.84
15.98 -27.66
15.98 -27.66
15.98 -27.66
16.16 -27.66
16.16 -27.66
16.16 -27.66
16.34 -27.66
16.34 -27.66
16.34 -27.66
17.62 -27.66
17.62 -27.66
17.62 -27.66
18.17 -27.66
18.17 -27.66
18.17 -27.66
18.35 -27.66
18.35 -27.66
18.35 -27.66
18.53 -27.66
18.53 -27.66
18.53 -27.66
18.53 -27.48
18.53 -27.48
18.53 -27.48
16.16 -27.30
16.16 -27.30
16.16 -27.30
16.34 -27.30
16.34 -27.30
16.34 -27.30
18.17 -27.30
18.17 -27.30
18.17 -27.30
18.35 -27.30
18.35 -27.30
18.35 -27.30
18.53 -27.30
18.53 -27.30
18.53 -27.30
16.34 -27.11
16.34 -27.11
16.34 -27.11
17.98 -27.11
17.98 -27.11
17.98 -27.11
15.98 -26.93
15.98 -26.93
15.98 -26.93
16.34 -26.93
16.34 -26.93
16.34 -26.93
16.71 -26.93
16.71 -26.93
16.71 -26.93
16.89 -26.93
16.89 -26.93
16.89 -26.93
17.25 -26.93
17.25 -26.93
17.25 -26.93
17.62 -26.93
17.62 -26.93
17.62 -26.93
18.17 -26.93
18.17 -26.93
18.17 -26.93
16.52 -26.75
16.52 -26.75
16.52 -26.75
16.71 -26.75
16.71 -26.75
16.71 -26.75
16.89 -26.75
16.89 -26.75
16.89 -26.75
17.80 -26.75
17.80 -26.75
17.80 -26.75
18.35 -26.75
18.35 -26.75
18.35 -26.75
17.25 -26.56
17.25 -26.56
17.25 -26.56
17.62 -26.56
17.62 -26.56
17.62 -26.56
17.80 -26.56
17.80 -26.56
17.80 -26.56
18.17 -26.56
18.17 -26.56
18.17 -26.56
18.53 -26.56
18.53 -26.56
18.53 -26.56
16.71 -26.38
16.71 -26.38
16.71 -26.38
16.89 -26.38
16.89 -26.38
16.89 -26.38
17.07 -26.38
17.07 -26.38
17.07 -26.38
18.53 -26.38
18.53 -26.38
18.53 -26.38
18.71 -26.38
18.71 -26.38
18.71 -26.38
18.90 -26.38
18.90 -26.38
18.90 -26.38
19.08 -26.38
19.08 -26.38
19.08 -26.38
16.71 -26.20
16.71 -26.20
16.71 -26.20
17.07 -26.20
17.07 -26.20
17.07 -26.20
16.71 -26.02
16.71 -26.02
16.71 -26.02
16.89 -26.02
16.89 -26.02
16.89 -26.02
17.07 -26.02
17.07 -26.02
17.07 -26.02
18.71 -26.02
18.71 -26.02
18.71 -26.02
18.90 -26.02
18.90 -26.02
18.90 -26.02
16.89 -25.83
16.89 -25.83
16.89 -25.83
17.07 -25.83
17.07 -25.83
17.07 -25.83
16.89 -25.65
16.89 -25.65
16.89 -25.65
18.17 -25.65
18.17 -25.65
18.17 -25.65
18.53 -25.65
18.53 -25.65
18.53 -25.65
19.08 -25.65
19.08 -25.65
19.08 -25.65
18.35 -25.47
18.35 -25.47
18.35 -25.47
18.35 -25.29
18.35 -25.29
18.35 -25.29
18.53 -25.29
18.53 -25.29
18.53 -25.29
18.71 -25.29
18.71 -25.29
18.71 -25.29
16.89 -25.10
16.89 -25.10
16.89 -25.10
17.07 -25.10
17.07 -25.10
17.07 -25.10
17.25 -25.10
17.25 -25.10
17.25 -25.10
18.35 -25.10
18.35 -25.10
18.35 -25.10
18.53 -25.10
18.53 -25.10
18.53 -25.10
18.71 -25.10
18.71 -25.10
18.71 -25.10
19.08 -25.10
19.08 -25.10
19.08 -25.10
16.71 -24.92
16.71 -24.92
16.71 -24.92
16.89 -24.92
16.89 -24.92
16.89 -24.92
17.07 -24.92
17.07 -24.92
17.07 -24.92
17.25 -24.92
17.25 -24.92
17.25 -24.92
17.44 -24.92
17.44 -24.92
17.44 -24.92
17.62 -24.92
17.62 -24.92
17.62 -24.92
17.80 -24.92
17.80 -24.92
17.80 -24.92
17.98 -24.92
17.98 -24.92
17.98 -24.92
18.17 -24.92
18.17 -24.92
18.17 -24.92
18.35 -24.92
18.35 -24.92
18.35 -24.92
18.53 -24.92
18.53 -24.92
18.53 -24.92
18.71 -24.92
18.71 -24.92
18.71 -24.92
19.08 -24.92
19.08 -24.92
19.08 -24.92
16.71 -24.74
16.71 -24.74
16.71 -24.74
16.89 -24.74
16.89 -24.74
16.89 -24.74
17.07 -24.74
17.07 -24.74
17.07 -24.74
17.25 -24.74
17.25 -24.74
17.25 -24.74
17.62 -24.74
17.62 -24.74
17.62 -24.74
17.80 -24.74
17.80 -24.74
17.80 -24.74
17.98 -24.74
17.98 -24.74
17.98 -24.74
18.17 -24.74
18.17 -24.74
18.17 -24.74
18.35 -24.74
18.35 -24.74
18.35 -24.74
18.53 -24.74
18.53 -24.74
18.53 -24.74
18.71 -24.74
18.71 -24.74
18.71 -24.74
18.90 -24.74
18.90 -24.74
18.90 -24.74
19.08 -24.74
19.08 -24.74
19.08 -24.74
16.71 -24.56
16.71 -24.56
16.71 -24.56
18.35 -24.56
18.35 -24.56
18.35 -24.56
18.71 -24.56
18.71 -24.56
18.71 -24.56
18.90 -24.56
18.90 -24.56
18.90 -24.56
19.08 -24.56
19.08 -24.56
19.08 -24.56
18.35 -24.37
18.35 -24.37
18.35 -24.37
18.71 -24.37
18.71 -24.37
18.71 -24.37
18.90 -24.37
18.90 -24.37
18.90 -24.37
17.98 -24.19
17.98 -24.19
17.98 -24.19
18.17 -24.19
18.17 -24.19
18.17 -24.19
18.35 -24.19
18.35 -24.19
18.35 -24.19
18.53 -24.19
18.53 -24.19
18.53 -24.19
18.71 -24.19
18.71 -24.19
18.71 -24.19
18.90 -24.19
18.90 -24.19
18.90 -24.19
16.89 -24.01
16.89 -24.01
16.89 -24.01
17.44 -24.01
17.44 -24.01
17.44 -24.01
17.98 -24.01
17.98 -24.01
17.98 -24.01
18.17 -24.01
18.17 -24.01
18.17 -24.01
18.53 -24.01
18.53 -24.01
18.53 -24.01
18.90 -24.01
18.90 -24.01
18.90 -24.01
19.08 -24.01
19.08 -24.01
19.08 -24.01
16.71 -23.83
16.71 -23.83
16.71 -23.83
16.89 -23.83
16.89 -23.83
16.89 -23.83
17.44 -23.83
17.44 -23.83
17.44 -23.83
18.17 -23.83
18.17 -23.83
18.17 -23.83
18.35 -23.83
18.35 -23.83
18.35 -23.83
18.53 -23.83
18.53 -23.83
18.53 -23.83
18.90 -23.83
18.90 -23.83
18.90 -23.83
17.07 -23.64
17.07 -23.64
17.07 -23.64
17.25 -23.64
17.25 -23.64
17.25 -23.64
17.62 -23.64
17.62 -23.64
17.62 -23.64
17.80 -23.64
17.80 -23.64
17.80 -23.64
17.98 -23.64
17.98 -23.64
17.98 -23.64
18.17 -23.64
18.17 -23.64
18.17 -23.64
18.35 -23.64
18.35 -23.64
18.35 -23.64
18.53 -23.64
18.53 -23.64
18.53 -23.64
18.71 -23.64
18.71 -23.64
18.71 -23.64
18.90 -23.64
18.90 -23.64
18.90 -23.64
19.08 -23.64
19.08 -23.64
19.08 -23.64
17.80 -23.46
17.80 -23.46
17.80 -23.46
17.98 -23.46
17.98 -23.46
17.98 -23.46
18.35 -23.46
18.35 -23.46
18.35 -23.46
18.53 -23.46
18.53 -23.46
18.53 -23.46
18.90 -23.46
18.90 -23.46
18.90 -23.46
19.08 -23.46
19.08 -23.46
19.08 -23.46
17.98 -23.28
17.98 -23.28
17.98 -23.28
18.17 -23.28
18.17 -23.28
18.17 -23.28
18.35 -23.28
18.35 -23.28
18.35 -23.28
18.53 -23.28
18.53 -23.28
18.53 -23.28
18.90 -23.28
18.90 -23.28
18.90 -23.28
19.08 -23.28
19.08 -23.28
19.08 -23.28
17.25 -23.10
17.25 -23.10
17.25 -23.10
17.44 -23.10
17.44 -23.10
17.44 -23.10
17.98 -23.10
17.98 -23.10
17.98 -23.10
18.35 -23.10
18.35 -23.10
18.35 -23.10
18.53 -23.10
18.53 -23.10
18.53 -23.10
18.90 -23.10
18.90 -23.10
18.90 -23.10
19.08 -23.10
19.08 -23.10
19.08 -23.10
17.25 -22.91
17.25 -22.91
17.25 -22.91
17.98 -22.91
17.98 -22.91
17.98 -22.91
18.17 -22.91
18.17 -22.91
18.17 -22.91
18.53 -22.91
18.53 -22.91
18.53 -22.91
18.71 -22.91
18.71 -22.91
18.71 -22.91
18.90 -22.91
18.90 -22.91
18.90 -22.91
17.25 -22.73
17.25 -22.73
17.25 -22.73
18.71 -22.73
18.71 -22.73
18.71 -22.73
18.90 -22.73
18.90 -22.73
18.90 -22.73
18.90 -22.55
18.90 -22.55
18.90 -22.55
17.25 -21.45
17.25 -21.45
17.25 -21.45
17.62 -21.45
17.62 -21.45
17.62 -21.45
18.35 -21.45
18.35 -21.45
18.35 -21.45
17.44 -21.27
17.44 -21.27
17.44 -21.27
17.62 -21.27
17.62 -21.27
17.62 -21.27
17.80 -21.27
17.80 -21.27
17.80 -21.27
18.17 -21.27
18.17 -21.27
18.17 -21.27
17.25 -21.09
17.25 -21.09
17.25 -21.09
17.44 -21.09
17.44 -21.09
17.44 -21.09
17.98 -21.09
17.98 -21.09
17.98 -21.09
17.62 -20.91
17.62 -20.91
17.62 -20.91
17.25 -20.72
17.25 -20.72
17.25 -20.72
17.62 -20.72
17.62 -20.72
17.62 -20.72
17.25 -20.54
17.25 -20.54
17.25 -20.54
17.62 -20.54
17.62 -20.54
17.62 -20.54
17.80 -20.54
17.80 -20.54
17.80 -20.54
16.52 -19.99
16.52 -19.99
16.52 -19.99
15.98 -19.81
15.98 -19.81
15.98 -19.81
15.25 -19.63
15.25 -19.63
15.25 -19.63
15.43 -19.63
15.43 -19.63
15.43 -19.63
15.79 -19.63
15.79 -19.63
15.79 -19.63
16.34 -19.63
16.34 -19.63
16.34 -19.63
15.61 -19.44
15.61 -19.44
15.61 -19.44
16.16 -19.44
16.16 -19.44
16.16 -19.44
16.52 -19.44
16.52 -19.44
16.52 -19.44
16.89 -19.44
16.89 -19.44
16.89 -19.44
15.25 -19.26
15.25 -19.26
15.25 -19.26
15.43 -19.26
15.43 -19.26
15.43 -19.26
15.61 -19.26
15.61 -19.26
15.61 -19.26
15.98 -19.26
15.98 -19.26
15.98 -19.26
16.71 -19.26
16.71 -19.26
16.71 -19.26
17.07 -19.26
17.07 -19.26
17.07 -19.26
15.43 -19.08
15.43 -19.08
15.43 -19.08
15.79 -19.08
15.79 -19.08
15.79 -19.08
15.61 -18.90
15.61 -18.90
15.61 -18.90
15.79 -18.90
15.79 -18.90
15.79 -18.90
15.98 -17.62
15.98 -17.62
15.98 -17.62
16.34 -17.62
16.34 -17.62
16.34 -17.62
16.52 -17.62
16.52 -17.62
16.52 -17.62
16.52 -17.25
16.52 -17.25
16.52 -17.25
16.52 -16.89
16.52 -16.89
16.52 -16.89
16.52 -16.71
16.52 -16.71
16.52 -16.71
15.25 -16.16
15.25 -16.16
15.25 -16.16
15.43 -16.16
15.43 -16.16
15.43 -16.16
15.43 -15.98
15.43 -15.98
15.43 -15.98
14.51 -13.24
14.51 -13.24
14.51 -13.24
6.48 -3.56
6.48 -3.56
6.48 -3.56
6.66 -3.56
6.66 -3.56
6.66 -3.56
7.58 -3.20
7.58 -3.20
7.58 -3.20
7.76 -3.20
7.76 -3.20
7.76 -3.20
7.21 -3.01
7.21 -3.01
7.21 -3.01
7.76 -3.01
7.76 -3.01
7.76 -3.01
7.39 -2.83
7.39 -2.83
7.39 -2.83
7.58 -2.65
7.58 -2.65
7.58 -2.65
7.76 -2.65
7.76 -2.65
7.76 -2.65
7.39 -2.28
7.39 -2.28
7.39 -2.28
7.58 -2.28
7.58 -2.28
7.58 -2.28
7.39 -2.10
7.39 -2.10
7.39 -2.10
7.58 -2.10
7.58 -2.10
7.58 -2.10
7.21 -1.92
7.21 -1.92
7.21 -1.92
7.39 -1.92
7.39 -1.92
7.39 -1.92
7.21 -1.73
7.21 -1.73
7.21 -1.73
6.12 -1.55
6.12 -1.55
6.12 -1.55
6.48 -1.55
6.48 -1.55
6.48 -1.55
6.66 -1.55
6.66 -1.55
6.66 -1.55
6.85 -1.55
6.85 -1.55
6.85 -1.55
7.03 -1.55
7.03 -1.55
7.03 -1.55
7.58 -1.55
7.58 -1.55
7.58 -1.55
5.02 -1.37
5.02 -1.37
5.02 -1.37
5.39 -1.37
5.39 -1.37
5.39 -1.37
6.48 -1.37
6.48 -1.37
6.48 -1.37
6.66 -1.37
6.66 -1.37
6.66 -1.37
7.39 -1.37
7.39 -1.37
7.39 -1.37
7.58 -1.37
7.58 -1.37
7.58 -1.37
5.39 -1.19
5.39 -1.19
5.39 -1.19
5.93 -1.19
5.93 -1.19
5.93 -1.19
6.12 -1.19
6.12 -1.19
6.12 -1.19
6.30 -1.19
6.30 -1.19
6.30 -1.19
6.66 -1.19
6.66 -1.19
6.66 -1.19
6.85 -1.19
6.85 -1.19
6.85 -1.19
7.03 -1.19
7.03 -1.19
7.03 -1.19
7.21 -1.19
7.21 -1.19
7.21 -1.19
5.39 -1.00
5.39 -1.00
5.39 -1.00
5.57 -1.00
5.57 -1.00
5.57 -1.00
7.03 -1.00
7.03 -1.00
7.03 -1.00
7.39 -1.00
7.39 -1.00
7.39 -1.00
7.58 -1.00
7.58 -1.00
7.58 -1.00
5.02 -0.82
5.02 -0.82
5.02 -0.82
5.20 -0.82
5.20 -0.82
5.20 -0.82
5.75 -0.82
5.75 -0.82
5.75 -0.82
6.85 -0.82
6.85 -0.82
6.85 -0.82
7.03 -0.82
7.03 -0.82
7.03 -0.82
7.39 -0.82
7.39 -0.82
7.39 -0.82
7.58 -0.82
7.58 -0.82
7.58 -0.82
5.02 -0.64
5.02 -0.64
5.02 -0.64
5.20 -0.64
5.20 -0.64
5.20 -0.64
6.12 -0.64
6.12 -0.64
6.12 -0.64
6.30 -0.64
6.30 -0.64
6.30 -0.64
6.48 -0.64
6.48 -0.64
6.48 -0.64
6.66 -0.64
6.66 -0.64
6.66 -0.64
7.03 -0.64
7.03 -0.64
7.03 -0.64
7.58 -0.64
7.58 -0.64
7.58 -0.64
5.93 -0.46
5.93 -0.46
5.93 -0.46
6.12 -0.46
6.12 -0.46
6.12 -0.46
6.30 -0.46
6.30 -0.46
6.30 -0.46
6.66 -0.46
6.66 -0.46
6.66 -0.46
7.03 -0.46
7.03 -0.46
7.03 -0.46
7.21 -0.46
7.21 -0.46
7.21 -0.46
7.39 -0.46
7.39 -0.46
7.39 -0.46
7.58 -0.46
7.58 -0.46
7.58 -0.46
5.75 -0.27
5.75 -0.27
5.75 -0.27
5.93 -0.27
5.93 -0.27
5.93 -0.27
6.48 -0.27
6.48 -0.27
6.48 -0.27
6.66 -0.27
6.66 -0.27
6.66 -0.27
6.85 -0.27
6.85 -0.27
6.85 -0.27
7.03 -0.27
7.03 -0.27
7.03 -0.27
7.21 -0.27
7.21 -0.27
7.21 -0.27
7.39 -0.27
7.39 -0.27
7.39 -0.27
7.58 -0.27
7.58 -0.27
7.58 -0.27
5.93 -0.09
5.93 -0.09
5.93 -0.09
6.12 -0.09
6.12 -0.09
6.12 -0.09
6.30 -0.09
6.30 -0.09
6.30 -0.09
6.48 -0.09
6.48 -0.09
6.48 -0.09
6.66 -0.09
6.66 -0.09
6.66 -0.09
6.85 -0.09
6.85 -0.09
6.85 -0.09
7.39 -0.09
7.39 -0.09
7.39 -0.09
5.75 0.09
5.75 0.09
5.75 0.09
5.93 0.09
5.93 0.09
5.93 0.09
6.12 0.09
6.12 0.09
6.12 0.09
6.66 0.09
6.66 0.09
6.66 0.09
6.85 0.09
6.85 0.09
6.85 0.09
7.39 0.09
7.39 0.09
7.39 0.09
5.75 0.27
5.75 0.27
5.75 0.27
6.30 0.27
6.30 0.27
6.30 0.27
6.48 0.27
6.48 0.27
6.48 0.27
6.66 0.27
6.66 0.27
6.66 0.27
6.85 0.27
6.85 0.27
6.85 0.27
7.03 0.27
7.03 0.27
7.03 0.27
7.21 0.27
7.21 0.27
7.21 0.27
7.39 0.27
7.39 0.27
7.39 0.27
7.58 0.27
7.58 0.27
7.58 0.27
5.93 0.46
5.93 0.46
5.93 0.46
6.12 0.46
6.12 0.46
6.12 0.46
6.30 0.46
6.30 0.46
6.30 0.46
6.66 0.46
6.66 0.46
6.66 0.46
7.03 0.46
7.03 0.46
7.03 0.46
7.21 0.46
7.21 0.46
7.21 0.46
7.39 0.46
7.39 0.46
7.39 0.46
7.58 0.46
7.58 0.46
7.58 0.46
5.75 0.64
5.75 0.64
5.75 0.64
5.93 0.64
5.93 0.64
5.93 0.64
6.12 0.64
6.12 0.64
6.12 0.64
6.48 0.64
6.48 0.64
6.48 0.64
6.66 0.64
6.66 0.64
6.66 0.64
7.03 0.64
7.03 0.64
7.03 0.64
7.21 0.64
7.21 0.64
7.21 0.64
5.75 0.82
5.75 0.82
5.75 0.82
6.12 0.82
6.12 0.82
6.12 0.82
6.30 0.82
6.30 0.82
6.30 0.82
6.48 0.82
6.48 0.82
6.48 0.82
6.66 0.82
6.66 0.82
6.66 0.82
6.85 0.82
6.85 0.82
6.85 0.82
7.03 0.82
7.03 0.82
7.03 0.82
7.39 0.82
7.39 0.82
7.39 0.82
7.58 0.82
7.58 0.82
7.58 0.82
5.75 1.00
5.75 1.00
5.75 1.00
6.12 1.00
6.12 1.00
6.12 1.00
6.30 1.00
6.30 1.00
6.30 1.00
6.66 1.00
6.66 1.00
6.66 1.00
6.85 1.00
6.85 1.00
6.85 1.00
7.03 1.00
7.03 1.00
7.03 1.00
7.21 1.00
7.21 1.00
7.21 1.00
7.39 1.00
7.39 1.00
7.39 1.00
7.58 1.00
7.58 1.00
7.58 1.00
5.75 1.19
5.75 1.19
5.75 1.19
6.12 1.19
6.12 1.19
6.12 1.19
6.30 1.19
6.30 1.19
6.30 1.19
6.48 1.19
6.48 1.19
6.48 1.19
6.66 1.19
6.66 1.19
6.66 1.19
6.85 1.19
6.85 1.19
6.85 1.19
7.03 1.19
7.03 1.19
7.03 1.19
7.21 1.19
7.21 1.19
7.21 1.19
7.39 1.19
7.39 1.19
7.39 1.19
7.58 1.19
7.58 1.19
7.58 1.19
5.75 1.37
5.75 1.37
5.75 1.37
5.93 1.37
5.93 1.37
5.93 1.37
6.12 1.37
6.12 1.37
6.12 1.37
6.30 1.37
6.30 1.37
6.30 1.37
6.48 1.37
6.48 1.37
6.48 1.37
6.66 1.37
6.66 1.37
6.66 1.37
6.85 1.37
6.85 1.37
6.85 1.37
7.03 1.37
7.03 1.37
7.03 1.37
7.39 1.37
7.39 1.37
7.39 1.37
7.58 1.37
7.58 1.37
7.58 1.37
5.75 1.55
5.75 1.55
5.75 1.55
6.12 1.55
6.12 1.55
6.12 1.55
6.30 1.55
6.30 1.55
6.30 1.55
6.48 1.55
6.48 1.55
6.48 1.55
6.85 1.55
6.85 1.55
6.85 1.55
7.03 1.55
7.03 1.55
7.03 1.55
7.21 1.55
7.21 1.55
7.21 1.55
7.39 1.55
7.39 1.55
7.39 1.55
7.58 1.55
7.58 1.55
7.58 1.55
5.93 1.73
5.93 1.73
5.93 1.73
6.12 1.73
6.12 1.73
6.12 1.73
6.30 1.73
6.30 1.73
6.30 1.73
6.48 1.73
6.48 1.73
6.48 1.73
6.85 1.73
6.85 1.73
6.85 1.73
7.03 1.73
7.03 1.73
7.03 1.73
7.21 1.73
7.21 1.73
7.21 1.73
7.39 1.73
7.39 1.73
7.39 1.73
7.58 1.73
7.58 1.73
7.58 1.73
5.93 1.92
5.93 1.92
5.93 1.92
6.12 1.92
6.12 1.92
6.12 1.92
6.30 1.92
6.30 1.92
6.30 1.92
6.48 1.92
6.48 1.92
6.48 1.92
6.66 1.92
6.66 1.92
6.66 1.92
6.85 1.92
6.85 1.92
6.85 1.92
7.03 1.92
7.03 1.92
7.03 1.92
7.21 1.92
7.21 1.92
7.21 1.92
7.39 1.92
7.39 1.92
7.39 1.92
7.58 1.92
7.58 1.92
7.58 1.92
5.93 2.10
5.93 2.10
5.93 2.10
6.12 2.10
6.12 2.10
6.12 2.10
6.66 2.10
6.66 2.10
6.66 2.10
6.85 2.10
6.85 2.10
6.85 2.10
7.03 2.10
7.03 2.10
7.03 2.10
5.75 2.28
5.75 2.28
5.75 2.28
6.12 2.28
6.12 2.28
6.12 2.28
6.30 2.28
6.30 2.28
6.30 2.28
6.48 2.28
6.48 2.28
6.48 2.28
6.66 2.28
6.66 2.28
6.66 2.28
6.85 2.28
6.85 2.28
6.85 2.28
7.39 2.28
7.39 2.28
7.39 2.28
7.58 2.28
7.58 2.28
7.58 2.28
5.75 2.46
5.75 2.46
5.75 2.46
6.12 2.46
6.12 2.46
6.12 2.46
6.30 2.46
6.30 2.46
6.30 2.46
6.66 2.46
6.66 2.46
6.66 2.46
6.85 2.46
6.85 2.46
6.85 2.46
7.21 2.46
7.21 2.46
7.21 2.46
7.39 2.46
7.39 2.46
7.39 2.46
7.58 2.46
7.58 2.46
7.58 2.46
5.75 2.65
5.75 2.65
5.75 2.65
5.93 2.65
5.93 2.65
5.93 2.65
6.12 2.65
6.12 2.65
6.12 2.65
6.30 2.65
6.30 2.65
6.30 2.65
6.48 2.65
6.48 2.65
6.48 2.65
6.85 2.65
6.85 2.65
6.85 2.65
7.03 2.65
7.03 2.65
7.03 2.65
7.21 2.65
7.21 2.65
7.21 2.65
7.39 2.65
7.39 2.65
7.39 2.65
5.75 2.83
5.75 2.83
5.75 2.83
5.93 2.83
5.93 2.83
5.93 2.83
6.12 2.83
6.12 2.83
6.12 2.83
6.30 2.83
6.30 2.83
6.30 2.83
6.48 2.83
6.48 2.83
6.48 2.83
6.66 2.83
6.66 2.83
6.66 2.83
6.85 2.83
6.85 2.83
6.85 2.83
7.03 2.83
7.03 2.83
7.03 2.83
7.21 2.83
7.21 2.83
7.21 2.83
7.39 2.83
7.39 2.83
7.39 2.83
7.58 2.83
7.58 2.83
7.58 2.83
5.93 3.01
5.93 3.01
5.93 3.01
6.12 3.01
6.12 3.01
6.12 3.01
6.30 3.01
6.30 3.01
6.30 3.01
6.66 3.01
6.66 3.01
6.66 3.01
6.85 3.01
6.85 3.01
6.85 3.01
7.21 3.01
7.21 3.01
7.21 3.01
7.39 3.01
7.39 3.01
7.39 3.01
7.58 3.01
7.58 3.01
7.58 3.01
5.93 3.20
5.93 3.20
5.93 3.20
6.12 3.20
6.12 3.20
6.12 3.20
6.30 3.20
6.30 3.20
6.30 3.20
6.48 3.20
6.48 3.20
6.48 3.20
6.66 3.20
6.66 3.20
6.66 3.20
7.21 3.20
7.21 3.20
7.21 3.20
7.39 3.20
7.39 3.20
7.39 3.20
7.58 3.20
7.58 3.20
7.58 3.20
5.75 3.38
5.75 3.38
5.75 3.38
5.93 3.38
5.93 3.38
5.93 3.38
6.12 3.38
6.12 3.38
6.12 3.38
6.30 3.38
6.30 3.38
6.30 3.38
6.48 3.38
6.48 3.38
6.48 3.38
6.66 3.38
6.66 3.38
6.66 3.38
7.03 3.38
7.03 3.38
7.03 3.38
7.21 3.38
7.21 3.38
7.21 3.38
7.58 3.38
7.58 3.38
7.58 3.38
5.75 3.56
5.75 3.56
5.75 3.56
5.93 3.56
5.93 3.56
5.93 3.56
6.12 3.56
6.12 3.56
6.12 3.56
6.30 3.56
6.30 3.56
6.30 3.56
6.48 3.56
6.48 3.56
6.48 3.56
6.66 3.56
6.66 3.56
6.66 3.56
7.03 3.56
7.03 3.56
7.03 3.56
7.21 3.56
7.21 3.56
7.21 3.56
7.58 3.56
7.58 3.56
7.58 3.56
5.93 3.74
5.93 3.74
5.93 3.74
6.12 3.74
6.12 3.74
6.12 3.74
6.30 3.74
6.30 3.74
6.30 3.74
6.48 3.74
6.48 3.74
6.48 3.74
6.66 3.74
6.66 3.74
6.66 3.74
6.85 3.74
6.85 3.74
6.85 3.74
7.21 3.74
7.21 3.74
7.21 3.74
7.39 3.74
7.39 3.74
7.39 3.74
7.58 3.74
7.58 3.74
7.58 3.74
5.93 3.93
5.93 3.93
5.93 3.93
6.12 3.93
6.12 3.93
6.12 3.93
6.30 3.93
6.30 3.93
6.30 3.93
6.48 3.93
6.48 3.93
6.48 3.93
6.66 3.93
6.66 3.93
6.66 3.93
6.85 3.93
6.85 3.93
6.85 3.93
7.21 3.93
7.21 3.93
7.21 3.93
7.39 3.93
7.39 3.93
7.39 3.93
7.58 3.93
7.58 3.93
7.58 3.93
5.93 4.11
5.93 4.11
5.93 4.11
6.12 4.11
6.12 4.11
6.12 4.11
6.30 4.11
6.30 4.11
6.30 4.11
6.48 4.11
6.48 4.11
6.48 4.11
6.66 4.11
6.66 4.11
6.66 4.11
6.85 4.11
6.85 4.11
6.85 4.11
7.21 4.11
7.21 4.11
7.21 4.11
7.39 4.11
7.39 4.11
7.39 4.11
7.58 4.11
7.58 4.11
7.58 4.11
5.75 4.29
5.75 4.29
5.75 4.29
5.93 4.29
5.93 4.29
5.93 4.29
6.12 4.29
6.12 4.29
6.12 4.29
6.30 4.29
6.30 4.29
6.30 4.29
6.48 4.29
6.48 4.29
6.48 4.29
6.66 4.29
6.66 4.29
6.66 4.29
7.39 4.29
7.39 4.29
7.39 4.29
5.75 4.47
5.75 4.47
5.75 4.47
5.93 4.47
5.93 4.47
5.93 4.47
6.12 4.47
6.12 4.47
6.12 4.47
6.30 4.47
6.30 4.47
6.30 4.47
6.48 4.47
6.48 4.47
6.48 4.47
5.75 4.66
5.75 4.66
5.75 4.66
5.93 4.66
5.93 4.66
5.93 4.66
6.12 4.66
6.12 4.66
6.12 4.66
6.48 4.66
6.48 4.66
6.48 4.66
5.75 4.84
5.75 4.84
5.75 4.84
6.12 4.84
6.12 4.84
6.12 4.84
6.48 4.84
6.48 4.84
6.48 4.84
7.03 4.84
7.03 4.84
7.03 4.84
7.39 4.84
7.39 4.84
7.39 4.84
5.75 5.02
5.75 5.02
5.75 5.02
6.66 5.02
6.66 5.02
6.66 5.02
7.03 5.02
7.03 5.02
7.03 5.02
7.39 5.02
7.39 5.02
7.39 5.02
7.58 5.02
7.58 5.02
7.58 5.02
6.12 5.20
6.12 5.20
6.12 5.20
6.30 5.20
6.30 5.20
6.30 5.20
6.66 5.20
6.66 5.20
6.66 5.20
7.21 5.20
7.21 5.20
7.21 5.20
7.39 5.20
7.39 5.20
7.39 5.20
7.58 5.20
7.58 5.20
7.58 5.20
6.48 5.39
6.48 5.39
6.48 5.39
6.85 5.39
6.85 5.39
6.85 5.39
7.03 5.39
7.03 5.39
7.03 5.39
7.21 5.39
7.21 5.39
7.21 5.39
7.39 5.39
7.39 5.39
7.39 5.39
7.58 5.39
7.58 5.39
7.58 5.39
6.48 5.57
6.48 5.57
6.48 5.57
6.85 5.57
6.85 5.57
6.85 5.57
7.21 5.57
7.21 5.57
7.21 5.57
5.39 5.75
5.39 5.75
5.39 5.75
5.57 5.75
5.57 5.75
5.57 5.75
5.75 5.75
5.75 5.75
5.75 5.75
5.93 5.75
5.93 5.75
5.93 5.75
6.12 5.75
6.12 5.75
6.12 5.75
6.66 5.75
6.66 5.75
6.66 5.75
7.21 5.75
7.21 5.75
7.21 5.75
7.76 5.75
7.76 5.75
7.76 5.75
8.12 5.75
8.12 5.75
8.12 5.75
5.20 5.93
5.20 5.93
5.20 5.93
5.93 5.93
5.93 5.93
5.93 5.93
6.12 5.93
6.12 5.93
6.12 5.93
6.30 5.93
6.30 5.93
6.30 5.93
6.48 5.93
6.48 5.93
6.48 5.93
6.85 5.93
6.85 5.93
6.85 5.93
7.03 5.93
7.03 5.93
7.03 5.93
7.21 5.93
7.21 5.93
7.21 5.93
7.39 5.93
7.39 5.93
7.39 5.93
7.58 5.93
7.58 5.93
7.58 5.93
7.76 5.93
7.76 5.93
7.76 5.93
7.94 5.93
7.94 5.93
7.94 5.93
5.57 6.12
5.57 6.12
5.57 6.12
5.75 6.12
5.75 6.12
5.75 6.12
5.93 6.12
5.93 6.12
5.93 6.12
6.85 6.12
6.85 6.12
6.85 6.12
7.03 6.12
7.03 6.12
7.03 6.12
8.31 6.12
8.31 6.12
8.31 6.12
5.02 6.30
5.02 6.30
5.02 6.30
5.20 6.30
5.20 6.30
5.20 6.30
6.66 6.30
6.66 6.30
6.66 6.30
7.03 6.30
7.03 6.30
7.03 6.30
7.21 6.30
7.21 6.30
7.21 6.30
7.76 6.30
7.76 6.30
7.76 6.30
7.94 6.30
7.94 6.30
7.94 6.30
8.31 6.30
8.31 6.30
8.31 6.30
5.02 6.48
5.02 6.48
5.02 6.48
5.20 6.48
5.20 6.48
5.20 6.48
5.75 6.48
5.75 6.48
5.75 6.48
7.03 6.48
7.03 6.48
7.03 6.48
7.21 6.48
7.21 6.48
7.21 6.48
7.39 6.48
7.39 6.48
7.39 6.48
7.58 6.48
7.58 6.48
7.58 6.48
7.76 6.48
7.76 6.48
7.76 6.48
8.12 6.48
8.12 6.48
8.12 6.48
8.31 6.48
8.31 6.48
8.31 6.48
8.49 6.48
8.49 6.48
8.49 6.48
8.67 6.48
8.67 6.48
8.67 6.48
5.02 6.66
5.02 6.66
5.02 6.66
5.39 6.66
5.39 6.66
5.39 6.66
5.57 6.66
5.57 6.66
5.57 6.66
5.93 6.66
5.93 6.66
5.93 6.66
6.66 6.66
6.66 6.66
6.66 6.66
6.85 6.66
6.85 6.66
6.85 6.66
7.03 6.66
7.03 6.66
7.03 6.66
7.21 6.66
7.21 6.66
7.21 6.66
7.39 6.66
7.39 6.66
7.39 6.66
7.58 6.66
7.58 6.66
7.58 6.66
7.76 6.66
7.76 6.66
7.76 6.66
7.94 6.66
7.94 6.66
7.94 6.66
8.12 6.66
8.12 6.66
8.12 6.66
8.31 6.66
8.31 6.66
8.31 6.66
8.67 6.66
8.67 6.66
8.67 6.66
5.02 6.85
5.02 6.85
5.02 6.85
5.20 6.85
5.20 6.85
5.20 6.85
5.39 6.85
5.39 6.85
5.39 6.85
5.93 6.85
5.93 6.85
5.93 6.85
6.48 6.85
6.48 6.85
6.48 6.85
7.03 6.85
7.03 6.85
7.03 6.85
7.21 6.85
7.21 6.85
7.21 6.85
7.39 6.85
7.39 6.85
7.39 6.85
7.58 6.85
7.58 6.85
7.58 6.85
7.76 6.85
7.76 6.85
7.76 6.85
7.94 6.85
7.94 6.85
7.94 6.85
8.12 6.85
8.12 6.85
8.12 6.85
8.31 6.85
8.31 6.85
8.31 6.85
8.67 6.85
8.67 6.85
8.67 6.85
8.85 6.85
8.85 6.85
8.85 6.85
5.02 7.03
5.02 7.03
5.02 7.03
5.20 7.03
5.20 7.03
5.20 7.03
5.93 7.03
5.93 7.03
5.93 7.03
6.12 7.03
6.12 7.03
6.12 7.03
7.39 7.03
7.39 7.03
7.39 7.03
7.58 7.03
7.58 7.03
7.58 7.03
7.76 7.03
7.76 7.03
7.76 7.03
7.94 7.03
7.94 7.03
7.94 7.03
8.12 7.03
8.12 7.03
8.12 7.03
8.31 7.03
8.31 7.03
8.31 7.03
8.49 7.03
8.49 7.03
8.49 7.03
8.67 7.03
8.67 7.03
8.67 7.03
8.85 7.03
8.85 7.03
8.85 7.03
5.39 7.21
5.39 7.21
5.39 7.21
5.57 7.21
5.57 7.21
5.57 7.21
5.75 7.21
5.75 7.21
5.75 7.21
6.12 7.21
6.12 7.21
6.12 7.21
6.48 7.21
6.48 7.21
6.48 7.21
7.39 7.21
7.39 7.21
7.39 7.21
7.58 7.21
7.58 7.21
7.58 7.21
7.76 7.21
7.76 7.21
7.76 7.21
7.94 7.21
7.94 7.21
7.94 7.21
8.12 7.21
8.12 7.21
8.12 7.21
8.31 7.21
8.31 7.21
8.31 7.21
8.49 7.21
8.49 7.21
8.49 7.21
8.67 7.21
8.67 7.21
8.67 7.21
5.75 7.39
5.75 7.39
5.75 7.39
6.12 7.39
6.12 7.39
6.12 7.39
6.66 7.39
6.66 7.39
6.66 7.39
6.85 7.39
6.85 7.39
6.85 7.39
7.03 7.39
7.03 7.39
7.03 7.39
7.21 7.39
7.21 7.39
7.21 7.39
7.39 7.39
7.39 7.39
7.39 7.39
7.58 7.39
7.58 7.39
7.58 7.39
7.76 7.39
7.76 7.39
7.76 7.39
7.94 7.39
7.94 7.39
7.94 7.39
8.12 7.39
8.12 7.39
8.12 7.39
8.31 7.39
8.31 7.39
8.31 7.39
8.49 7.39
8.49 7.39
8.49 7.39
5.93 7.58
5.93 7.58
5.93 7.58
6.12 7.58
6.12 7.58
6.12 7.58
6.66 7.58
6.66 7.58
6.66 7.58
6.85 7.58
6.85 7.58
6.85 7.58
7.03 7.58
7.03 7.58
7.03 7.58
7.21 7.58
7.21 7.58
7.21 7.58
7.39 7.58
7.39 7.58
7.39 7.58
7.58 7.58
7.58 7.58
7.58 7.58
7.76 7.58
7.76 7.58
7.76 7.58
7.94 7.58
7.94 7.58
7.94 7.58
8.12 7.58
8.12 7.58
8.12 7.58
8.49 7.58
8.49 7.58
8.49 7.58
8.85 7.58
8.85 7.58
8.85 7.58
5.75 7.76
5.75 7.76
5.75 7.76
5.93 7.76
5.93 7.76
5.93 7.76
6.30 7.76
6.30 7.76
6.30 7.76
6.48 7.76
6.48 7.76
6.48 7.76
6.66 7.76
6.66 7.76
6.66 7.76
6.85 7.76
6.85 7.76
6.85 7.76
7.03 7.76
7.03 7.76
7.03 7.76
7.21 7.76
7.21 7.76
7.21 7.76
7.39 7.76
7.39 7.76
7.39 7.76
7.58 7.76
7.58 7.76
7.58 7.76
7.76 7.76
7.76 7.76
7.76 7.76
7.94 7.76
7.94 7.76
7.94 7.76
8.12 7.76
8.12 7.76
8.12 7.76
8.49 7.76
8.49 7.76
8.49 7.76
8.85 7.76
8.85 7.76
8.85 7.76
5.93 7.94
5.93 7.94
5.93 7.94
6.30 7.94
6.30 7.94
6.30 7.94
7.58 7.94
7.58 7.94
7.58 7.94
7.76 7.94
7.76 7.94
7.76 7.94
7.94 7.94
7.94 7.94
7.94 7.94
8.12 7.94
8.12 7.94
8.12 7.94
8.49 7.94
8.49 7.94
8.49 7.94
8.85 7.94
8.85 7.94
8.85 7.94
5.75 8.12
5.75 8.12
5.75 8.12
6.12 8.12
6.12 8.12
6.12 8.12
6.30 8.12
6.30 8.12
6.30 8.12
6.48 8.12
6.48 8.12
6.48 8.12
7.21 8.12
7.21 8.12
7.21 8.12
7.39 8.12
7.39 8.12
7.39 8.12
7.58 8.12
7.58 8.12
7.58 8.12
7.76 8.12
7.76 8.12
7.76 8.12
7.94 8.12
7.94 8.12
7.94 8.12
8.12 8.12
8.12 8.12
8.12 8.12
8.67 8.12
8.67 8.12
8.67 8.12
8.85 8.12
8.85 8.12
8.85 8.12
5.75 8.31
5.75 8.31
5.75 8.31
6.12 8.31
6.12 8.31
6.12 8.31
6.30 8.31
6.30 8.31
6.30 8.31
6.48 8.31
6.48 8.31
6.48 8.31
7.03 8.31
7.03 8.31
7.03 8.31
7.21 8.31
7.21 8.31
7.21 8.31
7.39 8.31
7.39 8.31
7.39 8.31
7.58 8.31
7.58 8.31
7.58 8.31
7.76 8.31
7.76 8.31
7.76 8.31
7.94 8.31
7.94 8.31
7.94 8.31
8.31 8.31
8.31 8.31
8.31 8.31
8.49 8.31
8.49 8.31
8.49 8.31
8.67 8.31
8.67 8.31
8.67 8.31
8.85 8.31
8.85 8.31
8.85 8.31
5.75 8.49
5.75 8.49
5.75 8.49
5.93 8.49
5.93 8.49
5.93 8.49
6.66 8.49
6.66 8.49
6.66 8.49
6.85 8.49
6.85 8.49
6.85 8.49
7.03 8.49
7.03 8.49
7.03 8.49
7.21 8.49
7.21 8.49
7.21 8.49
7.39 8.49
7.39 8.49
7.39 8.49
7.58 8.49
7.58 8.49
7.58 8.49
7.76 8.49
7.76 8.49
7.76 8.49
7.94 8.49
7.94 8.49
7.94 8.49
8.12 8.49
8.12 8.49
8.12 8.49
8.31 8.49
8.31 8.49
8.31 8.49
8.49 8.49
8.49 8.49
8.49 8.49
5.75 8.67
5.75 8.67
5.75 8.67
5.93 8.67
5.93 8.67
5.93 8.67
6.48 8.67
6.48 8.67
6.48 8.67
6.66 8.67
6.66 8.67
6.66 8.67
6.85 8.67
6.85 8.67
6.85 8.67
7.03 8.67
7.03 8.67
7.03 8.67
7.21 8.67
7.21 8.67
7.21 8.67
7.39 8.67
7.39 8.67
7.39 8.67
7.58 8.67
7.58 8.67
7.58 8.67
7.76 8.67
7.76 8.67
7.76 8.67
7.94 8.67
7.94 8.67
7.94 8.67
8.49 8.67
8.49 8.67
8.49 8.67
8.67 8.67
8.67 8.67
8.67 8.67
8.85 8.67
8.85 8.67
8.85 8.67
6.66 8.85
6.66 8.85
6.66 8.85
6.85 8.85
6.85 8.85
6.85 8.85
7.03 8.85
7.03 8.85
7.03 8.85
7.21 8.85
7.21 8.85
7.21 8.85
7.39 8.85
7.39 8.85
7.39 8.85
7.58 8.85
7.58 8.85
7.58 8.85
7.76 8.85
7.76 8.85
7.76 8.85
7.94 8.85
7.94 8.85
7.94 8.85
8.12 8.85
8.12 8.85
8.12 8.85
8.67 8.85
8.67 8.85
8.67 8.85
9.59 8.85
9.59 8.85
9.59 8.85
6.30 9.04
6.30 9.04
6.30 9.04
6.48 9.04
6.48 9.04
6.48 9.04
6.66 9.04
6.66 9.04
6.66 9.04
6.85 9.04
6.85 9.04
6.85 9.04
7.03 9.04
7.03 9.04
7.03 9.04
7.21 9.04
7.21 9.04
7.21 9.04
7.39 9.04
7.39 9.04
7.39 9.04
7.58 9.04
7.58 9.04
7.58 9.04
7.76 9.04
7.76 9.04
7.76 9.04
7.94 9.04
7.94 9.04
7.94 9.04
8.49 9.04
8.49 9.04
8.49 9.04
8.67 9.04
8.67 9.04
8.67 9.04
6.30 9.22
6.30 9.22
6.30 9.22
6.48 9.22
6.48 9.22
6.48 9.22
6.66 9.22
6.66 9.22
6.66 9.22
6.85 9.22
6.85 9.22
6.85 9.22
7.03 9.22
7.03 9.22
7.03 9.22
7.21 9.22
7.21 9.22
7.21 9.22
7.39 9.22
7.39 9.22
7.39 9.22
7.58 9.22
7.58 9.22
7.58 9.22
7.76 9.22
7.76 9.22
7.76 9.22
7.94 9.22
7.94 9.22
7.94 9.22
8.31 9.22
8.31 9.22
8.31 9.22
8.85 9.22
8.85 9.22
8.85 9.22
9.04 9.22
9.04 9.22
9.04 9.22
9.22 9.22
9.22 9.22
9.22 9.22
6.30 9.40
6.30 9.40
6.30 9.40
6.48 9.40
6.48 9.40
6.48 9.40
8.12 9.40
8.12 9.40
8.12 9.40
8.31 9.40
8.31 9.40
8.31 9.40
8.49 9.40
8.49 9.40
8.49 9.40
9.40 9.40
9.40 9.40
9.40 9.40
9.59 9.40
9.59 9.40
9.59 9.40
6.48 9.59
6.48 9.59
6.48 9.59
7.58 9.59
7.58 9.59
7.58 9.59
7.76 9.59
7.76 9.59
7.76 9.59
7.94 9.59
7.94 9.59
7.94 9.59
8.12 9.59
8.12 9.59
8.12 9.59
8.31 9.59
8.31 9.59
8.31 9.59
8.49 9.59
8.49 9.59
8.49 9.59
8.67 9.59
8.67 9.59
8.67 9.59
6.66 9.77
6.66 9.77
6.66 9.77
6.85 9.77
6.85 9.77
6.85 9.77
7.03 9.77
7.03 9.77
7.03 9.77
7.21 9.77
7.21 9.77
7.21 9.77
7.76 9.77
7.76 9.77
7.76 9.77
7.94 9.77
7.94 9.77
7.94 9.77
8.12 9.77
8.12 9.77
8.12 9.77
8.31 9.77
8.31 9.77
8.31 9.77
8.49 9.77
8.49 9.77
8.49 9.77
8.67 9.77
8.67 9.77
8.67 9.77
8.85 9.77
8.85 9.77
8.85 9.77
9.04 9.77
9.04 9.77
9.04 9.77
6.66 9.95
6.66 9.95
6.66 9.95
6.85 9.95
6.85 9.95
6.85 9.95
7.03 9.95
7.03 9.95
7.03 9.95
7.21 9.95
7.21 9.95
7.21 9.95
8.12 9.95
8.12 9.95
8.12 9.95
8.31 9.95
8.31 9.95
8.31 9.95
8.49 9.95
8.49 9.95
8.49 9.95
8.67 9.95
8.67 9.95
8.67 9.95
8.85 9.95
8.85 9.95
8.85 9.95
9.04 9.95
9.04 9.95
9.04 9.95
9.22 9.95
9.22 9.95
9.22 9.95
9.40 9.95
9.40 9.95
9.40 9.95
6.30 10.13
6.30 10.13
6.30 10.13
6.48 10.13
6.48 10.13
6.48 10.13
7.76 10.13
7.76 10.13
7.76 10.13
7.94 10.13
7.94 10.13
7.94 10.13
8.85 10.13
8.85 10.13
8.85 10.13
9.04 10.13
9.04 10.13
9.04 10.13
9.22 10.13
9.22 10.13
9.22 10.13
9.40 10.13
9.40 10.13
9.40 10.13
9.59 10.13
9.59 10.13
9.59 10.13
9.95 10.13
9.95 10.13
9.95 10.13
6.30 10.32
6.30 10.32
6.30 10.32
7.76 10.32
7.76 10.32
7.76 10.32
7.94 10.32
7.94 10.32
7.94 10.32
8.85 10.32
8.85 10.32
8.85 10.32
9.04 10.32
9.04 10.32
9.04 10.32
9.22 10.32
9.22 10.32
9.22 10.32
9.40 10.32
9.40 10.32
9.40 10.32
9.59 10.32
9.59 10.32
9.59 10.32
8.67 10.50
8.67 10.50
8.67 10.50
8.85 10.50
8.85 10.50
8.85 10.50
9.04 10.50
9.04 10.50
9.04 10.50
9.22 10.50
9.22 10.50
9.22 10.50
9.40 10.50
9.40 10.50
9.40 10.50
9.59 10.50
9.59 10.50
9.59 10.50
10.86 10.50
10.86 10.50
10.86 10.50
6.48 10.68
6.48 10.68
6.48 10.68
8.67 10.68
8.67 10.68
8.67 10.68
8.85 10.68
8.85 10.68
8.85 10.68
9.04 10.68
9.04 10.68
9.04 10.68
9.22 10.68
9.22 10.68
9.22 10.68
9.40 10.68
9.40 10.68
9.40 10.68
9.59 10.68
9.59 10.68
9.59 10.68
9.95 10.68
9.95 10.68
9.95 10.68
10.13 10.68
10.13 10.68
10.13 10.68
10.32 10.68
10.32 10.68
10.32 10.68
10.50 10.68
10.50 10.68
10.50 10.68
10.86 10.68
10.86 10.68
10.86 10.68
7.76 10.86
7.76 10.86
7.76 10.86
7.94 10.86
7.94 10.86
7.94 10.86
9.95 10.86
9.95 10.86
9.95 10.86
10.13 10.86
10.13 10.86
10.13 10.86
10.50 10.86
10.50 10.86
10.50 10.86
10.68 10.86
10.68 10.86
10.68 10.86
7.03 11.05
7.03 11.05
7.03 11.05
7.76 11.05
7.76 11.05
7.76 11.05
8.31 11.05
8.31 11.05
8.31 11.05
8.67 11.05
8.67 11.05
8.67 11.05
10.32 11.05
10.32 11.05
10.32 11.05
10.50 11.05
10.50 11.05
10.50 11.05
10.68 11.05
10.68 11.05
10.68 11.05
10.86 11.05
10.86 11.05
10.86 11.05
8.12 11.23
8.12 11.23
8.12 11.23
8.31 11.23
8.31 11.23
8.31 11.23
8.67 11.23
8.67 11.23
8.67 11.23
8.85 11.23
8.85 11.23
8.85 11.23
9.04 11.23
9.04 11.23
9.04 11.23
7.03 11.41
7.03 11.41
7.03 11.41
7.21 11.41
7.21 11.41
7.21 11.41
7.39 11.41
7.39 11.41
7.39 11.41
7.94 11.41
7.94 11.41
7.94 11.41
8.12 11.41
8.12 11.41
8.12 11.41
8.31 11.41
8.31 11.41
8.31 11.41
8.49 11.41
8.49 11.41
8.49 11.41
8.85 11.41
8.85 11.41
8.85 11.41
9.04 11.41
9.04 11.41
9.04 11.41
9.40 11.41
9.40 11.41
9.40 11.41
11.41 11.41
11.41 11.41
11.41 11.41
7.76 11.59
7.76 11.59
7.76 11.59
8.49 11.59
8.49 11.59
8.49 11.59
9.04 11.59
9.04 11.59
9.04 11.59
9.22 11.59
9.22 11.59
9.22 11.59
9.59 11.59
9.59 11.59
9.59 11.59
11.05 11.59
11.05 11.59
11.05 11.59
7.76 11.78
7.76 11.78
7.76 11.78
8.67 11.78
8.67 11.78
8.67 11.78
9.04 11.78
9.04 11.78
9.04 11.78
9.22 11.78
9.22 11.78
9.22 11.78
11.23 11.78
11.23 11.78
11.23 11.78
11.41 11.78
11.41 11.78
11.41 11.78
11.59 11.78
11.59 11.78
11.59 11.78
7.94 11.96
7.94 11.96
7.94 11.96
8.12 11.96
8.12 11.96
8.12 11.96
8.31 11.96
8.31 11.96
8.31 11.96
8.67 11.96
8.67 11.96
8.67 11.96
9.40 11.96
9.40 11.96
9.40 11.96
10.86 11.96
10.86 11.96
10.86 11.96
11.05 11.96
11.05 11.96
11.05 11.96
11.96 11.96
11.96 11.96
11.96 11.96
8.31 12.14
8.31 12.14
8.31 12.14
9.40 12.14
9.40 12.14
9.40 12.14
9.59 12.14
9.59 12.14
9.59 12.14
9.77 12.14
9.77 12.14
9.77 12.14
11.23 12.14
11.23 12.14
11.23 12.14
11.41 12.14
11.41 12.14
11.41 12.14
11.59 12.14
11.59 12.14
11.59 12.14
11.96 12.14
11.96 12.14
11.96 12.14
12.14 12.14
12.14 12.14
12.14 12.14
12.32 12.14
12.32 12.14
12.32 12.14
8.31 12.32
8.31 12.32
8.31 12.32
8.49 12.32
8.49 12.32
8.49 12.32
9.04 12.32
9.04 12.32
9.04 12.32
9.40 12.32
9.40 12.32
9.40 12.32
9.59 12.32
9.59 12.32
9.59 12.32
9.77 12.32
9.77 12.32
9.77 12.32
9.95 12.32
9.95 12.32
9.95 12.32
10.13 12.32
10.13 12.32
10.13 12.32
11.78 12.32
11.78 12.32
11.78 12.32
8.31 12.51
8.31 12.51
8.31 12.51
8.85 12.51
8.85 12.51
8.85 12.51
9.40 12.51
9.40 12.51
9.40 12.51
9.77 12.51
9.77 12.51
9.77 12.51
9.95 12.51
9.95 12.51
9.95 12.51
9.04 12.69
9.04 12.69
9.04 12.69
9.22 12.69
9.22 12.69
9.22 12.69
9.59 12.69
9.59 12.69
9.59 12.69
9.77 12.69
9.77 12.69
9.77 12.69
9.95 12.69
9.95 12.69
9.95 12.69
12.14 12.69
12.14 12.69
12.14 12.69
12.32 12.69
12.32 12.69
12.32 12.69
9.22 12.87
9.22 12.87
9.22 12.87
9.40 12.87
9.40 12.87
9.40 12.87
9.59 12.87
9.59 12.87
9.59 12.87
9.04 13.05
9.04 13.05
9.04 13.05
9.22 13.05
9.22 13.05
9.22 13.05
9.59 13.05
9.59 13.05
9.59 13.05
10.13 13.05
10.13 13.05
10.13 13.05
10.68 13.05
10.68 13.05
10.68 13.05
12.51 13.05
12.51 13.05
12.51 13.05
12.87 13.05
12.87 13.05
12.87 13.05
9.04 13.24
9.04 13.24
9.04 13.24
9.22 13.24
9.22 13.24
9.22 13.24
9.40 13.24
9.40 13.24
9.40 13.24
9.77 13.24
9.77 13.24
9.77 13.24
10.13 13.24
10.13 13.24
10.13 13.24
10.32 13.24
10.32 13.24
10.32 13.24
10.68 13.24
10.68 13.24
10.68 13.24
11.05 13.24
11.05 13.24
11.05 13.24
11.23 13.24
11.23 13.24
11.23 13.24
12.14 13.24
12.14 13.24
12.14 13.24
12.32 13.24
12.32 13.24
12.32 13.24
12.51 13.24
12.51 13.24
12.51 13.24
12.69 13.24
12.69 13.24
12.69 13.24
12.87 13.24
12.87 13.24
12.87 13.24
13.24 13.24
13.24 13.24
13.24 13.24
13.42 13.24
13.42 13.24
13.42 13.24
9.77 13.42
9.77 13.42
9.77 13.42
10.13 13.42
10.13 13.42
10.13 13.42
10.32 13.42
10.32 13.42
10.32 13.42
10.68 13.42
10.68 13.42
10.68 13.42
11.05 13.42
11.05 13.42
11.05 13.42
11.23 13.42
11.23 13.42
11.23 13.42
11.41 13.42
11.41 13.42
11.41 13.42
11.59 13.42
11.59 13.42
11.59 13.42
11.78 13.42
11.78 13.42
11.78 13.42
11.96 13.42
11.96 13.42
11.96 13.42
12.14 13.42
12.14 13.42
12.14 13.42
12.32 13.42
12.32 13.42
12.32 13.42
13.24 13.42
13.24 13.42
13.24 13.42
13.60 13.42
13.60 13.42
13.60 13.42
9.95 13.60
9.95 13.60
9.95 13.60
10.32 13.60
10.32 13.60
10.32 13.60
10.68 13.60
10.68 13.60
10.68 13.60
10.86 13.60
10.86 13.60
10.86 13.60
11.05 13.60
11.05 13.60
11.05 13.60
11.23 13.60
11.23 13.60
11.23 13.60
11.41 13.60
11.41 13.60
11.41 13.60
11.59 13.60
11.59 13.60
11.59 13.60
12.14 13.60
12.14 13.60
12.14 13.60
12.32 13.60
12.32 13.60
12.32 13.60
12.51 13.60
12.51 13.60
12.51 13.60
12.69 13.60
12.69 13.60
12.69 13.60
13.24 13.60
13.24 13.60
13.24 13.60
13.60 13.60
13.60 13.60
13.60 13.60
9.95 13.78
9.95 13.78
9.95 13.78
10.32 13.78
10.32 13.78
10.32 13.78
10.86 13.78
10.86 13.78
10.86 13.78
11.05 13.78
11.05 13.78
11.05 13.78
11.23 13.78
11.23 13.78
11.23 13.78
11.41 13.78
11.41 13.78
11.41 13.78
12.51 13.78
12.51 13.78
12.51 13.78
12.87 13.78
12.87 13.78
12.87 13.78
13.05 13.78
13.05 13.78
13.05 13.78
14.15 13.78
14.15 13.78
14.15 13.78
10.50 13.97
10.50 13.97
10.50 13.97
10.68 13.97
10.68 13.97
10.68 13.97
12.32 13.97
12.32 13.97
12.32 13.97
13.60 13.97
13.60 13.97
13.60 13.97
13.78 13.97
13.78 13.97
13.78 13.97
13.97 13.97
13.97 13.97
13.97 13.97
14.33 13.97
14.33 13.97
14.33 13.97
10.68 14.15
10.68 14.15
10.68 14.15
10.86 14.15
10.86 14.15
10.86 14.15
14.33 14.15
14.33 14.15
14.33 14.15
10.32 14.33
10.32 14.33
10.32 14.33
10.50 14.33
10.50 14.33
10.50 14.33
10.68 14.33
10.68 14.33
10.68 14.33
10.86 14.33
10.86 14.33
10.86 14.33
11.05 14.33
11.05 14.33
11.05 14.33
11.78 14.33
11.78 14.33
11.78 14.33
11.96 14.33
11.96 14.33
11.96 14.33
13.42 14.33
13.42 14.33
13.42 14.33
13.60 14.33
13.60 14.33
13.60 14.33
13.78 14.33
13.78 14.33
13.78 14.33
13.97 14.33
13.97 14.33
13.97 14.33
14.15 14.33
14.15 14.33
14.15 14.33
10.50 14.51
10.50 14.51
10.50 14.51
10.86 14.51
10.86 14.51
10.86 14.51
11.05 14.51
11.05 14.51
11.05 14.51
11.23 14.51
11.23 14.51
11.23 14.51
12.32 14.51
12.32 14.51
12.32 14.51
12.51 14.51
12.51 14.51
12.51 14.51
12.69 14.51
12.69 14.51
12.69 14.51
12.87 14.51
12.87 14.51
12.87 14.51
13.05 14.51
13.05 14.51
13.05 14.51
13.24 14.51
13.24 14.51
13.24 14.51
13.42 14.51
13.42 14.51
13.42 14.51
13.60 14.51
13.60 14.51
13.60 14.51
13.78 14.51
13.78 14.51
13.78 14.51
13.97 14.51
13.97 14.51
13.97 14.51
14.33 14.51
14.33 14.51
14.33 14.51
14.51 14.51
14.51 14.51
14.51 14.51
14.70 14.51
14.70 14.51
14.70 14.51
14.88 14.51
14.88 14.51
14.88 14.51
10.32 14.70
10.32 14.70
10.32 14.70
10.50 14.70
10.50 14.70
10.50 14.70
12.87 14.70
12.87 14.70
12.87 14.70
13.05 14.70
13.05 14.70
13.05 14.70
13.24 14.70
13.24 14.70
13.24 14.70
13.42 14.70
13.42 14.70
13.42 14.70
13.97 14.70
13.97 14.70
13.97 14.70
14.15 14.70
14.15 14.70
14.15 14.70
14.33 14.70
14.33 14.70
14.33 14.70
11.23 14.88
11.23 14.88
11.23 14.88
11.41 14.88
11.41 14.88
11.41 14.88
11.59 14.88
11.59 14.88
11.59 14.88
11.78 14.88
11.78 14.88
11.78 14.88
12.87 14.88
12.87 14.88
12.87 14.88
13.05 14.88
13.05 14.88
13.05 14.88
13.24 14.88
13.24 14.88
13.24 14.88
14.70 14.88
14.70 14.88
14.70 14.88
14.88 14.88
14.88 14.88
14.88 14.88
11.05 15.06
11.05 15.06
11.05 15.06
11.78 15.06
11.78 15.06
11.78 15.06
11.96 15.06
11.96 15.06
11.96 15.06
12.14 15.06
12.14 15.06
12.14 15.06
12.51 15.06
12.51 15.06
12.51 15.06
12.69 15.06
12.69 15.06
12.69 15.06
12.87 15.06
12.87 15.06
12.87 15.06
13.05 15.06
13.05 15.06
13.05 15.06
13.24 15.06
13.24 15.06
13.24 15.06
13.42 15.06
13.42 15.06
13.42 15.06
13.97 15.06
13.97 15.06
13.97 15.06
14.15 15.06
14.15 15.06
14.15 15.06
14.33 15.06
14.33 15.06
14.33 15.06
14.70 15.06
14.70 15.06
14.70 15.06
15.25 15.06
15.25 15.06
15.25 15.06
15.43 15.06
15.43 15.06
15.43 15.06
11.05 15.25
11.05 15.25
11.05 15.25
11.96 15.25
11.96 15.25
11.96 15.25
12.14 15.25
12.14 15.25
12.14 15.25
12.32 15.25
12.32 15.25
12.32 15.25
12.51 15.25
12.51 15.25
12.51 15.25
12.69 15.25
12.69 15.25
12.69 15.25
12.87 15.25
12.87 15.25
12.87 15.25
13.05 15.25
13.05 15.25
13.05 15.25
13.24 15.25
13.24 15.25
13.24 15.25
13.42 15.25
13.42 15.25
13.42 15.25
13.60 15.25
13.60 15.25
13.60 15.25
13.78 15.25
13.78 15.25
13.78 15.25
13.97 15.25
13.97 15.25
13.97 15.25
14.33 15.25
14.33 15.25
14.33 15.25
14.70 15.25
14.70 15.25
14.70 15.25
14.88 15.25
14.88 15.25
14.88 15.25
15.25 15.25
15.25 15.25
15.25 15.25
15.61 15.25
15.61 15.25
15.61 15.25
11.78 15.43
11.78 15.43
11.78 15.43
12.14 15.43
12.14 15.43
12.14 15.43
12.32 15.43
12.32 15.43
12.32 15.43
12.51 15.43
12.51 15.43
12.51 15.43
12.69 15.43
12.69 15.43
12.69 15.43
12.87 15.43
12.87 15.43
12.87 15.43
13.05 15.43
13.05 15.43
13.05 15.43
14.70 15.43
14.70 15.43
14.70 15.43
14.88 15.43
14.88 15.43
14.88 15.43
15.61 15.43
15.61 15.43
15.61 15.43
11.96 15.61
11.96 15.61
11.96 15.61
12.14 15.61
12.14 15.61
12.14 15.61
12.32 15.61
12.32 15.61
12.32 15.61
12.51 15.61
12.51 15.61
12.51 15.61
12.69 15.61
12.69 15.61
12.69 15.61
12.87 15.61
12.87 15.61
12.87 15.61
13.05 15.61
13.05 15.61
13.05 15.61
14.70 15.61
14.70 15.61
14.70 15.61
14.88 15.61
14.88 15.61
14.88 15.61
15.06 15.61
15.06 15.61
15.06 15.61
15.25 15.61
15.25 15.61
15.25 15.61
15.43 15.61
15.43 15.61
15.43 15.61
12.51 15.79
12.51 15.79
12.51 15.79
12.69 15.79
12.69 15.79
12.69 15.79
12.87 15.79
12.87 15.79
12.87 15.79
13.05 15.79
13.05 15.79
13.05 15.79
13.24 15.79
13.24 15.79
13.24 15.79
13.42 15.79
13.42 15.79
13.42 15.79
13.60 15.79
13.60 15.79
13.60 15.79
13.78 15.79
13.78 15.79
13.78 15.79
14.33 15.79
14.33 15.79
14.33 15.79
14.51 15.79
14.51 15.79
14.51 15.79
14.70 15.79
14.70 15.79
14.70 15.79
15.06 15.79
15.06 15.79
15.06 15.79
15.25 15.79
15.25 15.79
15.25 15.79
15.61 15.79
15.61 15.79
15.61 15.79
12.32 15.98
12.32 15.98
12.32 15.98
12.51 15.98
12.51 15.98
12.51 15.98
13.78 15.98
13.78 15.98
13.78 15.98
13.97 15.98
13.97 15.98
13.97 15.98
14.15 15.98
14.15 15.98
14.15 15.98
14.33 15.98
14.33 15.98
14.33 15.98
14.51 15.98
14.51 15.98
14.51 15.98
15.43 15.98
15.43 15.98
15.43 15.98
15.98 15.98
15.98 15.98
15.98 15.98
13.97 16.16
13.97 16.16
13.97 16.16
14.15 16.16
14.15 16.16
14.15 16.16
14.33 16.16
14.33 16.16
14.33 16.16
14.51 16.16
14.51 16.16
14.51 16.16
15.43 16.16
15.43 16.16
15.43 16.16
15.61 16.16
15.61 16.16
15.61 16.16
15.79 16.16
15.79 16.16
15.79 16.16
15.98 16.16
15.98 16.16
15.98 16.16
15.25 16.34
15.25 16.34
15.25 16.34
15.61 16.34
15.61 16.34
15.61 16.34
16.34 16.34
16.34 16.34
16.34 16.34
16.71 16.34
16.71 16.34
16.71 16.34
16.89 16.34
16.89 16.34
16.89 16.34
12.32 16.52
12.32 16.52
12.32 16.52
13.24 16.52
13.24 16.52
13.24 16.52
13.42 16.52
13.42 16.52
13.42 16.52
13.60 16.52
13.60 16.52
13.60 16.52
15.79 16.52
15.79 16.52
15.79 16.52
15.98 16.52
15.98 16.52
15.98 16.52
16.16 16.52
16.16 16.52
16.16 16.52
16.34 16.52
16.34 16.52
16.34 16.52
16.52 16.52
16.52 16.52
16.52 16.52
16.71 16.52
16.71 16.52
16.71 16.52
15.43 16.71
15.43 16.71
15.43 16.71
15.79 16.71
15.79 16.71
15.79 16.71
15.98 16.71
15.98 16.71
15.98 16.71
16.34 16.71
16.34 16.71
16.34 16.71
16.52 16.71
16.52 16.71
16.52 16.71
13.24 16.89
13.24 16.89
13.24 16.89
14.33 16.89
14.33 16.89
14.33 16.89
14.51 16.89
14.51 16.89
14.51 16.89
13.05 17.07
13.05 17.07
13.05 17.07
14.33 17.07
14.33 17.07
14.33 17.07
14.51 17.07
14.51 17.07
14.51 17.07
15.43 17.07
15.43 17.07
15.43 17.07
15.61 17.07
15.61 17.07
15.61 17.07
15.79 17.07
15.79 17.07
15.79 17.07
15.06 17.25
15.06 17.25
15.06 17.25
15.43 17.25
15.43 17.25
15.43 17.25
15.61 17.25
15.61 17.25
15.61 17.25
15.79 17.25
15.79 17.25
15.79 17.25
16.52 17.25
16.52 17.25
16.52 17.25
16.71 17.25
16.71 17.25
16.71 17.25
13.78 17.44
13.78 17.44
13.78 17.44
14.88 17.44
14.88 17.44
14.88 17.44
15.06 17.44
15.06 17.44
15.06 17.44
15.25 17.44
15.25 17.44
15.25 17.44
16.52 17.44
16.52 17.44
16.52 17.44
16.71 17.44
16.71 17.44
16.71 17.44
16.89 17.44
16.89 17.44
16.89 17.44
13.78 17.62
13.78 17.62
13.78 17.62
13.97 17.62
13.97 17.62
13.97 17.62
14.70 17.62
14.70 17.62
14.70 17.62
14.88 17.62
14.88 17.62
14.88 17.62
15.06 17.62
15.06 17.62
15.06 17.62
15.25 17.62
15.25 17.62
15.25 17.62
16.16 17.62
16.16 17.62
16.16 17.62
16.34 17.62
16.34 17.62
16.34 17.62
16.52 17.62
16.52 17.62
16.52 17.62
16.71 17.62
16.71 17.62
16.71 17.62
16.89 17.62
16.89 17.62
16.89 17.62
13.78 17.80
13.78 17.80
13.78 17.80
13.97 17.80
13.97 17.80
13.97 17.80
14.15 17.80
14.15 17.80
14.15 17.80
14.33 17.80
14.33 17.80
14.33 17.80
14.51 17.80
14.51 17.80
14.51 17.80
14.70 17.80
14.70 17.80
14.70 17.80
14.88 17.80
14.88 17.80
14.88 17.80
15.06 17.80
15.06 17.80
15.06 17.80
15.98 17.80
15.98 17.80
15.98 17.80
16.16 17.80
16.16 17.80
16.16 17.80
16.34 17.80
16.34 17.80
16.34 17.80
16.52 17.80
16.52 17.80
16.52 17.80
13.78 17.98
13.78 17.98
13.78 17.98
14.15 17.98
14.15 17.98
14.15 17.98
14.33 17.98
14.33 17.98
14.33 17.98
14.51 17.98
14.51 17.98
14.51 17.98
14.70 17.98
14.70 17.98
14.70 17.98
14.88 17.98
14.88 17.98
14.88 17.98
15.43 17.98
15.43 17.98
15.43 17.98
16.16 17.98
16.16 17.98
16.16 17.98
16.34 17.98
16.34 17.98
16.34 17.98
16.52 17.98
16.52 17.98
16.52 17.98
16.71 17.98
16.71 17.98
16.71 17.98
13.78 18.17
13.78 18.17
13.78 18.17
14.51 18.17
14.51 18.17
14.51 18.17
16.34 18.17
16.34 18.17
16.34 18.17
16.52 18.17
16.52 18.17
16.52 18.17
16.71 18.17
16.71 18.17
16.71 18.17
16.89 18.17
16.89 18.17
16.89 18.17
14.33 18.35
14.33 18.35
14.33 18.35
14.70 18.35
14.70 18.35
14.70 18.35
15.25 18.35
15.25 18.35
15.25 18.35
16.16 18.35
16.16 18.35
16.16 18.35
16.34 18.35
16.34 18.35
16.34 18.35
16.52 18.35
16.52 18.35
16.52 18.35
17.62 18.35
17.62 18.35
17.62 18.35
14.33 18.53
14.33 18.53
14.33 18.53
14.70 18.53
14.70 18.53
14.70 18.53
14.88 18.53
14.88 18.53
14.88 18.53
15.06 18.53
15.06 18.53
15.06 18.53
16.89 18.53
16.89 18.53
16.89 18.53
17.44 18.53
17.44 18.53
17.44 18.53
14.33 18.71
14.33 18.71
14.33 18.71
14.51 18.71
14.51 18.71
14.51 18.71
14.70 18.71
14.70 18.71
14.70 18.71
14.88 18.71
14.88 18.71
14.88 18.71
15.06 18.71
15.06 18.71
15.06 18.71
15.25 18.71
15.25 18.71
15.25 18.71
15.43 18.71
15.43 18.71
15.43 18.71
15.61 18.71
15.61 18.71
15.61 18.71
15.79 18.71
15.79 18.71
15.79 18.71
15.98 18.71
15.98 18.71
15.98 18.71
16.16 18.71
16.16 18.71
16.16 18.71
16.34 18.71
16.34 18.71
16.34 18.71
16.52 18.71
16.52 18.71
16.52 18.71
16.89 18.71
16.89 18.71
16.89 18.71
17.25 18.71
17.25 18.71
17.25 18.71
17.44 18.71
17.44 18.71
17.44 18.71
16.16 18.90
16.16 18.90
16.16 18.90
16.34 18.90
16.34 18.90
16.34 18.90
16.52 18.90
16.52 18.90
16.52 18.90
16.71 18.90
16.71 18.90
16.71 18.90
17.62 18.90
17.62 18.90
17.62 18.90
18.17 18.90
18.17 18.90
18.17 18.90
14.33 19.08
14.33 19.08
14.33 19.08
14.88 19.08
14.88 19.08
14.88 19.08
15.06 19.08
15.06 19.08
15.06 19.08
15.25 19.08
15.25 19.08
15.25 19.08
16.89 19.08
16.89 19.08
16.89 19.08
17.07 19.08
17.07 19.08
17.07 19.08
17.80 19.08
17.80 19.08
17.80 19.08
14.51 19.26
14.51 19.26
14.51 19.26
15.43 19.26
15.43 19.26
15.43 19.26
17.25 19.26
17.25 19.26
17.25 19.26
17.44 19.26
17.44 19.26
17.44 19.26
17.80 19.26
17.80 19.26
17.80 19.26
18.17 19.26
18.17 19.26
18.17 19.26
14.70 19.44
14.70 19.44
14.70 19.44
14.88 19.44
14.88 19.44
14.88 19.44
15.06 19.44
15.06 19.44
15.06 19.44
15.25 19.44
15.25 19.44
15.25 19.44
15.43 19.44
15.43 19.44
15.43 19.44
16.89 19.44
16.89 19.44
16.89 19.44
17.80 19.44
17.80 19.44
17.80 19.44
17.98 19.44
17.98 19.44
17.98 19.44
18.17 19.44
18.17 19.44
18.17 19.44
15.06 19.63
15.06 19.63
15.06 19.63
16.34 19.63
16.34 19.63
16.34 19.63
16.52 19.63
16.52 19.63
16.52 19.63
16.71 19.63
16.71 19.63
16.71 19.63
17.07 19.63
17.07 19.63
17.07 19.63
17.25 19.63
17.25 19.63
17.25 19.63
17.44 19.63
17.44 19.63
17.44 19.63
17.62 19.63
17.62 19.63
17.62 19.63
17.80 19.63
17.80 19.63
17.80 19.63
17.98 19.63
17.98 19.63
17.98 19.63
18.35 19.63
18.35 19.63
18.35 19.63
18.71 19.63
18.71 19.63
18.71 19.63
18.90 19.63
18.90 19.63
18.90 19.63
15.06 19.81
15.06 19.81
15.06 19.81
16.16 19.81
16.16 19.81
16.16 19.81
16.52 19.81
16.52 19.81
16.52 19.81
16.71 19.81
16.71 19.81
16.71 19.81
17.44 19.81
17.44 19.81
17.44 19.81
17.62 19.81
17.62 19.81
17.62 19.81
17.80 19.81
17.80 19.81
17.80 19.81
17.98 19.81
17.98 19.81
17.98 19.81
18.17 19.81
18.17 19.81
18.17 19.81
18.53 19.81
18.53 19.81
18.53 19.81
18.71 19.81
18.71 19.81
18.71 19.81
18.90 19.81
18.90 19.81
18.90 19.81
16.16 19.99
16.16 19.99
16.16 19.99
16.34 19.99
16.34 19.99
16.34 19.99
16.52 19.99
16.52 19.99
16.52 19.99
17.44 19.99
17.44 19.99
17.44 19.99
17.62 19.99
17.62 19.99
17.62 19.99
17.80 19.99
17.80 19.99
17.80 19.99
17.98 19.99
17.98 19.99
17.98 19.99
18.17 19.99
18.17 19.99
18.17 19.99
18.35 19.99
18.35 19.99
18.35 19.99
18.90 19.99
18.90 19.99
18.90 19.99
15.06 20.17
15.06 20.17
15.06 20.17
15.25 20.17
15.25 20.17
15.25 20.17
15.43 20.17
15.43 20.17
15.43 20.17
15.61 20.17
15.61 20.17
15.61 20.17
15.79 20.17
15.79 20.17
15.79 20.17
15.98 20.17
15.98 20.17
15.98 20.17
16.34 20.17
16.34 20.17
16.34 20.17
16.71 20.17
16.71 20.17
16.71 20.17
17.98 20.17
17.98 20.17
17.98 20.17
18.17 20.17
18.17 20.17
18.17 20.17
18.35 20.17
18.35 20.17
18.35 20.17
18.53 20.17
18.53 20.17
18.53 20.17
18.90 20.17
18.90 20.17
18.90 20.17
15.25 20.36
15.25 20.36
15.25 20.36
15.79 20.36
15.79 20.36
15.79 20.36
15.98 20.36
15.98 20.36
15.98 20.36
16.16 20.36
16.16 20.36
16.16 20.36
16.34 20.36
16.34 20.36
16.34 20.36
16.71 20.36
16.71 20.36
16.71 20.36
18.71 20.36
18.71 20.36
18.71 20.36
18.90 20.36
18.90 20.36
18.90 20.36
15.25 20.54
15.25 20.54
15.25 20.54
15.43 20.54
15.43 20.54
15.43 20.54
15.61 20.54
15.61 20.54
15.61 20.54
16.16 20.54
16.16 20.54
16.16 20.54
16.34 20.54
16.34 20.54
16.34 20.54
16.71 20.54
16.71 20.54
16.71 20.54
15.61 20.72
15.61 20.72
15.61 20.72
16.34 20.72
16.34 20.72
16.34 20.72
16.71 20.72
16.71 20.72
16.71 20.72
17.25 20.72
17.25 20.72
17.25 20.72
17.44 20.72
17.44 20.72
17.44 20.72
17.62 20.72
17.62 20.72
17.62 20.72
17.80 20.72
17.80 20.72
17.80 20.72
18.53 20.72
18.53 20.72
18.53 20.72
18.71 20.72
18.71 20.72
18.71 20.72
19.26 20.72
19.26 20.72
19.26 20.72
15.98 20.91
15.98 20.91
15.98 20.91
16.34 20.91
16.34 20.91
16.34 20.91
17.25 20.91
17.25 20.91
17.25 20.91
17.44 20.91
17.44 20.91
17.44 20.91
17.62 20.91
17.62 20.91
17.62 20.91
17.80 20.91
17.80 20.91
17.80 20.91
17.98 20.91
17.98 20.91
17.98 20.91
18.17 20.91
18.17 20.91
18.17 20.91
18.35 20.91
18.35 20.91
18.35 20.91
19.08 20.91
19.08 20.91
19.08 20.91
19.26 20.91
19.26 20.91
19.26 20.91
19.44 20.91
19.44 20.91
19.44 20.91
15.79 21.09
15.79 21.09
15.79 21.09
15.98 21.09
15.98 21.09
15.98 21.09
16.34 21.09
16.34 21.09
16.34 21.09
16.52 21.09
16.52 21.09
16.52 21.09
17.80 21.09
17.80 21.09
17.80 21.09
17.98 21.09
17.98 21.09
17.98 21.09
18.17 21.09
18.17 21.09
18.17 21.09
18.53 21.09
18.53 21.09
18.53 21.09
18.90 21.09
18.90 21.09
18.90 21.09
19.44 21.09
19.44 21.09
19.44 21.09
16.34 21.27
16.34 21.27
16.34 21.27
16.71 21.27
16.71 21.27
16.71 21.27
17.07 21.27
17.07 21.27
17.07 21.27
17.25 21.27
17.25 21.27
17.25 21.27
17.44 21.27
17.44 21.27
17.44 21.27
17.62 21.27
17.62 21.27
17.62 21.27
18.90 21.27
18.90 21.27
18.90 21.27
19.26 21.27
19.26 21.27
19.26 21.27
19.44 21.27
19.44 21.27
19.44 21.27
16.34 21.45
16.34 21.45
16.34 21.45
16.52 21.45
16.52 21.45
16.52 21.45
16.89 21.45
16.89 21.45
16.89 21.45
17.07 21.45
17.07 21.45
17.07 21.45
17.25 21.45
17.25 21.45
17.25 21.45
17.44 21.45
17.44 21.45
17.44 21.45
18.90 21.45
18.90 21.45
18.90 21.45
19.26 21.45
19.26 21.45
19.26 21.45
16.34 21.64
16.34 21.64
16.34 21.64
16.52 21.64
16.52 21.64
16.52 21.64
16.71 21.64
16.71 21.64
16.71 21.64
16.89 21.64
16.89 21.64
16.89 21.64
17.07 21.64
17.07 21.64
17.07 21.64
18.53 21.64
18.53 21.64
18.53 21.64
18.71 21.64
18.71 21.64
18.71 21.64
18.90 21.64
18.90 21.64
18.90 21.64
19.08 21.64
19.08 21.64
19.08 21.64
19.26 21.64
19.26 21.64
19.26 21.64
16.34 21.82
16.34 21.82
16.34 21.82
17.80 21.82
17.80 21.82
17.80 21.82
17.98 21.82
17.98 21.82
17.98 21.82
18.17 21.82
18.17 21.82
18.17 21.82
18.35 21.82
18.35 21.82
18.35 21.82
18.53 21.82
18.53 21.82
18.53 21.82
18.90 21.82
18.90 21.82
18.90 21.82
19.08 21.82
19.08 21.82
19.08 21.82
19.26 21.82
19.26 21.82
19.26 21.82
19.44 21.82
19.44 21.82
19.44 21.82
19.99 21.82
19.99 21.82
19.99 21.82
20.17 21.82
20.17 21.82
20.17 21.82
16.52 22.00
16.52 22.00
16.52 22.00
16.71 22.00
16.71 22.00
16.71 22.00
17.44 22.00
17.44 22.00
17.44 22.00
17.62 22.00
17.62 22.00
17.62 22.00
17.80 22.00
17.80 22.00
17.80 22.00
17.98 22.00
17.98 22.00
17.98 22.00
18.17 22.00
18.17 22.00
18.17 22.00
18.53 22.00
18.53 22.00
18.53 22.00
19.44 22.00
19.44 22.00
19.44 22.00
19.63 22.00
19.63 22.00
19.63 22.00
19.81 22.00
19.81 22.00
19.81 22.00
19.99 22.00
19.99 22.00
19.99 22.00
16.34 22.18
16.34 22.18
16.34 22.18
17.25 22.18
17.25 22.18
17.25 22.18
17.44 22.18
17.44 22.18
17.44 22.18
17.62 22.18
17.62 22.18
17.62 22.18
17.80 22.18
17.80 22.18
17.80 22.18
19.99 22.18
19.99 22.18
19.99 22.18
16.71 22.37
16.71 22.37
16.71 22.37
16.89 22.37
16.89 22.37
16.89 22.37
17.07 22.37
17.07 22.37
17.07 22.37
17.25 22.37
17.25 22.37
17.25 22.37
17.44 22.37
17.44 22.37
17.44 22.37
17.62 22.37
17.62 22.37
17.62 22.37
17.80 22.37
17.80 22.37
17.80 22.37
17.98 22.37
17.98 22.37
17.98 22.37
18.35 22.37
18.35 22.37
18.35 22.37
18.71 22.37
18.71 22.37
18.71 22.37
18.90 22.37
18.90 22.37
18.90 22.37
20.17 22.37
20.17 22.37
20.17 22.37
16.34 22.55
16.34 22.55
16.34 22.55
16.89 22.55
16.89 22.55
16.89 22.55
17.07 22.55
17.07 22.55
17.07 22.55
17.25 22.55
17.25 22.55
17.25 22.55
17.44 22.55
17.44 22.55
17.44 22.55
17.62 22.55
17.62 22.55
17.62 22.55
17.80 22.55
17.80 22.55
17.80 22.55
17.98 22.55
17.98 22.55
17.98 22.55
18.17 22.55
18.17 22.55
18.17 22.55
18.35 22.55
18.35 22.55
18.35 22.55
18.71 22.55
18.71 22.55
18.71 22.55
18.90 22.55
18.90 22.55
18.90 22.55
19.81 22.55
19.81 22.55
19.81 22.55
20.17 22.55
20.17 22.55
20.17 22.55
16.34 22.73
16.34 22.73
16.34 22.73
16.71 22.73
16.71 22.73
16.71 22.73
16.89 22.73
16.89 22.73
16.89 22.73
17.25 22.73
17.25 22.73
17.25 22.73
17.44 22.73
17.44 22.73
17.44 22.73
17.80 22.73
17.80 22.73
17.80 22.73
17.98 22.73
17.98 22.73
17.98 22.73
18.90 22.73
18.90 22.73
18.90 22.73
19.08 22.73
19.08 22.73
19.08 22.73
19.81 22.73
19.81 22.73
19.81 22.73
16.34 22.91
16.34 22.91
16.34 22.91
18.71 22.91
18.71 22.91
18.71 22.91
18.90 22.91
18.90 22.91
18.90 22.91
19.08 22.91
19.08 22.91
19.08 22.91
19.26 22.91
19.26 22.91
19.26 22.91
19.44 22.91
19.44 22.91
19.44 22.91
19.99 22.91
19.99 22.91
19.99 22.91
20.17 22.91
20.17 22.91
20.17 22.91
16.71 23.10
16.71 23.10
16.71 23.10
16.89 23.10
16.89 23.10
16.89 23.10
17.44 23.10
17.44 23.10
17.44 23.10
17.62 23.10
17.62 23.10
17.62 23.10
18.71 23.10
18.71 23.10
18.71 23.10
18.90 23.10
18.90 23.10
18.90 23.10
19.08 23.10
19.08 23.10
19.08 23.10
19.26 23.10
19.26 23.10
19.26 23.10
19.81 23.10
19.81 23.10
19.81 23.10
16.34 23.28
16.34 23.28
16.34 23.28
16.52 23.28
16.52 23.28
16.52 23.28
16.71 23.28
16.71 23.28
16.71 23.28
16.89 23.28
16.89 23.28
16.89 23.28
17.07 23.28
17.07 23.28
17.07 23.28
17.44 23.28
17.44 23.28
17.44 23.28
17.62 23.28
17.62 23.28
17.62 23.28
17.80 23.28
17.80 23.28
17.80 23.28
18.17 23.28
18.17 23.28
18.17 23.28
18.35 23.28
18.35 23.28
18.35 23.28
18.53 23.28
18.53 23.28
18.53 23.28
18.71 23.28
18.71 23.28
18.71 23.28
19.99 23.28
19.99 23.28
19.99 23.28
20.17 23.28
20.17 23.28
20.17 23.28
20.36 23.28
20.36 23.28
20.36 23.28
17.07 23.46
17.07 23.46
17.07 23.46
17.62 23.46
17.62 23.46
17.62 23.46
17.80 23.46
17.80 23.46
17.80 23.46
18.17 23.46
18.17 23.46
18.17 23.46
18.35 23.46
18.35 23.46
18.35 23.46
18.53 23.46
18.53 23.46
18.53 23.46
20.36 23.46
20.36 23.46
20.36 23.46
20.54 23.46
20.54 23.46
20.54 23.46
16.34 23.64
16.34 23.64
16.34 23.64
16.52 23.64
16.52 23.64
16.52 23.64
17.62 23.64
17.62 23.64
17.62 23.64
17.80 23.64
17.80 23.64
17.80 23.64
18.17 23.64
18.17 23.64
18.17 23.64
18.35 23.64
18.35 23.64
18.35 23.64
18.53 23.64
18.53 23.64
18.53 23.64
19.63 23.64
19.63 23.64
19.63 23.64
19.81 23.64
19.81 23.64
19.81 23.64
19.99 23.64
19.99 23.64
19.99 23.64
20.17 23.64
20.17 23.64
20.17 23.64
20.36 23.64
20.36 23.64
20.36 23.64
20.72 23.64
20.72 23.64
20.72 23.64
17.62 23.83
17.62 23.83
17.62 23.83
17.80 23.83
17.80 23.83
17.80 23.83
18.17 23.83
18.17 23.83
18.17 23.83
18.71 23.83
18.71 23.83
18.71 23.83
18.90 23.83
18.90 23.83
18.90 23.83
19.08 23.83
19.08 23.83
19.08 23.83
19.26 23.83
19.26 23.83
19.26 23.83
19.44 23.83
19.44 23.83
19.44 23.83
19.63 23.83
19.63 23.83
19.63 23.83
20.54 23.83
20.54 23.83
20.54 23.83
20.72 23.83
20.72 23.83
20.72 23.83
17.25 24.01
17.25 24.01
17.25 24.01
17.62 24.01
17.62 24.01
17.62 24.01
18.17 24.01
18.17 24.01
18.17 24.01
18.71 24.01
18.71 24.01
18.71 24.01
18.90 24.01
18.90 24.01
18.90 24.01
19.08 24.01
19.08 24.01
19.08 24.01
19.81 24.01
19.81 24.01
19.81 24.01
19.99 24.01
19.99 24.01
19.99 24.01
20.17 24.01
20.17 24.01
20.17 24.01
20.36 24.01
20.36 24.01
20.36 24.01
20.54 24.01
20.54 24.01
20.54 24.01
17.07 24.19
17.07 24.19
17.07 24.19
17.25 24.19
17.25 24.19
17.25 24.19
17.44 24.19
17.44 24.19
17.44 24.19
17.62 24.19
17.62 24.19
17.62 24.19
17.80 24.19
17.80 24.19
17.80 24.19
17.98 24.19
17.98 24.19
17.98 24.19
18.53 24.19
18.53 24.19
18.53 24.19
18.71 24.19
18.71 24.19
18.71 24.19
18.90 24.19
18.90 24.19
18.90 24.19
19.08 24.19
19.08 24.19
19.08 24.19
19.26 24.19
19.26 24.19
19.26 24.19
19.44 24.19
19.44 24.19
19.44 24.19
19.63 24.19
19.63 24.19
19.63 24.19
19.81 24.19
19.81 24.19
19.81 24.19
19.99 24.19
19.99 24.19
19.99 24.19
20.36 24.19
20.36 24.19
20.36 24.19
17.80 24.37
17.80 24.37
17.80 24.37
19.08 24.37
19.08 24.37
19.08 24.37
19.99 24.37
19.99 24.37
19.99 24.37
20.72 24.37
20.72 24.37
20.72 24.37
17.80 24.56
17.80 24.56
17.80 24.56
17.98 24.56
17.98 24.56
17.98 24.56
18.17 24.56
18.17 24.56
18.17 24.56
18.35 24.56
18.35 24.56
18.35 24.56
18.53 24.56
18.53 24.56
18.53 24.56
19.63 24.56
19.63 24.56
19.63 24.56
19.99 24.56
19.99 24.56
19.99 24.56
20.17 24.56
20.17 24.56
20.17 24.56
20.54 24.56
20.54 24.56
20.54 24.56
20.72 24.56
20.72 24.56
20.72 24.56
17.62 24.74
17.62 24.74
17.62 24.74
17.98 24.74
17.98 24.74
17.98 24.74
18.17 24.74
18.17 24.74
18.17 24.74
18.35 24.74
18.35 24.74
18.35 24.74
18.53 24.74
18.53 24.74
18.53 24.74
18.71 24.74
18.71 24.74
18.71 24.74
18.90 24.74
18.90 24.74
18.90 24.74
19.08 24.74
19.08 24.74
19.08 24.74
19.26 24.74
19.26 24.74
19.26 24.74
19.44 24.74
19.44 24.74
19.44 24.74
19.63 24.74
19.63 24.74
19.63 24.74
19.81 24.74
19.81 24.74
19.81 24.74
20.17 24.74
20.17 24.74
20.17 24.74
20.54 24.74
20.54 24.74
20.54 24.74
20.72 24.74
20.72 24.74
20.72 24.74
17.62 24.92
17.62 24.92
17.62 24.92
17.80 24.92
17.80 24.92
17.80 24.92
17.98 24.92
17.98 24.92
17.98 24.92
18.35 24.92
18.35 24.92
18.35 24.92
18.53 24.92
18.53 24.92
18.53 24.92
18.71 24.92
18.71 24.92
18.71 24.92
18.90 24.92
18.90 24.92
18.90 24.92
19.08 24.92
19.08 24.92
19.08 24.92
19.26 24.92
19.26 24.92
19.26 24.92
19.44 24.92
19.44 24.92
19.44 24.92
19.63 24.92
19.63 24.92
19.63 24.92
19.81 24.92
19.81 24.92
19.81 24.92
20.17 24.92
20.17 24.92
20.17 24.92
20.72 24.92
20.72 24.92
20.72 24.92
20.91 24.92
20.91 24.92
20.91 24.92
21.27 24.92
21.27 24.92
21.27 24.92
17.80 25.10
17.80 25.10
17.80 25.10
17.98 25.10
17.98 25.10
17.98 25.10
18.17 25.10
18.17 25.10
18.17 25.10
18.35 25.10
18.35 25.10
18.35 25.10
18.53 25.10
18.53 25.10
18.53 25.10
18.71 25.10
18.71 25.10
18.71 25.10
18.90 25.10
18.90 25.10
18.90 25.10
19.08 25.10
19.08 25.10
19.08 25.10
19.26 25.10
19.26 25.10
19.26 25.10
19.44 25.10
19.44 25.10
19.44 25.10
20.17 25.10
20.17 25.10
20.17 25.10
20.36 25.10
20.36 25.10
20.36 25.10
21.45 25.10
21.45 25.10
21.45 25.10
17.62 25.29
17.62 25.29
17.62 25.29
17.80 25.29
17.80 25.29
17.80 25.29
18.17 25.29
18.17 25.29
18.17 25.29
19.44 25.29
19.44 25.29
19.44 25.29
19.63 25.29
19.63 25.29
19.63 25.29
19.81 25.29
19.81 25.29
19.81 25.29
19.99 25.29
19.99 25.29
19.99 25.29
20.17 25.29
20.17 25.29
20.17 25.29
20.72 25.29
20.72 25.29
20.72 25.29
20.91 25.29
20.91 25.29
20.91 25.29
21.09 25.29
21.09 25.29
21.09 25.29
17.80 25.47
17.80 25.47
17.80 25.47
18.17 25.47
18.17 25.47
18.17 25.47
18.35 25.47
18.35 25.47
18.35 25.47
18.53 25.47
18.53 25.47
18.53 25.47
19.26 25.47
19.26 25.47
19.26 25.47
19.44 25.47
19.44 25.47
19.44 25.47
19.63 25.47
19.63 25.47
19.63 25.47
20.36 25.47
20.36 25.47
20.36 25.47
20.54 25.47
20.54 25.47
20.54 25.47
20.72 25.47
20.72 25.47
20.72 25.47
20.91 25.47
20.91 25.47
20.91 25.47
21.27 25.47
21.27 25.47
21.27 25.47
17.62 25.65
17.62 25.65
17.62 25.65
17.98 25.65
17.98 25.65
17.98 25.65
18.35 25.65
18.35 25.65
18.35 25.65
18.53 25.65
18.53 25.65
18.53 25.65
19.44 25.65
19.44 25.65
19.44 25.65
19.63 25.65
19.63 25.65
19.63 25.65
19.81 25.65
19.81 25.65
19.81 25.65
19.99 25.65
19.99 25.65
19.99 25.65
20.17 25.65
20.17 25.65
20.17 25.65
20.36 25.65
20.36 25.65
20.36 25.65
20.54 25.65
20.54 25.65
20.54 25.65
20.72 25.65
20.72 25.65
20.72 25.65
17.62 25.83
17.62 25.83
17.62 25.83
17.80 25.83
17.80 25.83
17.80 25.83
17.98 25.83
17.98 25.83
17.98 25.83
18.17 25.83
18.17 25.83
18.17 25.83
18.35 25.83
18.35 25.83
18.35 25.83
18.53 25.83
18.53 25.83
18.53 25.83
19.63 25.83
19.63 25.83
19.63 25.83
19.81 25.83
19.81 25.83
19.81 25.83
19.99 25.83
19.99 25.83
19.99 25.83
20.17 25.83
20.17 25.83
20.17 25.83
20.36 25.83
20.36 25.83
20.36 25.83
20.54 25.83
20.54 25.83
20.54 25.83
20.72 25.83
20.72 25.83
20.72 25.83
20.91 25.83
20.91 25.83
20.91 25.83
21.09 25.83
21.09 25.83
21.09 25.83
17.80 26.02
17.80 26.02
17.80 26.02
19.63 26.02
19.63 26.02
19.63 26.02
19.81 26.02
19.81 26.02
19.81 26.02
19.99 26.02
19.99 26.02
19.99 26.02
20.17 26.02
20.17 26.02
20.17 26.02
20.36 26.02
20.36 26.02
20.36 26.02
20.54 26.02
20.54 26.02
20.54 26.02
20.72 26.02
20.72 26.02
20.72 26.02
20.91 26.02
20.91 26.02
20.91 26.02
21.09 26.02
21.09 26.02
21.09 26.02
21.45 26.02
21.45 26.02
21.45 26.02
17.62 26.20
17.62 26.20
17.62 26.20
17.80 26.20
17.80 26.20
17.80 26.20
17.98 26.20
17.98 26.20
17.98 26.20
18.17 26.20
18.17 26.20
18.17 26.20
20.54 26.20
20.54 26.20
20.54 26.20
20.72 26.20
20.72 26.20
20.72 26.20
20.91 26.20
20.91 26.20
20.91 26.20
21.09 26.20
21.09 26.20
21.09 26.20
21.27 26.20
21.27 26.20
21.27 26.20
21.45 26.20
21.45 26.20
21.45 26.20
17.62 26.38
17.62 26.38
17.62 26.38
18.17 26.38
18.17 26.38
18.17 26.38
20.54 26.38
20.54 26.38
20.54 26.38
20.72 26.38
20.72 26.38
20.72 26.38
20.91 26.38
20.91 26.38
20.91 26.38
21.09 26.38
21.09 26.38
21.09 26.38
17.62 26.56
17.62 26.56
17.62 26.56
18.71 26.56
18.71 26.56
18.71 26.56
18.90 26.56
18.90 26.56
18.90 26.56
19.81 26.56
19.81 26.56
19.81 26.56
19.99 26.56
19.99 26.56
19.99 26.56
20.17 26.56
20.17 26.56
20.17 26.56
20.36 26.56
20.36 26.56
20.36 26.56
20.54 26.56
20.54 26.56
20.54 26.56
20.72 26.56
20.72 26.56
20.72 26.56
20.91 26.56
20.91 26.56
20.91 26.56
21.09 26.56
21.09 26.56
21.09 26.56
21.27 26.56
21.27 26.56
21.27 26.56
21.45 26.56
21.45 26.56
21.45 26.56
21.64 26.56
21.64 26.56
21.64 26.56
22.00 26.56
22.00 26.56
22.00 26.56
18.53 26.75
18.53 26.75
18.53 26.75
19.81 26.75
19.81 26.75
19.81 26.75
19.99 26.75
19.99 26.75
19.99 26.75
20.17 26.75
20.17 26.75
20.17 26.75
20.36 26.75
20.36 26.75
20.36 26.75
20.54 26.75
20.54 26.75
20.54 26.75
20.72 26.75
20.72 26.75
20.72 26.75
20.91 26.75
20.91 26.75
20.91 26.75
21.09 26.75
21.09 26.75
21.09 26.75
21.27 26.75
21.27 26.75
21.27 26.75
21.45 26.75
21.45 26.75
21.45 26.75
22.00 26.75
22.00 26.75
22.00 26.75
19.26 26.93
19.26 26.93
19.26 26.93
19.44 26.93
19.44 26.93
19.44 26.93
19.63 26.93
19.63 26.93
19.63 26.93
20.91 26.93
20.91 26.93
20.91 26.93
21.09 26.93
21.09 26.93
21.09 26.93
21.45 26.93
21.45 26.93
21.45 26.93
21.64 26.93
21.64 26.93
21.64 26.93
21.82 26.93
21.82 26.93
21.82 26.93
22.00 26.93
22.00 26.93
22.00 26.93
18.71 27.11
18.71 27.11
18.71 27.11
19.08 27.11
19.08 27.11
19.08 27.11
19.44 27.11
19.44 27.11
19.44 27.11
20.91 27.11
20.91 27.11
20.91 27.11
21.09 27.11
21.09 27.11
21.09 27.11
21.45 27.11
21.45 27.11
21.45 27.11
21.82 27.11
21.82 27.11
21.82 27.11
22.00 27.11
22.00 27.11
22.00 27.11
18.71 27.30
18.71 27.30
18.71 27.30
18.90 27.30
18.90 27.30
18.90 27.30
19.08 27.30
19.08 27.30
19.08 27.30
19.44 27.30
19.44 27.30
19.44 27.30
19.63 27.30
19.63 27.30
19.63 27.30
19.81 27.30
19.81 27.30
19.81 27.30
19.99 27.30
19.99 27.30
19.99 27.30
20.17 27.30
20.17 27.30
20.17 27.30
20.54 27.30
20.54 27.30
20.54 27.30
20.72 27.30
20.72 27.30
20.72 27.30
20.91 27.30
20.91 27.30
20.91 27.30
21.09 27.30
21.09 27.30
21.09 27.30
21.27 27.30
21.27 27.30
21.27 27.30
21.45 27.30
21.45 27.30
21.45 27.30
21.64 27.30
21.64 27.30
21.64 27.30
21.82 27.30
21.82 27.30
21.82 27.30
22.00 27.30
22.00 27.30
22.00 27.30
18.35 27.48
18.35 27.48
18.35 27.48
19.08 27.48
19.08 27.48
19.08 27.48
19.26 27.48
19.26 27.48
19.26 27.48
19.44 27.48
19.44 27.48
19.44 27.48
19.63 27.48
19.63 27.48
19.63 27.48
19.81 27.48
19.81 27.48
19.81 27.48
19.99 27.48
19.99 27.48
19.99 27.48
20.72 27.48
20.72 27.48
20.72 27.48
20.91 27.48
20.91 27.48
20.91 27.48
21.09 27.48
21.09 27.48
21.09 27.48
21.27 27.48
21.27 27.48
21.27 27.48
21.45 27.48
21.45 27.48
21.45 27.48
21.64 27.48
21.64 27.48
21.64 27.48
21.82 27.48
21.82 27.48
21.82 27.48
22.00 27.48
22.00 27.48
22.00 27.48
18.35 27.66
18.35 27.66
18.35 27.66
19.44 27.66
19.44 27.66
19.44 27.66
19.63 27.66
19.63 27.66
19.63 27.66
21.27 27.66
21.27 27.66
21.27 27.66
21.45 27.66
21.45 27.66
21.45 27.66
21.64 27.66
21.64 27.66
21.64 27.66
21.82 27.66
21.82 27.66
21.82 27.66
22.00 27.66
22.00 27.66
22.00 27.66
18.71 27.84
18.71 27.84
18.71 27.84
18.90 27.84
18.90 27.84
18.90 27.84
19.08 27.84
19.08 27.84
19.08 27.84
19.44 27.84
19.44 27.84
19.44 27.84
18.35 28.03
18.35 28.03
18.35 28.03
19.44 28.03
19.44 28.03
19.44 28.03
19.63 28.03
19.63 28.03
19.63 28.03
19.81 28.03
19.81 28.03
19.81 28.03
19.99 28.03
19.99 28.03
19.99 28.03
18.35 28.21
18.35 28.21
18.35 28.21
19.26 28.21
19.26 28.21
19.26 28.21
19.63 28.21
19.63 28.21
19.63 28.21
19.81 28.21
19.81 28.21
19.81 28.21
19.99 28.21
19.99 28.21
19.99 28.21
20.17 28.21
20.17 28.21
20.17 28.21
20.36 28.21
20.36 28.21
20.36 28.21
20.54 28.21
20.54 28.21
20.54 28.21
21.45 28.21
21.45 28.21
21.45 28.21
21.82 28.21
21.82 28.21
21.82 28.21
22.00 28.21
22.00 28.21
22.00 28.21
19.08 28.39
19.08 28.39
19.08 28.39
19.26 28.39
19.26 28.39
19.26 28.39
19.63 28.39
19.63 28.39
19.63 28.39
19.81 28.39
19.81 28.39
19.81 28.39
19.99 28.39
19.99 28.39
19.99 28.39
20.17 28.39
20.17 28.39
20.17 28.39
20.36 28.39
20.36 28.39
20.36 28.39
20.54 28.39
20.54 28.39
20.54 28.39
20.72 28.39
20.72 28.39
20.72 28.39
20.91 28.39
20.91 28.39
20.91 28.39
21.09 28.39
21.09 28.39
21.09 28.39
21.82 28.39
21.82 28.39
21.82 28.39
22.00 28.39
22.00 28.39
22.00 28.39
19.08 28.57
19.08 28.57
19.08 28.57
19.44 28.57
19.44 28.57
19.44 28.57
19.81 28.57
19.81 28.57
19.81 28.57
19.99 28.57
19.99 28.57
19.99 28.57
20.17 28.57
20.17 28.57
20.17 28.57
20.36 28.57
20.36 28.57
20.36 28.57
20.54 28.57
20.54 28.57
20.54 28.57
20.72 28.57
20.72 28.57
20.72 28.57
20.91 28.57
20.91 28.57
20.91 28.57
19.44 28.76
19.44 28.76
19.44 28.76
19.63 28.76
19.63 28.76
19.63 28.76
19.81 28.76
19.81 28.76
19.81 28.76
19.99 28.76
19.99 28.76
19.99 28.76
20.17 28.76
20.17 28.76
20.17 28.76
20.36 28.76
20.36 28.76
20.36 28.76
20.54 28.76
20.54 28.76
20.54 28.76
20.72 28.76
20.72 28.76
20.72 28.76
21.82 28.76
21.82 28.76
21.82 28.76
22.00 28.76
22.00 28.76
22.00 28.76
19.08 28.94
19.08 28.94
19.08 28.94
19.44 28.94
19.44 28.94
19.44 28.94
19.63 28.94
19.63 28.94
19.63 28.94
19.81 28.94
19.81 28.94
19.81 28.94
19.99 28.94
19.99 28.94
19.99 28.94
20.17 28.94
20.17 28.94
20.17 28.94
21.45 28.94
21.45 28.94
21.45 28.94
21.64 28.94
21.64 28.94
21.64 28.94
18.90 29.12
18.90 29.12
18.90 29.12
19.08 29.12
19.08 29.12
19.08 29.12
19.44 29.12
19.44 29.12
19.44 29.12
19.81 29.12
19.81 29.12
19.81 29.12
19.99 29.12
19.99 29.12
19.99 29.12
20.17 29.12
20.17 29.12
20.17 29.12
19.44 29.30
19.44 29.30
19.44 29.30
19.63 29.30
19.63 29.30
19.63 29.30
21.82 29.30
21.82 29.30
21.82 29.30
19.44 29.49
19.44 29.49
19.44 29.49
19.63 29.49
19.63 29.49
19.63 29.49
20.72 29.49
20.72 29.49
20.72 29.49
20.91 29.49
20.91 29.49
20.91 29.49
21.09 29.49
21.09 29.49
21.09 29.49
21.45 29.49
21.45 29.49
21.45 29.49
22.00 29.49
22.00 29.49
22.00 29.49
18.90 29.67
18.90 29.67
18.90 29.67
19.08 29.67
19.08 29.67
19.08 29.67
19.26 29.67
19.26 29.67
19.26 29.67
19.44 29.67
19.44 29.67
19.44 29.67
20.72 29.67
20.72 29.67
20.72 29.67
20.91 29.67
20.91 29.67
20.91 29.67
21.09 29.67
21.09 29.67
21.09 29.67
21.27 29.67
21.27 29.67
21.27 29.67
21.45 29.67
21.45 29.67
21.45 29.67
21.64 29.67
21.64 29.67
21.64 29.67
21.82 29.67
21.82 29.67
21.82 29.67
22.00 29.67
22.00 29.67
22.00 29.67
19.44 29.85
19.44 29.85
19.44 29.85
19.81 29.85
19.81 29.85
19.81 29.85
19.99 29.85
19.99 29.85
19.99 29.85
20.17 29.85
20.17 29.85
20.17 29.85
20.36 29.85
20.36 29.85
20.36 29.85
20.54 29.85
20.54 29.85
20.54 29.85
21.27 29.85
21.27 29.85
21.27 29.85
19.99 30.03
19.99 30.03
19.99 30.03
20.17 30.03
20.17 30.03
20.17 30.03
20.54 30.03
20.54 30.03
20.54 30.03
21.45 30.03
21.45 30.03
21.45 30.03
18.90 30.22
18.90 30.22
18.90 30.22
19.08 30.22
19.08 30.22
19.08 30.22
19.26 30.22
19.26 30.22
19.26 30.22
19.44 30.22
19.44 30.22
19.44 30.22
19.81 30.22
19.81 30.22
19.81 30.22
20.91 30.22
20.91 30.22
20.91 30.22
19.44 30.40
19.44 30.40
19.44 30.40
20.17 30.40
20.17 30.40
20.17 30.40
20.36 30.40
20.36 30.40
20.36 30.40
20.54 30.40
20.54 30.40
20.54 30.40
19.08 30.58
19.08 30.58
19.08 30.58
19.44 30.58
19.44 30.58
19.44 30.58
19.63 30.58
19.63 30.58
19.63 30.58
19.81 30.58
19.81 30.58
19.81 30.58
20.36 30.58
20.36 30.58
20.36 30.58
18.90 30.76
18.90 30.76
18.90 30.76
19.26 30.76
19.26 30.76
19.26 30.76
18.90 30.95
18.90 30.95
18.90 30.95
18.35 49.02
18.35 49.02
18.35 49.02
18.17 49.20
18.17 49.20
18.17 49.20
18.35 49.20
18.35 49.20
18.35 49.20
18.53 49.20
18.53 49.20
18.53 49.20
18.17 49.39
18.17 49.39
18.17 49.39
19.08 49.57
19.08 49.57
19.08 49.57
16.52 49.75
16.52 49.75
16.52 49.75
18.90 49.75
18.90 49.75
18.90 49.75
16.52 49.93
16.52 49.93
16.52 49.93
16.89 49.93
16.89 49.93
16.89 49.93
17.44 49.93
17.44 49.93
17.44 49.93
18.90 49.93
18.90 49.93
18.90 49.93
19.81 49.93
19.81 49.93
19.81 49.93
19.63 50.12
19.63 50.12
19.63 50.12
19.81 50.12
19.81 50.12
19.81 50.12
19.99 50.12
19.99 50.12
19.99 50.12
17.44 50.30
17.44 50.30
17.44 50.30
19.08 50.30
19.08 50.30
19.08 50.30
19.26 50.30
19.26 50.30
19.26 50.30
16.89 50.48
16.89 50.48
16.89 50.48
17.25 50.48
17.25 50.48
17.25 50.48
18.90 50.48
18.90 50.48
18.90 50.48
19.08 50.48
19.08 50.48
19.08 50.48
17.07 50.66
17.07 50.66
17.07 50.66
17.25 50.66
17.25 50.66
17.25 50.66
17.80 50.66
17.80 50.66
17.80 50.66
18.17 50.66
18.17 50.66
18.17 50.66
18.35 50.66
18.35 50.66
18.35 50.66
18.71 50.66
18.71 50.66
18.71 50.66
18.90 50.66
18.90 50.66
18.90 50.66
19.26 50.66
19.26 50.66
19.26 50.66
17.07 50.85
17.07 50.85
17.07 50.85
17.62 50.85
17.62 50.85
17.62 50.85
17.80 50.85
17.80 50.85
17.80 50.85
18.17 50.85
18.17 50.85
18.17 50.85
18.35 50.85
18.35 50.85
18.35 50.85
18.71 50.85
18.71 50.85
18.71 50.85
18.90 50.85
18.90 50.85
18.90 50.85
16.89 51.03
16.89 51.03
16.89 51.03
17.07 51.03
17.07 51.03
17.07 51.03
17.44 51.03
17.44 51.03
17.44 51.03
17.62 51.03
17.62 51.03
17.62 51.03
17.98 51.03
17.98 51.03
17.98 51.03
18.17 51.03
18.17 51.03
18.17 51.03
18.53 51.03
18.53 51.03
18.53 51.03
19.08 51.03
19.08 51.03
19.08 51.03
17.80 51.21
17.80 51.21
17.80 51.21
18.90 51.21
18.90 51.21
18.90 51.21
19.08 51.21
19.08 51.21
19.08 51.21
19.26 51.21
19.26 51.21
19.26 51.21
16.89 51.40
16.89 51.40
16.89 51.40
17.25 51.40
17.25 51.40
17.25 51.40
17.44 51.40
17.44 51.40
17.44 51.40
17.25 51.58
17.25 51.58
17.25 51.58
16.89 51.76
16.89 51.76
16.89 51.76
16.89 51.94
16.89 51.94
16.89 51.94
17.25 51.94
17.25 51.94
17.25 51.94
17.44 51.94
17.44 51.94
17.44 51.94
17.07 52.13
17.07 52.13
17.07 52.13
17.25 52.13
17.25 52.13
17.25 52.13
