11.23 -52.13
11.23 -52.13
11.23 -52.13
12.69 -52.13
12.69 -52.13
12.69 -52.13
13.05 -52.13
13.05 -52.13
13.05 -52.13
12.69 -51.94
12.69 -51.94
12.69 -51.94
11.23 -51.76
11.23 -51.76
11.23 -51.76
11.41 -51.76
11.41 -51.76
11.41 -51.76
11.59 -51.76
11.59 -51.76
11.59 -51.76
11.78 -51.76
11.78 -51.76
11.78 -51.76
13.24 -51.76
13.24 -51.76
13.24 -51.76
13.78 -51.76
13.78 -51.76
13.78 -51.76
11.23 -51.58
11.23 -51.58
11.23 -51.58
11.59 -51.58
11.59 -51.58
11.59 -51.58
11.78 -51.58
11.78 -51.58
11.78 -51.58
11.23 -51.40
11.23 -51.40
11.23 -51.40
11.96 -51.21
11.96 -51.21
11.96 -51.21
12.51 -51.21
12.51 -51.21
12.51 -51.21
11.96 -51.03
11.96 -51.03
11.96 -51.03
12.14 -51.03
12.14 -51.03
12.14 -51.03
13.97 -51.03
13.97 -51.03
13.97 -51.03
11.96 -50.85
11.96 -50.85
11.96 -50.85
12.14 -50.85
12.14 -50.85
12.14 -50.85
14.15 -50.85
14.15 -50.85
14.15 -50.85
14.33 -50.85
14.33 -50.85
14.33 -50.85
11.96 -50.66
11.96 -50.66
11.96 -50.66
12.51 -50.66
12.51 -50.66
12.51 -50.66
13.97 -50.66
13.97 -50.66
13.97 -50.66
14.15 -50.66
14.15 -50.66
14.15 -50.66
12.32 -50.48
12.32 -50.48
12.32 -50.48
12.51 -50.48
12.51 -50.48
12.51 -50.48
13.78 -50.48
13.78 -50.48
13.78 -50.48
14.15 -50.48
14.15 -50.48
14.15 -50.48
12.69 -50.30
12.69 -50.30
12.69 -50.30
12.87 -50.30
12.87 -50.30
12.87 -50.30
13.05 -50.30
13.05 -50.30
13.05 -50.30
13.24 -50.30
13.24 -50.30
13.24 -50.30
13.42 -50.30
13.42 -50.30
13.42 -50.30
13.60 -50.30
13.60 -50.30
13.60 -50.30
13.97 -50.30
13.97 -50.30
13.97 -50.30
14.15 -50.30
14.15 -50.30
14.15 -50.30
14.33 -50.30
14.33 -50.30
14.33 -50.30
12.51 -50.12
12.51 -50.12
12.51 -50.12
12.69 -50.12
12.69 -50.12
12.69 -50.12
14.51 -50.12
14.51 -50.12
14.51 -50.12
14.88 -50.12
14.88 -50.12
14.88 -50.12
12.51 -49.93
12.51 -49.93
12.51 -49.93
12.69 -49.93
12.69 -49.93
12.69 -49.93
13.05 -49.93
13.05 -49.93
13.05 -49.93
14.51 -49.93
14.51 -49.93
14.51 -49.93
14.88 -49.93
14.88 -49.93
14.88 -49.93
15.06 -49.93
15.06 -49.93
15.06 -49.93
12.69 -49.75
12.69 -49.75
12.69 -49.75
13.05 -49.75
13.05 -49.75
13.05 -49.75
14.51 -49.75
14.51 -49.75
14.51 -49.75
14.88 -49.75
14.88 -49.75
14.88 -49.75
12.87 -49.57
12.87 -49.57
12.87 -49.57
13.05 -49.57
13.05 -49.57
13.05 -49.57
13.24 -49.57
13.24 -49.57
13.24 -49.57
13.60 -49.57
13.60 -49.57
13.60 -49.57
13.97 -49.57
13.97 -49.57
13.97 -49.57
14.15 -49.57
14.15 -49.57
14.15 -49.57
14.88 -49.57
14.88 -49.57
14.88 -49.57
12.51 -49.39
12.51 -49.39
12.51 -49.39
12.69 -49.39
12.69 -49.39
12.69 -49.39
13.24 -49.39
13.24 -49.39
13.24 -49.39
13.42 -49.39
13.42 -49.39
13.42 -49.39
14.15 -49.39
14.15 -49.39
14.15 -49.39
14.33 -49.39
14.33 -49.39
14.33 -49.39
14.51 -49.39
14.51 -49.39
14.51 -49.39
14.70 -49.39
14.70 -49.39
14.70 -49.39
15.06 -49.39
15.06 -49.39
15.06 -49.39
13.24 -49.20
13.24 -49.20
13.24 -49.20
13.78 -49.20
13.78 -49.20
13.78 -49.20
13.42 -49.02
13.42 -49.02
13.42 -49.02
13.60 -49.02
13.60 -49.02
13.60 -49.02
13.78 -49.02
13.78 -49.02
13.78 -49.02
15.25 -49.02
15.25 -49.02
15.25 -49.02
15.43 -49.02
15.43 -49.02
15.43 -49.02
13.78 -48.84
13.78 -48.84
13.78 -48.84
15.43 -48.84
15.43 -48.84
15.43 -48.84
13.60 -48.66
13.60 -48.66
13.60 -48.66
13.78 -48.66
13.78 -48.66
13.78 -48.66
13.24 -48.47
13.24 -48.47
13.24 -48.47
13.42 -48.47
13.42 -48.47
13.42 -48.47
16.16 -48.47
16.16 -48.47
16.16 -48.47
16.34 -48.47
16.34 -48.47
16.34 -48.47
13.97 -48.29
13.97 -48.29
13.97 -48.29
14.33 -48.29
14.33 -48.29
14.33 -48.29
15.79 -48.29
15.79 -48.29
15.79 -48.29
16.16 -48.29
16.16 -48.29
16.16 -48.29
16.52 -47.56
16.52 -47.56
16.52 -47.56
16.89 -47.38
16.89 -47.38
16.89 -47.38
15.43 -47.01
15.43 -47.01
15.43 -47.01
15.25 -46.83
15.25 -46.83
15.25 -46.83
15.61 -46.83
15.61 -46.83
15.61 -46.83
15.25 -46.65
15.25 -46.65
15.25 -46.65
15.43 -46.47
15.43 -46.47
15.43 -46.47
15.43 -46.10
15.43 -46.10
15.43 -46.10
15.61 -45.92
15.61 -45.92
15.61 -45.92
17.07 -45.92
17.07 -45.92
17.07 -45.92
17.44 -45.92
17.44 -45.92
17.44 -45.92
17.62 -45.92
17.62 -45.92
17.62 -45.92
17.07 -45.74
17.07 -45.74
17.07 -45.74
15.25 -45.55
15.25 -45.55
15.25 -45.55
15.43 -45.55
15.43 -45.55
15.43 -45.55
17.07 -45.55
17.07 -45.55
17.07 -45.55
17.25 -45.55
17.25 -45.55
17.25 -45.55
17.44 -45.55
17.44 -45.55
17.44 -45.55
17.62 -45.55
17.62 -45.55
17.62 -45.55
15.25 -45.37
15.25 -45.37
15.25 -45.37
17.07 -45.37
17.07 -45.37
17.07 -45.37
15.25 -45.19
15.25 -45.19
15.25 -45.19
15.61 -45.19
15.61 -45.19
15.61 -45.19
15.98 -45.19
15.98 -45.19
15.98 -45.19
16.34 -45.19
16.34 -45.19
16.34 -45.19
16.71 -45.19
16.71 -45.19
16.71 -45.19
16.89 -45.19
16.89 -45.19
16.89 -45.19
17.44 -45.19
17.44 -45.19
17.44 -45.19
17.62 -45.19
17.62 -45.19
17.62 -45.19
15.25 -45.01
15.25 -45.01
15.25 -45.01
15.98 -45.01
15.98 -45.01
15.98 -45.01
16.71 -45.01
16.71 -45.01
16.71 -45.01
17.07 -45.01
17.07 -45.01
17.07 -45.01
17.25 -45.01
17.25 -45.01
17.25 -45.01
17.44 -45.01
17.44 -45.01
17.44 -45.01
15.25 -44.82
15.25 -44.82
15.25 -44.82
15.43 -44.82
15.43 -44.82
15.43 -44.82
15.98 -44.82
15.98 -44.82
15.98 -44.82
16.16 -44.82
16.16 -44.82
16.16 -44.82
16.34 -44.82
16.34 -44.82
16.34 -44.82
16.71 -44.82
16.71 -44.82
16.71 -44.82
16.89 -44.82
16.89 -44.82
16.89 -44.82
17.07 -44.82
17.07 -44.82
17.07 -44.82
17.25 -44.82
17.25 -44.82
17.25 -44.82
17.62 -44.82
17.62 -44.82
17.62 -44.82
15.25 -44.64
15.25 -44.64
15.25 -44.64
15.61 -44.64
15.61 -44.64
15.61 -44.64
15.79 -44.64
15.79 -44.64
15.79 -44.64
15.98 -44.64
15.98 -44.64
15.98 -44.64
16.34 -44.64
16.34 -44.64
16.34 -44.64
16.52 -44.64
16.52 -44.64
16.52 -44.64
16.71 -44.64
16.71 -44.64
16.71 -44.64
16.89 -44.64
16.89 -44.64
16.89 -44.64
17.25 -44.64
17.25 -44.64
17.25 -44.64
17.44 -44.64
17.44 -44.64
17.44 -44.64
17.62 -44.64
17.62 -44.64
17.62 -44.64
18.17 -44.64
18.17 -44.64
18.17 -44.64
16.16 -44.46
16.16 -44.46
16.16 -44.46
16.52 -44.46
16.52 -44.46
16.52 -44.46
15.79 -44.27
15.79 -44.27
15.79 -44.27
15.98 -44.27
15.98 -44.27
15.98 -44.27
16.52 -44.27
16.52 -44.27
16.52 -44.27
16.71 -44.27
16.71 -44.27
16.71 -44.27
16.89 -44.27
16.89 -44.27
16.89 -44.27
17.07 -44.27
17.07 -44.27
17.07 -44.27
17.25 -44.27
17.25 -44.27
17.25 -44.27
17.44 -44.27
17.44 -44.27
17.44 -44.27
17.62 -44.27
17.62 -44.27
17.62 -44.27
17.80 -44.27
17.80 -44.27
17.80 -44.27
17.98 -44.27
17.98 -44.27
17.98 -44.27
18.17 -44.27
18.17 -44.27
18.17 -44.27
15.79 -44.09
15.79 -44.09
15.79 -44.09
16.34 -44.09
16.34 -44.09
16.34 -44.09
16.71 -44.09
16.71 -44.09
16.71 -44.09
16.89 -44.09
16.89 -44.09
16.89 -44.09
17.07 -44.09
17.07 -44.09
17.07 -44.09
17.25 -44.09
17.25 -44.09
17.25 -44.09
17.44 -44.09
17.44 -44.09
17.44 -44.09
17.62 -44.09
17.62 -44.09
17.62 -44.09
16.16 -43.91
16.16 -43.91
16.16 -43.91
16.34 -43.91
16.34 -43.91
16.34 -43.91
16.71 -43.91
16.71 -43.91
16.71 -43.91
16.89 -43.91
16.89 -43.91
16.89 -43.91
17.07 -43.91
17.07 -43.91
17.07 -43.91
17.25 -43.91
17.25 -43.91
17.25 -43.91
17.44 -43.91
17.44 -43.91
17.44 -43.91
15.98 -43.73
15.98 -43.73
15.98 -43.73
16.16 -43.73
16.16 -43.73
16.16 -43.73
16.34 -43.73
16.34 -43.73
16.34 -43.73
16.71 -43.73
16.71 -43.73
16.71 -43.73
16.89 -43.73
16.89 -43.73
16.89 -43.73
17.07 -43.73
17.07 -43.73
17.07 -43.73
17.25 -43.73
17.25 -43.73
17.25 -43.73
17.44 -43.73
17.44 -43.73
17.44 -43.73
17.62 -43.73
17.62 -43.73
17.62 -43.73
17.80 -43.73
17.80 -43.73
17.80 -43.73
17.98 -43.73
17.98 -43.73
17.98 -43.73
18.17 -43.73
18.17 -43.73
18.17 -43.73
15.79 -43.54
15.79 -43.54
15.79 -43.54
15.98 -43.54
15.98 -43.54
15.98 -43.54
16.52 -43.54
16.52 -43.54
16.52 -43.54
16.71 -43.54
16.71 -43.54
16.71 -43.54
16.89 -43.54
16.89 -43.54
16.89 -43.54
17.07 -43.54
17.07 -43.54
17.07 -43.54
17.25 -43.54
17.25 -43.54
17.25 -43.54
17.44 -43.54
17.44 -43.54
17.44 -43.54
17.62 -43.54
17.62 -43.54
17.62 -43.54
17.80 -43.54
17.80 -43.54
17.80 -43.54
17.98 -43.54
17.98 -43.54
17.98 -43.54
18.17 -43.54
18.17 -43.54
18.17 -43.54
15.79 -43.36
15.79 -43.36
15.79 -43.36
16.34 -43.36
16.34 -43.36
16.34 -43.36
16.89 -43.36
16.89 -43.36
16.89 -43.36
17.07 -43.36
17.07 -43.36
17.07 -43.36
17.98 -43.36
17.98 -43.36
17.98 -43.36
18.17 -43.36
18.17 -43.36
18.17 -43.36
15.79 -43.18
15.79 -43.18
15.79 -43.18
16.16 -43.18
16.16 -43.18
16.16 -43.18
16.89 -43.18
16.89 -43.18
16.89 -43.18
17.07 -43.18
17.07 -43.18
17.07 -43.18
17.25 -43.18
17.25 -43.18
17.25 -43.18
17.44 -43.18
17.44 -43.18
17.44 -43.18
17.62 -43.18
17.62 -43.18
17.62 -43.18
17.80 -43.18
17.80 -43.18
17.80 -43.18
17.98 -43.18
17.98 -43.18
17.98 -43.18
18.17 -43.18
18.17 -43.18
18.17 -43.18
16.34 -43.00
16.34 -43.00
16.34 -43.00
16.71 -43.00
16.71 -43.00
16.71 -43.00
16.89 -43.00
16.89 -43.00
16.89 -43.00
17.07 -43.00
17.07 -43.00
17.07 -43.00
17.25 -43.00
17.25 -43.00
17.25 -43.00
17.44 -43.00
17.44 -43.00
17.44 -43.00
17.62 -43.00
17.62 -43.00
17.62 -43.00
17.80 -43.00
17.80 -43.00
17.80 -43.00
17.98 -43.00
17.98 -43.00
17.98 -43.00
18.17 -43.00
18.17 -43.00
18.17 -43.00
16.52 -42.81
16.52 -42.81
16.52 -42.81
17.44 -42.81
17.44 -42.81
17.44 -42.81
17.62 -42.81
17.62 -42.81
17.62 -42.81
17.80 -42.81
17.80 -42.81
17.80 -42.81
17.98 -42.81
17.98 -42.81
17.98 -42.81
18.17 -42.81
18.17 -42.81
18.17 -42.81
16.52 -42.63
16.52 -42.63
16.52 -42.63
17.62 -42.63
17.62 -42.63
17.62 -42.63
17.80 -42.63
17.80 -42.63
17.80 -42.63
17.98 -42.63
17.98 -42.63
17.98 -42.63
18.17 -42.63
18.17 -42.63
18.17 -42.63
16.34 -42.45
16.34 -42.45
16.34 -42.45
17.44 -42.45
17.44 -42.45
17.44 -42.45
17.62 -42.45
17.62 -42.45
17.62 -42.45
17.80 -42.45
17.80 -42.45
17.80 -42.45
17.98 -42.45
17.98 -42.45
17.98 -42.45
18.17 -42.45
18.17 -42.45
18.17 -42.45
15.79 -42.27
15.79 -42.27
15.79 -42.27
17.07 -42.27
17.07 -42.27
17.07 -42.27
17.25 -42.27
17.25 -42.27
17.25 -42.27
17.44 -42.27
17.44 -42.27
17.44 -42.27
17.62 -42.27
17.62 -42.27
17.62 -42.27
17.80 -42.27
17.80 -42.27
17.80 -42.27
17.98 -42.27
17.98 -42.27
17.98 -42.27
18.17 -42.27
18.17 -42.27
18.17 -42.27
15.79 -42.08
15.79 -42.08
15.79 -42.08
15.98 -42.08
15.98 -42.08
15.98 -42.08
16.89 -42.08
16.89 -42.08
16.89 -42.08
17.07 -42.08
17.07 -42.08
17.07 -42.08
17.25 -42.08
17.25 -42.08
17.25 -42.08
17.44 -42.08
17.44 -42.08
17.44 -42.08
17.62 -42.08
17.62 -42.08
17.62 -42.08
17.80 -42.08
17.80 -42.08
17.80 -42.08
17.98 -42.08
17.98 -42.08
17.98 -42.08
18.17 -42.08
18.17 -42.08
18.17 -42.08
16.89 -41.90
16.89 -41.90
16.89 -41.90
17.07 -41.90
17.07 -41.90
17.07 -41.90
17.25 -41.90
17.25 -41.90
17.25 -41.90
17.44 -41.90
17.44 -41.90
17.44 -41.90
17.98 -41.90
17.98 -41.90
17.98 -41.90
18.17 -41.90
18.17 -41.90
18.17 -41.90
15.98 -41.72
15.98 -41.72
15.98 -41.72
16.52 -41.72
16.52 -41.72
16.52 -41.72
16.89 -41.72
16.89 -41.72
16.89 -41.72
17.07 -41.72
17.07 -41.72
17.07 -41.72
18.17 -41.72
18.17 -41.72
18.17 -41.72
15.79 -41.54
15.79 -41.54
15.79 -41.54
15.98 -41.54
15.98 -41.54
15.98 -41.54
16.34 -41.54
16.34 -41.54
16.34 -41.54
16.52 -41.54
16.52 -41.54
16.52 -41.54
17.98 -41.54
17.98 -41.54
17.98 -41.54
18.17 -41.54
18.17 -41.54
18.17 -41.54
15.79 -41.35
15.79 -41.35
15.79 -41.35
16.16 -41.35
16.16 -41.35
16.16 -41.35
16.34 -41.35
16.34 -41.35
16.34 -41.35
17.80 -41.35
17.80 -41.35
17.80 -41.35
17.98 -41.35
17.98 -41.35
17.98 -41.35
18.17 -41.35
18.17 -41.35
18.17 -41.35
15.06 -41.17
15.06 -41.17
15.06 -41.17
15.43 -41.17
15.43 -41.17
15.43 -41.17
16.16 -41.17
16.16 -41.17
16.16 -41.17
16.34 -41.17
16.34 -41.17
16.34 -41.17
17.80 -41.17
17.80 -41.17
17.80 -41.17
17.98 -41.17
17.98 -41.17
17.98 -41.17
18.17 -41.17
18.17 -41.17
18.17 -41.17
15.98 -40.99
15.98 -40.99
15.98 -40.99
16.71 -40.99
16.71 -40.99
16.71 -40.99
16.89 -40.99
16.89 -40.99
16.89 -40.99
17.07 -40.99
17.07 -40.99
17.07 -40.99
17.25 -40.99
17.25 -40.99
17.25 -40.99
17.44 -40.99
17.44 -40.99
17.44 -40.99
17.62 -40.99
17.62 -40.99
17.62 -40.99
17.80 -40.99
17.80 -40.99
17.80 -40.99
17.98 -40.99
17.98 -40.99
17.98 -40.99
18.17 -40.99
18.17 -40.99
18.17 -40.99
15.25 -40.81
15.25 -40.81
15.25 -40.81
15.43 -40.81
15.43 -40.81
15.43 -40.81
15.61 -40.81
15.61 -40.81
15.61 -40.81
15.79 -40.81
15.79 -40.81
15.79 -40.81
15.98 -40.81
15.98 -40.81
15.98 -40.81
16.52 -40.81
16.52 -40.81
16.52 -40.81
16.89 -40.81
16.89 -40.81
16.89 -40.81
17.07 -40.81
17.07 -40.81
17.07 -40.81
17.25 -40.81
17.25 -40.81
17.25 -40.81
17.44 -40.81
17.44 -40.81
17.44 -40.81
17.62 -40.81
17.62 -40.81
17.62 -40.81
17.80 -40.81
17.80 -40.81
17.80 -40.81
17.98 -40.81
17.98 -40.81
17.98 -40.81
18.17 -40.81
18.17 -40.81
18.17 -40.81
15.06 -40.62
15.06 -40.62
15.06 -40.62
15.25 -40.62
15.25 -40.62
15.25 -40.62
15.79 -40.62
15.79 -40.62
15.79 -40.62
15.98 -40.62
15.98 -40.62
15.98 -40.62
16.16 -40.62
16.16 -40.62
16.16 -40.62
16.89 -40.62
16.89 -40.62
16.89 -40.62
17.07 -40.62
17.07 -40.62
17.07 -40.62
17.25 -40.62
17.25 -40.62
17.25 -40.62
17.44 -40.62
17.44 -40.62
17.44 -40.62
17.62 -40.62
17.62 -40.62
17.62 -40.62
17.80 -40.62
17.80 -40.62
17.80 -40.62
17.98 -40.62
17.98 -40.62
17.98 -40.62
18.17 -40.62
18.17 -40.62
18.17 -40.62
15.06 -40.44
15.06 -40.44
15.06 -40.44
15.25 -40.44
15.25 -40.44
15.25 -40.44
15.43 -40.44
15.43 -40.44
15.43 -40.44
15.61 -40.44
15.61 -40.44
15.61 -40.44
15.79 -40.44
15.79 -40.44
15.79 -40.44
16.71 -40.44
16.71 -40.44
16.71 -40.44
16.89 -40.44
16.89 -40.44
16.89 -40.44
17.07 -40.44
17.07 -40.44
17.07 -40.44
17.25 -40.44
17.25 -40.44
17.25 -40.44
17.44 -40.44
17.44 -40.44
17.44 -40.44
17.62 -40.44
17.62 -40.44
17.62 -40.44
17.80 -40.44
17.80 -40.44
17.80 -40.44
17.98 -40.44
17.98 -40.44
17.98 -40.44
18.17 -40.44
18.17 -40.44
18.17 -40.44
15.25 -40.26
15.25 -40.26
15.25 -40.26
15.61 -40.26
15.61 -40.26
15.61 -40.26
15.79 -40.26
15.79 -40.26
15.79 -40.26
16.16 -40.26
16.16 -40.26
16.16 -40.26
16.89 -40.26
16.89 -40.26
16.89 -40.26
17.07 -40.26
17.07 -40.26
17.07 -40.26
17.25 -40.26
17.25 -40.26
17.25 -40.26
17.44 -40.26
17.44 -40.26
17.44 -40.26
17.62 -40.26
17.62 -40.26
17.62 -40.26
17.80 -40.26
17.80 -40.26
17.80 -40.26
17.98 -40.26
17.98 -40.26
17.98 -40.26
18.17 -40.26
18.17 -40.26
18.17 -40.26
15.43 -40.08
15.43 -40.08
15.43 -40.08
15.61 -40.08
15.61 -40.08
15.61 -40.08
15.79 -40.08
15.79 -40.08
15.79 -40.08
15.98 -40.08
15.98 -40.08
15.98 -40.08
16.16 -40.08
16.16 -40.08
16.16 -40.08
16.71 -40.08
16.71 -40.08
16.71 -40.08
16.89 -40.08
16.89 -40.08
16.89 -40.08
17.07 -40.08
17.07 -40.08
17.07 -40.08
17.25 -40.08
17.25 -40.08
17.25 -40.08
17.44 -40.08
17.44 -40.08
17.44 -40.08
17.62 -40.08
17.62 -40.08
17.62 -40.08
17.80 -40.08
17.80 -40.08
17.80 -40.08
17.98 -40.08
17.98 -40.08
17.98 -40.08
18.17 -40.08
18.17 -40.08
18.17 -40.08
15.06 -39.89
15.06 -39.89
15.06 -39.89
15.25 -39.89
15.25 -39.89
15.25 -39.89
15.43 -39.89
15.43 -39.89
15.43 -39.89
15.61 -39.89
15.61 -39.89
15.61 -39.89
15.79 -39.89
15.79 -39.89
15.79 -39.89
15.98 -39.89
15.98 -39.89
15.98 -39.89
16.16 -39.89
16.16 -39.89
16.16 -39.89
16.71 -39.89
16.71 -39.89
16.71 -39.89
16.89 -39.89
16.89 -39.89
16.89 -39.89
17.07 -39.89
17.07 -39.89
17.07 -39.89
17.25 -39.89
17.25 -39.89
17.25 -39.89
17.44 -39.89
17.44 -39.89
17.44 -39.89
17.62 -39.89
17.62 -39.89
17.62 -39.89
17.80 -39.89
17.80 -39.89
17.80 -39.89
17.98 -39.89
17.98 -39.89
17.98 -39.89
18.17 -39.89
18.17 -39.89
18.17 -39.89
15.06 -39.71
15.06 -39.71
15.06 -39.71
15.25 -39.71
15.25 -39.71
15.25 -39.71
15.43 -39.71
15.43 -39.71
15.43 -39.71
15.61 -39.71
15.61 -39.71
15.61 -39.71
15.79 -39.71
15.79 -39.71
15.79 -39.71
15.98 -39.71
15.98 -39.71
15.98 -39.71
16.16 -39.71
16.16 -39.71
16.16 -39.71
16.71 -39.71
16.71 -39.71
16.71 -39.71
16.89 -39.71
16.89 -39.71
16.89 -39.71
17.07 -39.71
17.07 -39.71
17.07 -39.71
17.25 -39.71
17.25 -39.71
17.25 -39.71
17.44 -39.71
17.44 -39.71
17.44 -39.71
17.62 -39.71
17.62 -39.71
17.62 -39.71
17.80 -39.71
17.80 -39.71
17.80 -39.71
17.98 -39.71
17.98 -39.71
17.98 -39.71
18.17 -39.71
18.17 -39.71
18.17 -39.71
15.06 -39.53
15.06 -39.53
15.06 -39.53
15.43 -39.53
15.43 -39.53
15.43 -39.53
15.61 -39.53
15.61 -39.53
15.61 -39.53
15.79 -39.53
15.79 -39.53
15.79 -39.53
15.98 -39.53
15.98 -39.53
15.98 -39.53
16.16 -39.53
16.16 -39.53
16.16 -39.53
16.71 -39.53
16.71 -39.53
16.71 -39.53
16.89 -39.53
16.89 -39.53
16.89 -39.53
17.07 -39.53
17.07 -39.53
17.07 -39.53
17.25 -39.53
17.25 -39.53
17.25 -39.53
17.44 -39.53
17.44 -39.53
17.44 -39.53
17.62 -39.53
17.62 -39.53
17.62 -39.53
17.80 -39.53
17.80 -39.53
17.80 -39.53
17.98 -39.53
17.98 -39.53
17.98 -39.53
18.17 -39.53
18.17 -39.53
18.17 -39.53
15.06 -39.35
15.06 -39.35
15.06 -39.35
15.25 -39.35
15.25 -39.35
15.25 -39.35
15.43 -39.35
15.43 -39.35
15.43 -39.35
15.61 -39.35
15.61 -39.35
15.61 -39.35
15.79 -39.35
15.79 -39.35
15.79 -39.35
15.98 -39.35
15.98 -39.35
15.98 -39.35
16.16 -39.35
16.16 -39.35
16.16 -39.35
16.71 -39.35
16.71 -39.35
16.71 -39.35
16.89 -39.35
16.89 -39.35
16.89 -39.35
17.07 -39.35
17.07 -39.35
17.07 -39.35
17.25 -39.35
17.25 -39.35
17.25 -39.35
17.44 -39.35
17.44 -39.35
17.44 -39.35
17.62 -39.35
17.62 -39.35
17.62 -39.35
17.80 -39.35
17.80 -39.35
17.80 -39.35
17.98 -39.35
17.98 -39.35
17.98 -39.35
18.17 -39.35
18.17 -39.35
18.17 -39.35
15.06 -39.16
15.06 -39.16
15.06 -39.16
15.25 -39.16
15.25 -39.16
15.25 -39.16
15.43 -39.16
15.43 -39.16
15.43 -39.16
15.61 -39.16
15.61 -39.16
15.61 -39.16
15.79 -39.16
15.79 -39.16
15.79 -39.16
15.98 -39.16
15.98 -39.16
15.98 -39.16
16.16 -39.16
16.16 -39.16
16.16 -39.16
16.71 -39.16
16.71 -39.16
16.71 -39.16
16.89 -39.16
16.89 -39.16
16.89 -39.16
17.07 -39.16
17.07 -39.16
17.07 -39.16
17.25 -39.16
17.25 -39.16
17.25 -39.16
17.44 -39.16
17.44 -39.16
17.44 -39.16
17.62 -39.16
17.62 -39.16
17.62 -39.16
17.80 -39.16
17.80 -39.16
17.80 -39.16
17.98 -39.16
17.98 -39.16
17.98 -39.16
18.17 -39.16
18.17 -39.16
18.17 -39.16
15.25 -38.98
15.25 -38.98
15.25 -38.98
15.43 -38.98
15.43 -38.98
15.43 -38.98
15.61 -38.98
15.61 -38.98
15.61 -38.98
15.79 -38.98
15.79 -38.98
15.79 -38.98
15.98 -38.98
15.98 -38.98
15.98 -38.98
16.16 -38.98
16.16 -38.98
16.16 -38.98
16.71 -38.98
16.71 -38.98
16.71 -38.98
16.89 -38.98
16.89 -38.98
16.89 -38.98
17.07 -38.98
17.07 -38.98
17.07 -38.98
17.25 -38.98
17.25 -38.98
17.25 -38.98
17.44 -38.98
17.44 -38.98
17.44 -38.98
17.62 -38.98
17.62 -38.98
17.62 -38.98
17.80 -38.98
17.80 -38.98
17.80 -38.98
17.98 -38.98
17.98 -38.98
17.98 -38.98
18.17 -38.98
18.17 -38.98
18.17 -38.98
15.43 -38.80
15.43 -38.80
15.43 -38.80
15.61 -38.80
15.61 -38.80
15.61 -38.80
15.79 -38.80
15.79 -38.80
15.79 -38.80
15.98 -38.80
15.98 -38.80
15.98 -38.80
16.16 -38.80
16.16 -38.80
16.16 -38.80
16.71 -38.80
16.71 -38.80
16.71 -38.80
16.89 -38.80
16.89 -38.80
16.89 -38.80
17.07 -38.80
17.07 -38.80
17.07 -38.80
17.25 -38.80
17.25 -38.80
17.25 -38.80
17.44 -38.80
17.44 -38.80
17.44 -38.80
17.62 -38.80
17.62 -38.80
17.62 -38.80
17.80 -38.80
17.80 -38.80
17.80 -38.80
17.98 -38.80
17.98 -38.80
17.98 -38.80
18.17 -38.80
18.17 -38.80
18.17 -38.80
15.25 -38.61
15.25 -38.61
15.25 -38.61
15.61 -38.61
15.61 -38.61
15.61 -38.61
15.79 -38.61
15.79 -38.61
15.79 -38.61
15.98 -38.61
15.98 -38.61
15.98 -38.61
16.52 -38.61
16.52 -38.61
16.52 -38.61
16.71 -38.61
16.71 -38.61
16.71 -38.61
16.89 -38.61
16.89 -38.61
16.89 -38.61
17.07 -38.61
17.07 -38.61
17.07 -38.61
17.25 -38.61
17.25 -38.61
17.25 -38.61
17.62 -38.61
17.62 -38.61
17.62 -38.61
15.43 -38.43
15.43 -38.43
15.43 -38.43
15.61 -38.43
15.61 -38.43
15.61 -38.43
15.79 -38.43
15.79 -38.43
15.79 -38.43
15.98 -38.43
15.98 -38.43
15.98 -38.43
16.71 -38.43
16.71 -38.43
16.71 -38.43
16.89 -38.43
16.89 -38.43
16.89 -38.43
17.07 -38.43
17.07 -38.43
17.07 -38.43
17.25 -38.43
17.25 -38.43
17.25 -38.43
17.44 -38.43
17.44 -38.43
17.44 -38.43
14.51 -38.25
14.51 -38.25
14.51 -38.25
15.06 -38.25
15.06 -38.25
15.06 -38.25
15.25 -38.25
15.25 -38.25
15.25 -38.25
15.43 -38.25
15.43 -38.25
15.43 -38.25
15.61 -38.25
15.61 -38.25
15.61 -38.25
15.79 -38.25
15.79 -38.25
15.79 -38.25
15.98 -38.25
15.98 -38.25
15.98 -38.25
16.71 -38.25
16.71 -38.25
16.71 -38.25
16.89 -38.25
16.89 -38.25
16.89 -38.25
17.07 -38.25
17.07 -38.25
17.07 -38.25
17.62 -38.25
17.62 -38.25
17.62 -38.25
14.88 -38.07
14.88 -38.07
14.88 -38.07
15.43 -38.07
15.43 -38.07
15.43 -38.07
15.61 -38.07
15.61 -38.07
15.61 -38.07
15.79 -38.07
15.79 -38.07
15.79 -38.07
15.98 -38.07
15.98 -38.07
15.98 -38.07
17.07 -38.07
17.07 -38.07
17.07 -38.07
17.25 -38.07
17.25 -38.07
17.25 -38.07
14.88 -37.88
14.88 -37.88
14.88 -37.88
15.06 -37.88
15.06 -37.88
15.06 -37.88
15.25 -37.88
15.25 -37.88
15.25 -37.88
16.34 -37.88
16.34 -37.88
16.34 -37.88
17.07 -37.88
17.07 -37.88
17.07 -37.88
17.25 -37.88
17.25 -37.88
17.25 -37.88
17.44 -37.88
17.44 -37.88
17.44 -37.88
17.62 -37.88
17.62 -37.88
17.62 -37.88
14.70 -37.70
14.70 -37.70
14.70 -37.70
14.88 -37.70
14.88 -37.70
14.88 -37.70
15.06 -37.70
15.06 -37.70
15.06 -37.70
16.16 -37.70
16.16 -37.70
16.16 -37.70
16.34 -37.70
16.34 -37.70
16.34 -37.70
16.89 -37.70
16.89 -37.70
16.89 -37.70
17.07 -37.70
17.07 -37.70
17.07 -37.70
14.51 -37.52
14.51 -37.52
14.51 -37.52
15.25 -37.52
15.25 -37.52
15.25 -37.52
15.43 -37.52
15.43 -37.52
15.43 -37.52
15.61 -37.52
15.61 -37.52
15.61 -37.52
16.16 -37.52
16.16 -37.52
16.16 -37.52
17.44 -37.52
17.44 -37.52
17.44 -37.52
14.51 -37.34
14.51 -37.34
14.51 -37.34
14.70 -37.34
14.70 -37.34
14.70 -37.34
15.06 -37.34
15.06 -37.34
15.06 -37.34
15.25 -37.34
15.25 -37.34
15.25 -37.34
15.43 -37.34
15.43 -37.34
15.43 -37.34
15.61 -37.34
15.61 -37.34
15.61 -37.34
15.79 -37.34
15.79 -37.34
15.79 -37.34
15.98 -37.34
15.98 -37.34
15.98 -37.34
16.16 -37.34
16.16 -37.34
16.16 -37.34
17.44 -37.34
17.44 -37.34
17.44 -37.34
14.70 -37.15
14.70 -37.15
14.70 -37.15
15.25 -37.15
15.25 -37.15
15.25 -37.15
15.61 -37.15
15.61 -37.15
15.61 -37.15
15.98 -37.15
15.98 -37.15
15.98 -37.15
16.16 -37.15
16.16 -37.15
16.16 -37.15
16.52 -37.15
16.52 -37.15
16.52 -37.15
17.62 -37.15
17.62 -37.15
17.62 -37.15
15.61 -36.97
15.61 -36.97
15.61 -36.97
15.79 -36.97
15.79 -36.97
15.79 -36.97
16.34 -36.97
16.34 -36.97
16.34 -36.97
16.52 -36.97
16.52 -36.97
16.52 -36.97
16.89 -36.97
16.89 -36.97
16.89 -36.97
14.51 -36.79
14.51 -36.79
14.51 -36.79
14.70 -36.79
14.70 -36.79
14.70 -36.79
15.06 -36.79
15.06 -36.79
15.06 -36.79
15.43 -36.79
15.43 -36.79
15.43 -36.79
15.61 -36.79
15.61 -36.79
15.61 -36.79
15.79 -36.79
15.79 -36.79
15.79 -36.79
16.89 -36.79
16.89 -36.79
16.89 -36.79
14.70 -36.61
14.70 -36.61
14.70 -36.61
14.88 -36.61
14.88 -36.61
14.88 -36.61
15.06 -36.61
15.06 -36.61
15.06 -36.61
15.43 -36.61
15.43 -36.61
15.43 -36.61
16.71 -36.61
16.71 -36.61
16.71 -36.61
14.70 -36.42
14.70 -36.42
14.70 -36.42
14.88 -36.42
14.88 -36.42
14.88 -36.42
15.25 -36.42
15.25 -36.42
15.25 -36.42
15.61 -36.42
15.61 -36.42
15.61 -36.42
15.79 -36.42
15.79 -36.42
15.79 -36.42
16.16 -36.42
16.16 -36.42
16.16 -36.42
16.34 -36.42
16.34 -36.42
16.34 -36.42
16.71 -36.42
16.71 -36.42
16.71 -36.42
16.89 -36.42
16.89 -36.42
16.89 -36.42
16.71 -36.24
16.71 -36.24
16.71 -36.24
15.79 -36.06
15.79 -36.06
15.79 -36.06
15.98 -36.06
15.98 -36.06
15.98 -36.06
16.16 -36.06
16.16 -36.06
16.16 -36.06
16.71 -36.06
16.71 -36.06
16.71 -36.06
16.89 -36.06
16.89 -36.06
16.89 -36.06
15.79 -35.88
15.79 -35.88
15.79 -35.88
16.16 -35.88
16.16 -35.88
16.16 -35.88
16.34 -35.88
16.34 -35.88
16.34 -35.88
16.52 -35.88
16.52 -35.88
16.52 -35.88
16.89 -35.88
16.89 -35.88
16.89 -35.88
15.79 -35.69
15.79 -35.69
15.79 -35.69
16.16 -35.69
16.16 -35.69
16.16 -35.69
16.34 -35.69
16.34 -35.69
16.34 -35.69
16.52 -35.69
16.52 -35.69
16.52 -35.69
16.89 -35.69
16.89 -35.69
16.89 -35.69
14.33 -35.51
14.33 -35.51
14.33 -35.51
16.16 -35.51
16.16 -35.51
16.16 -35.51
16.34 -35.51
16.34 -35.51
16.34 -35.51
13.97 -35.33
13.97 -35.33
13.97 -35.33
14.15 -35.33
14.15 -35.33
14.15 -35.33
14.33 -35.33
14.33 -35.33
14.33 -35.33
15.79 -35.33
15.79 -35.33
15.79 -35.33
15.98 -35.33
15.98 -35.33
15.98 -35.33
13.78 -35.15
13.78 -35.15
13.78 -35.15
15.79 -35.15
15.79 -35.15
15.79 -35.15
16.16 -35.15
16.16 -35.15
16.16 -35.15
14.33 -34.96
14.33 -34.96
14.33 -34.96
14.51 -34.96
14.51 -34.96
14.51 -34.96
14.70 -34.96
14.70 -34.96
14.70 -34.96
14.88 -34.96
14.88 -34.96
14.88 -34.96
15.25 -34.96
15.25 -34.96
15.25 -34.96
15.43 -34.96
15.43 -34.96
15.43 -34.96
15.61 -34.96
15.61 -34.96
15.61 -34.96
13.78 -34.78
13.78 -34.78
13.78 -34.78
14.51 -34.78
14.51 -34.78
14.51 -34.78
14.88 -34.78
14.88 -34.78
14.88 -34.78
15.06 -34.78
15.06 -34.78
15.06 -34.78
14.33 -34.60
14.33 -34.60
14.33 -34.60
14.51 -34.60
14.51 -34.60
14.51 -34.60
15.43 -34.60
15.43 -34.60
15.43 -34.60
13.78 -34.42
13.78 -34.42
13.78 -34.42
13.97 -34.42
13.97 -34.42
13.97 -34.42
14.33 -34.42
14.33 -34.42
14.33 -34.42
14.88 -34.42
14.88 -34.42
14.88 -34.42
13.97 -34.23
13.97 -34.23
13.97 -34.23
14.15 -34.23
14.15 -34.23
14.15 -34.23
14.33 -34.23
14.33 -34.23
14.33 -34.23
15.25 -34.23
15.25 -34.23
15.25 -34.23
15.43 -34.23
15.43 -34.23
15.43 -34.23
15.61 -34.23
15.61 -34.23
15.61 -34.23
15.61 -34.05
15.61 -34.05
15.61 -34.05
13.78 -33.87
13.78 -33.87
13.78 -33.87
14.70 -33.87
14.70 -33.87
14.70 -33.87
14.88 -33.87
14.88 -33.87
14.88 -33.87
15.06 -33.87
15.06 -33.87
15.06 -33.87
13.78 -33.69
13.78 -33.69
13.78 -33.69
14.88 -33.69
14.88 -33.69
14.88 -33.69
15.61 -33.50
15.61 -33.50
15.61 -33.50
13.78 -33.32
13.78 -33.32
13.78 -33.32
13.97 -33.32
13.97 -33.32
13.97 -33.32
14.15 -33.32
14.15 -33.32
14.15 -33.32
14.33 -33.32
14.33 -33.32
14.33 -33.32
15.25 -33.32
15.25 -33.32
15.25 -33.32
15.61 -33.32
15.61 -33.32
15.61 -33.32
13.78 -33.14
13.78 -33.14
13.78 -33.14
13.97 -33.14
13.97 -33.14
13.97 -33.14
14.15 -33.14
14.15 -33.14
14.15 -33.14
14.33 -33.14
14.33 -33.14
14.33 -33.14
14.51 -33.14
14.51 -33.14
14.51 -33.14
14.70 -33.14
14.70 -33.14
14.70 -33.14
14.88 -33.14
14.88 -33.14
14.88 -33.14
15.06 -33.14
15.06 -33.14
15.06 -33.14
15.25 -33.14
15.25 -33.14
15.25 -33.14
15.61 -33.14
15.61 -33.14
15.61 -33.14
14.70 -32.96
14.70 -32.96
14.70 -32.96
14.88 -32.96
14.88 -32.96
14.88 -32.96
15.06 -32.96
15.06 -32.96
15.06 -32.96
13.97 -32.77
13.97 -32.77
13.97 -32.77
14.33 -32.77
14.33 -32.77
14.33 -32.77
14.70 -32.77
14.70 -32.77
14.70 -32.77
15.06 -32.77
15.06 -32.77
15.06 -32.77
15.25 -32.77
15.25 -32.77
15.25 -32.77
15.61 -32.77
15.61 -32.77
15.61 -32.77
13.42 -32.59
13.42 -32.59
13.42 -32.59
13.78 -32.59
13.78 -32.59
13.78 -32.59
14.15 -32.59
14.15 -32.59
14.15 -32.59
14.51 -32.59
14.51 -32.59
14.51 -32.59
14.88 -32.59
14.88 -32.59
14.88 -32.59
15.06 -32.59
15.06 -32.59
15.06 -32.59
15.43 -32.59
15.43 -32.59
15.43 -32.59
15.61 -32.59
15.61 -32.59
15.61 -32.59
13.05 -32.41
13.05 -32.41
13.05 -32.41
14.51 -32.41
14.51 -32.41
14.51 -32.41
14.88 -32.41
14.88 -32.41
14.88 -32.41
15.06 -32.41
15.06 -32.41
15.06 -32.41
15.25 -32.41
15.25 -32.41
15.25 -32.41
15.43 -32.41
15.43 -32.41
15.43 -32.41
13.24 -32.22
13.24 -32.22
13.24 -32.22
13.97 -32.22
13.97 -32.22
13.97 -32.22
14.33 -32.22
14.33 -32.22
14.33 -32.22
14.70 -32.22
14.70 -32.22
14.70 -32.22
14.88 -32.22
14.88 -32.22
14.88 -32.22
13.24 -32.04
13.24 -32.04
13.24 -32.04
13.78 -32.04
13.78 -32.04
13.78 -32.04
13.05 -31.86
13.05 -31.86
13.05 -31.86
13.60 -31.86
13.60 -31.86
13.60 -31.86
15.06 -31.86
15.06 -31.86
15.06 -31.86
15.25 -31.86
15.25 -31.86
15.25 -31.86
12.87 -31.68
12.87 -31.68
12.87 -31.68
13.42 -31.68
13.42 -31.68
13.42 -31.68
13.60 -31.68
13.60 -31.68
13.60 -31.68
15.43 -31.68
15.43 -31.68
15.43 -31.68
12.51 -31.49
12.51 -31.49
12.51 -31.49
12.69 -31.49
12.69 -31.49
12.69 -31.49
13.05 -31.49
13.05 -31.49
13.05 -31.49
13.24 -31.49
13.24 -31.49
13.24 -31.49
13.42 -31.49
13.42 -31.49
13.42 -31.49
14.88 -31.49
14.88 -31.49
14.88 -31.49
15.06 -31.49
15.06 -31.49
15.06 -31.49
15.25 -31.49
15.25 -31.49
15.25 -31.49
15.43 -31.49
15.43 -31.49
15.43 -31.49
12.69 -31.31
12.69 -31.31
12.69 -31.31
13.05 -31.31
13.05 -31.31
13.05 -31.31
13.24 -31.31
13.24 -31.31
13.24 -31.31
13.60 -31.31
13.60 -31.31
13.60 -31.31
13.97 -31.31
13.97 -31.31
13.97 -31.31
14.33 -31.31
14.33 -31.31
14.33 -31.31
14.51 -31.31
14.51 -31.31
14.51 -31.31
15.25 -31.31
15.25 -31.31
15.25 -31.31
12.69 -31.13
12.69 -31.13
12.69 -31.13
12.87 -31.13
12.87 -31.13
12.87 -31.13
13.24 -31.13
13.24 -31.13
13.24 -31.13
13.60 -31.13
13.60 -31.13
13.60 -31.13
14.15 -31.13
14.15 -31.13
14.15 -31.13
14.33 -31.13
14.33 -31.13
14.33 -31.13
14.51 -31.13
14.51 -31.13
14.51 -31.13
14.88 -31.13
14.88 -31.13
14.88 -31.13
12.51 -30.95
12.51 -30.95
12.51 -30.95
12.87 -30.95
12.87 -30.95
12.87 -30.95
13.24 -30.95
13.24 -30.95
13.24 -30.95
13.60 -30.95
13.60 -30.95
13.60 -30.95
13.78 -30.95
13.78 -30.95
13.78 -30.95
13.97 -30.95
13.97 -30.95
13.97 -30.95
14.15 -30.95
14.15 -30.95
14.15 -30.95
14.33 -30.95
14.33 -30.95
14.33 -30.95
14.70 -30.95
14.70 -30.95
14.70 -30.95
12.51 -30.76
12.51 -30.76
12.51 -30.76
12.87 -30.76
12.87 -30.76
12.87 -30.76
13.05 -30.76
13.05 -30.76
13.05 -30.76
14.70 -30.76
14.70 -30.76
14.70 -30.76
12.51 -30.58
12.51 -30.58
12.51 -30.58
14.51 -30.58
14.51 -30.58
14.51 -30.58
14.70 -30.58
14.70 -30.58
14.70 -30.58
12.87 -30.40
12.87 -30.40
12.87 -30.40
13.05 -30.40
13.05 -30.40
13.05 -30.40
14.70 -30.40
14.70 -30.40
14.70 -30.40
14.88 -30.40
14.88 -30.40
14.88 -30.40
12.51 -30.22
12.51 -30.22
12.51 -30.22
12.69 -30.22
12.69 -30.22
12.69 -30.22
12.87 -30.22
12.87 -30.22
12.87 -30.22
14.51 -30.22
14.51 -30.22
14.51 -30.22
14.70 -30.22
14.70 -30.22
14.70 -30.22
12.51 -29.85
12.51 -29.85
12.51 -29.85
12.69 -29.85
12.69 -29.85
12.69 -29.85
12.87 -29.85
12.87 -29.85
12.87 -29.85
13.42 -29.85
13.42 -29.85
13.42 -29.85
13.97 -29.85
13.97 -29.85
13.97 -29.85
14.15 -29.85
14.15 -29.85
14.15 -29.85
14.88 -29.85
14.88 -29.85
14.88 -29.85
12.87 -29.67
12.87 -29.67
12.87 -29.67
13.42 -29.67
13.42 -29.67
13.42 -29.67
14.51 -29.67
14.51 -29.67
14.51 -29.67
14.70 -29.67
14.70 -29.67
14.70 -29.67
12.51 -29.49
12.51 -29.49
12.51 -29.49
12.87 -29.49
12.87 -29.49
12.87 -29.49
13.24 -29.49
13.24 -29.49
13.24 -29.49
13.42 -29.49
13.42 -29.49
13.42 -29.49
13.97 -29.49
13.97 -29.49
13.97 -29.49
14.15 -29.49
14.15 -29.49
14.15 -29.49
14.88 -29.49
14.88 -29.49
14.88 -29.49
12.51 -29.30
12.51 -29.30
12.51 -29.30
14.88 -29.30
14.88 -29.30
14.88 -29.30
12.69 -29.12
12.69 -29.12
12.69 -29.12
14.51 -29.12
14.51 -29.12
14.51 -29.12
14.51 -28.94
14.51 -28.94
14.51 -28.94
14.51 -28.76
14.51 -28.76
14.51 -28.76
14.70 -28.76
14.70 -28.76
14.70 -28.76
14.70 -28.57
14.70 -28.57
14.70 -28.57
14.88 -28.57
14.88 -28.57
14.88 -28.57
14.88 -28.39
14.88 -28.39
14.88 -28.39
14.33 -28.21
14.33 -28.21
14.33 -28.21
14.51 -28.21
14.51 -28.21
14.51 -28.21
13.05 -28.03
13.05 -28.03
13.05 -28.03
13.42 -27.84
13.42 -27.84
13.42 -27.84
13.60 -27.84
13.60 -27.84
13.60 -27.84
13.05 -27.66
13.05 -27.66
13.05 -27.66
13.05 -27.30
13.05 -27.30
13.05 -27.30
13.24 -27.30
13.24 -27.30
13.24 -27.30
13.42 -27.30
13.42 -27.30
13.42 -27.30
13.60 -27.30
13.60 -27.30
13.60 -27.30
13.42 -27.11
13.42 -27.11
13.42 -27.11
13.60 -27.11
13.60 -27.11
13.60 -27.11
2.10 -4.29
2.10 -4.29
2.10 -4.29
2.28 -4.29
2.28 -4.29
2.28 -4.29
2.83 -4.11
2.83 -4.11
2.83 -4.11
3.01 -4.11
3.01 -4.11
3.01 -4.11
3.20 -4.11
3.20 -4.11
3.20 -4.11
3.38 -4.11
3.38 -4.11
3.38 -4.11
2.65 -3.93
2.65 -3.93
2.65 -3.93
2.10 -3.74
2.10 -3.74
2.10 -3.74
2.28 -3.74
2.28 -3.74
2.28 -3.74
2.10 -3.56
2.10 -3.56
2.10 -3.56
2.10 -3.38
2.10 -3.38
2.10 -3.38
2.10 -3.20
2.10 -3.20
2.10 -3.20
2.83 -3.20
2.83 -3.20
2.83 -3.20
3.01 -3.20
3.01 -3.20
3.01 -3.20
3.20 -3.20
3.20 -3.20
3.20 -3.20
3.38 -3.20
3.38 -3.20
3.38 -3.20
2.28 -3.01
2.28 -3.01
2.28 -3.01
2.46 -3.01
2.46 -3.01
2.46 -3.01
3.38 -3.01
3.38 -3.01
3.38 -3.01
2.65 -2.83
2.65 -2.83
2.65 -2.83
3.20 -2.83
3.20 -2.83
3.20 -2.83
2.10 -2.65
2.10 -2.65
2.10 -2.65
2.28 -2.65
2.28 -2.65
2.28 -2.65
3.01 -2.65
3.01 -2.65
3.01 -2.65
3.20 -2.65
3.20 -2.65
3.20 -2.65
2.10 -2.46
2.10 -2.46
2.10 -2.46
2.46 -2.46
2.46 -2.46
2.46 -2.46
2.65 -2.46
2.65 -2.46
2.65 -2.46
2.83 -2.46
2.83 -2.46
2.83 -2.46
3.01 -2.46
3.01 -2.46
3.01 -2.46
2.46 -2.28
2.46 -2.28
2.46 -2.28
2.83 -2.28
2.83 -2.28
2.83 -2.28
3.38 -2.28
3.38 -2.28
3.38 -2.28
2.10 -2.10
2.10 -2.10
2.10 -2.10
2.28 -2.10
2.28 -2.10
2.28 -2.10
2.65 -2.10
2.65 -2.10
2.65 -2.10
2.83 -2.10
2.83 -2.10
2.83 -2.10
3.01 -2.10
3.01 -2.10
3.01 -2.10
3.20 -2.10
3.20 -2.10
3.20 -2.10
3.38 -2.10
3.38 -2.10
3.38 -2.10
2.10 -1.92
2.10 -1.92
2.10 -1.92
2.28 -1.92
2.28 -1.92
2.28 -1.92
2.46 -1.92
2.46 -1.92
2.46 -1.92
2.65 -1.92
2.65 -1.92
2.65 -1.92
2.83 -1.92
2.83 -1.92
2.83 -1.92
3.01 -1.92
3.01 -1.92
3.01 -1.92
3.20 -1.92
3.20 -1.92
3.20 -1.92
3.38 -1.92
3.38 -1.92
3.38 -1.92
2.28 -1.73
2.28 -1.73
2.28 -1.73
2.46 -1.73
2.46 -1.73
2.46 -1.73
2.65 -1.73
2.65 -1.73
2.65 -1.73
2.83 -1.73
2.83 -1.73
2.83 -1.73
3.01 -1.73
3.01 -1.73
3.01 -1.73
3.20 -1.73
3.20 -1.73
3.20 -1.73
3.38 -1.73
3.38 -1.73
3.38 -1.73
2.65 -1.55
2.65 -1.55
2.65 -1.55
2.83 -1.55
2.83 -1.55
2.83 -1.55
3.38 -1.55
3.38 -1.55
3.38 -1.55
2.65 -1.37
2.65 -1.37
2.65 -1.37
2.28 -1.19
2.28 -1.19
2.28 -1.19
2.65 -1.19
2.65 -1.19
2.65 -1.19
2.10 -1.00
2.10 -1.00
2.10 -1.00
2.28 -1.00
2.28 -1.00
2.28 -1.00
2.65 -1.00
2.65 -1.00
2.65 -1.00
2.10 -0.82
2.10 -0.82
2.10 -0.82
2.10 -0.64
2.10 -0.64
2.10 -0.64
2.83 -0.64
2.83 -0.64
2.83 -0.64
3.20 -0.64
3.20 -0.64
3.20 -0.64
2.10 -0.46
2.10 -0.46
2.10 -0.46
2.28 -0.46
2.28 -0.46
2.28 -0.46
2.46 -0.46
2.46 -0.46
2.46 -0.46
2.83 -0.46
2.83 -0.46
2.83 -0.46
3.20 -0.46
3.20 -0.46
3.20 -0.46
3.38 -0.46
3.38 -0.46
3.38 -0.46
2.10 -0.27
2.10 -0.27
2.10 -0.27
2.28 -0.27
2.28 -0.27
2.28 -0.27
2.65 -0.27
2.65 -0.27
2.65 -0.27
2.83 -0.27
2.83 -0.27
2.83 -0.27
3.38 -0.27
3.38 -0.27
3.38 -0.27
2.10 -0.09
2.10 -0.09
2.10 -0.09
2.28 -0.09
2.28 -0.09
2.28 -0.09
2.65 -0.09
2.65 -0.09
2.65 -0.09
2.83 -0.09
2.83 -0.09
2.83 -0.09
3.38 -0.09
3.38 -0.09
3.38 -0.09
3.56 -0.09
3.56 -0.09
3.56 -0.09
3.93 -0.09
3.93 -0.09
3.93 -0.09
2.10 0.09
2.10 0.09
2.10 0.09
2.28 0.09
2.28 0.09
2.28 0.09
2.46 0.09
2.46 0.09
2.46 0.09
2.65 0.09
2.65 0.09
2.65 0.09
2.83 0.09
2.83 0.09
2.83 0.09
3.01 0.09
3.01 0.09
3.01 0.09
3.20 0.09
3.20 0.09
3.20 0.09
3.56 0.09
3.56 0.09
3.56 0.09
3.74 0.09
3.74 0.09
3.74 0.09
3.93 0.09
3.93 0.09
3.93 0.09
4.11 0.09
4.11 0.09
4.11 0.09
2.28 0.27
2.28 0.27
2.28 0.27
2.46 0.27
2.46 0.27
2.46 0.27
2.65 0.27
2.65 0.27
2.65 0.27
3.01 0.27
3.01 0.27
3.01 0.27
3.20 0.27
3.20 0.27
3.20 0.27
3.74 0.27
3.74 0.27
3.74 0.27
4.11 0.27
4.11 0.27
4.11 0.27
2.46 0.46
2.46 0.46
2.46 0.46
3.01 0.46
3.01 0.46
3.01 0.46
4.11 0.46
4.11 0.46
4.11 0.46
2.46 0.64
2.46 0.64
2.46 0.64
2.83 0.64
2.83 0.64
2.83 0.64
3.01 0.64
3.01 0.64
3.01 0.64
3.38 0.64
3.38 0.64
3.38 0.64
3.56 0.64
3.56 0.64
3.56 0.64
3.93 0.64
3.93 0.64
3.93 0.64
2.28 0.82
2.28 0.82
2.28 0.82
2.46 0.82
2.46 0.82
2.46 0.82
2.65 0.82
2.65 0.82
2.65 0.82
2.83 0.82
2.83 0.82
2.83 0.82
3.01 0.82
3.01 0.82
3.01 0.82
3.20 0.82
3.20 0.82
3.20 0.82
3.38 0.82
3.38 0.82
3.38 0.82
3.93 0.82
3.93 0.82
3.93 0.82
2.10 1.00
2.10 1.00
2.10 1.00
3.01 1.00
3.01 1.00
3.01 1.00
3.20 1.00
3.20 1.00
3.20 1.00
4.11 1.00
4.11 1.00
4.11 1.00
4.47 1.00
4.47 1.00
4.47 1.00
4.66 1.00
4.66 1.00
4.66 1.00
3.20 1.19
3.20 1.19
3.20 1.19
3.38 1.19
3.38 1.19
3.38 1.19
3.56 1.19
3.56 1.19
3.56 1.19
4.11 1.19
4.11 1.19
4.11 1.19
4.29 1.19
4.29 1.19
4.29 1.19
2.10 1.37
2.10 1.37
2.10 1.37
2.28 1.37
2.28 1.37
2.28 1.37
2.46 1.37
2.46 1.37
2.46 1.37
3.01 1.37
3.01 1.37
3.01 1.37
3.20 1.37
3.20 1.37
3.20 1.37
3.38 1.37
3.38 1.37
3.38 1.37
3.56 1.37
3.56 1.37
3.56 1.37
3.74 1.37
3.74 1.37
3.74 1.37
3.93 1.37
3.93 1.37
3.93 1.37
4.11 1.37
4.11 1.37
4.11 1.37
4.47 1.37
4.47 1.37
4.47 1.37
4.66 1.37
4.66 1.37
4.66 1.37
2.10 1.55
2.10 1.55
2.10 1.55
2.28 1.55
2.28 1.55
2.28 1.55
2.46 1.55
2.46 1.55
2.46 1.55
2.65 1.55
2.65 1.55
2.65 1.55
2.83 1.55
2.83 1.55
2.83 1.55
3.01 1.55
3.01 1.55
3.01 1.55
3.20 1.55
3.20 1.55
3.20 1.55
3.38 1.55
3.38 1.55
3.38 1.55
3.56 1.55
3.56 1.55
3.56 1.55
4.66 1.55
4.66 1.55
4.66 1.55
2.10 1.73
2.10 1.73
2.10 1.73
2.28 1.73
2.28 1.73
2.28 1.73
2.46 1.73
2.46 1.73
2.46 1.73
2.65 1.73
2.65 1.73
2.65 1.73
2.83 1.73
2.83 1.73
2.83 1.73
3.74 1.73
3.74 1.73
3.74 1.73
3.93 1.73
3.93 1.73
3.93 1.73
4.11 1.73
4.11 1.73
4.11 1.73
4.47 1.73
4.47 1.73
4.47 1.73
4.66 1.73
4.66 1.73
4.66 1.73
2.46 1.92
2.46 1.92
2.46 1.92
2.65 1.92
2.65 1.92
2.65 1.92
2.83 1.92
2.83 1.92
2.83 1.92
4.29 1.92
4.29 1.92
4.29 1.92
4.47 1.92
4.47 1.92
4.47 1.92
4.66 1.92
4.66 1.92
4.66 1.92
2.65 2.10
2.65 2.10
2.65 2.10
2.83 2.10
2.83 2.10
2.83 2.10
3.01 2.10
3.01 2.10
3.01 2.10
3.74 2.10
3.74 2.10
3.74 2.10
4.11 2.10
4.11 2.10
4.11 2.10
4.29 2.10
4.29 2.10
4.29 2.10
2.10 2.28
2.10 2.28
2.10 2.28
2.46 2.28
2.46 2.28
2.46 2.28
2.65 2.28
2.65 2.28
2.65 2.28
2.83 2.28
2.83 2.28
2.83 2.28
3.01 2.28
3.01 2.28
3.01 2.28
3.56 2.28
3.56 2.28
3.56 2.28
3.93 2.28
3.93 2.28
3.93 2.28
4.11 2.28
4.11 2.28
4.11 2.28
4.29 2.28
4.29 2.28
4.29 2.28
4.47 2.28
4.47 2.28
4.47 2.28
2.28 2.46
2.28 2.46
2.28 2.46
3.01 2.46
3.01 2.46
3.01 2.46
3.20 2.46
3.20 2.46
3.20 2.46
3.38 2.46
3.38 2.46
3.38 2.46
3.74 2.46
3.74 2.46
3.74 2.46
3.93 2.46
3.93 2.46
3.93 2.46
4.11 2.46
4.11 2.46
4.11 2.46
4.47 2.46
4.47 2.46
4.47 2.46
4.66 2.46
4.66 2.46
4.66 2.46
4.84 2.46
4.84 2.46
4.84 2.46
5.39 2.46
5.39 2.46
5.39 2.46
2.28 2.65
2.28 2.65
2.28 2.65
2.46 2.65
2.46 2.65
2.46 2.65
2.65 2.65
2.65 2.65
2.65 2.65
2.83 2.65
2.83 2.65
2.83 2.65
3.01 2.65
3.01 2.65
3.01 2.65
3.56 2.65
3.56 2.65
3.56 2.65
4.66 2.65
4.66 2.65
4.66 2.65
4.84 2.65
4.84 2.65
4.84 2.65
5.02 2.65
5.02 2.65
5.02 2.65
5.20 2.65
5.20 2.65
5.20 2.65
3.01 2.83
3.01 2.83
3.01 2.83
3.20 2.83
3.20 2.83
3.20 2.83
3.38 2.83
3.38 2.83
3.38 2.83
3.56 2.83
3.56 2.83
3.56 2.83
4.66 2.83
4.66 2.83
4.66 2.83
4.84 2.83
4.84 2.83
4.84 2.83
5.02 2.83
5.02 2.83
5.02 2.83
2.83 3.01
2.83 3.01
2.83 3.01
3.01 3.01
3.01 3.01
3.01 3.01
4.11 3.01
4.11 3.01
4.11 3.01
4.29 3.01
4.29 3.01
4.29 3.01
4.47 3.01
4.47 3.01
4.47 3.01
4.66 3.01
4.66 3.01
4.66 3.01
4.84 3.01
4.84 3.01
4.84 3.01
5.20 3.01
5.20 3.01
5.20 3.01
5.39 3.01
5.39 3.01
5.39 3.01
3.56 3.20
3.56 3.20
3.56 3.20
3.74 3.20
3.74 3.20
3.74 3.20
3.93 3.20
3.93 3.20
3.93 3.20
4.11 3.20
4.11 3.20
4.11 3.20
4.29 3.20
4.29 3.20
4.29 3.20
4.47 3.20
4.47 3.20
4.47 3.20
4.66 3.20
4.66 3.20
4.66 3.20
4.84 3.20
4.84 3.20
4.84 3.20
5.02 3.20
5.02 3.20
5.02 3.20
5.39 3.20
5.39 3.20
5.39 3.20
5.57 3.20
5.57 3.20
5.57 3.20
5.75 3.20
5.75 3.20
5.75 3.20
5.93 3.20
5.93 3.20
5.93 3.20
3.01 3.38
3.01 3.38
3.01 3.38
3.20 3.38
3.20 3.38
3.20 3.38
3.38 3.38
3.38 3.38
3.38 3.38
3.74 3.38
3.74 3.38
3.74 3.38
3.93 3.38
3.93 3.38
3.93 3.38
4.84 3.38
4.84 3.38
4.84 3.38
5.02 3.38
5.02 3.38
5.02 3.38
5.20 3.38
5.20 3.38
5.20 3.38
5.57 3.38
5.57 3.38
5.57 3.38
2.83 3.56
2.83 3.56
2.83 3.56
3.20 3.56
3.20 3.56
3.20 3.56
3.38 3.56
3.38 3.56
3.38 3.56
5.20 3.56
5.20 3.56
5.20 3.56
5.57 3.56
5.57 3.56
5.57 3.56
5.75 3.56
5.75 3.56
5.75 3.56
6.12 3.56
6.12 3.56
6.12 3.56
2.83 3.74
2.83 3.74
2.83 3.74
3.01 3.74
3.01 3.74
3.01 3.74
3.20 3.74
3.20 3.74
3.20 3.74
3.56 3.74
3.56 3.74
3.56 3.74
4.84 3.74
4.84 3.74
4.84 3.74
5.02 3.74
5.02 3.74
5.02 3.74
5.20 3.74
5.20 3.74
5.20 3.74
5.39 3.74
5.39 3.74
5.39 3.74
5.75 3.74
5.75 3.74
5.75 3.74
5.93 3.74
5.93 3.74
5.93 3.74
6.12 3.74
6.12 3.74
6.12 3.74
3.38 3.93
3.38 3.93
3.38 3.93
3.74 3.93
3.74 3.93
3.74 3.93
3.93 3.93
3.93 3.93
3.93 3.93
4.11 3.93
4.11 3.93
4.11 3.93
4.66 3.93
4.66 3.93
4.66 3.93
4.84 3.93
4.84 3.93
4.84 3.93
5.02 3.93
5.02 3.93
5.02 3.93
5.39 3.93
5.39 3.93
5.39 3.93
3.56 4.11
3.56 4.11
3.56 4.11
4.84 4.11
4.84 4.11
4.84 4.11
5.02 4.11
5.02 4.11
5.02 4.11
5.75 4.11
5.75 4.11
5.75 4.11
5.93 4.11
5.93 4.11
5.93 4.11
6.12 4.11
6.12 4.11
6.12 4.11
5.20 4.29
5.20 4.29
5.20 4.29
5.93 4.29
5.93 4.29
5.93 4.29
4.29 4.47
4.29 4.47
4.29 4.47
4.47 4.47
4.47 4.47
4.47 4.47
5.20 4.47
5.20 4.47
5.20 4.47
5.57 4.47
5.57 4.47
5.57 4.47
5.93 4.47
5.93 4.47
5.93 4.47
6.12 4.47
6.12 4.47
6.12 4.47
3.56 4.66
3.56 4.66
3.56 4.66
3.74 4.66
3.74 4.66
3.74 4.66
3.93 4.66
3.93 4.66
3.93 4.66
4.11 4.66
4.11 4.66
4.11 4.66
4.29 4.66
4.29 4.66
4.29 4.66
4.47 4.66
4.47 4.66
4.47 4.66
5.20 4.66
5.20 4.66
5.20 4.66
5.57 4.66
5.57 4.66
5.57 4.66
5.75 4.66
5.75 4.66
5.75 4.66
6.48 4.66
6.48 4.66
6.48 4.66
6.66 4.66
6.66 4.66
6.66 4.66
3.74 4.84
3.74 4.84
3.74 4.84
3.93 4.84
3.93 4.84
3.93 4.84
4.11 4.84
4.11 4.84
4.11 4.84
5.39 4.84
5.39 4.84
5.39 4.84
5.57 4.84
5.57 4.84
5.57 4.84
5.93 4.84
5.93 4.84
5.93 4.84
6.48 4.84
6.48 4.84
6.48 4.84
6.66 4.84
6.66 4.84
6.66 4.84
6.85 4.84
6.85 4.84
6.85 4.84
7.21 4.84
7.21 4.84
7.21 4.84
7.39 4.84
7.39 4.84
7.39 4.84
4.47 5.02
4.47 5.02
4.47 5.02
4.66 5.02
4.66 5.02
4.66 5.02
4.84 5.02
4.84 5.02
4.84 5.02
5.02 5.02
5.02 5.02
5.02 5.02
5.39 5.02
5.39 5.02
5.39 5.02
5.93 5.02
5.93 5.02
5.93 5.02
6.12 5.02
6.12 5.02
6.12 5.02
6.30 5.02
6.30 5.02
6.30 5.02
6.66 5.02
6.66 5.02
6.66 5.02
7.03 5.02
7.03 5.02
7.03 5.02
7.21 5.02
7.21 5.02
7.21 5.02
3.93 5.20
3.93 5.20
3.93 5.20
4.47 5.20
4.47 5.20
4.47 5.20
5.02 5.20
5.02 5.20
5.02 5.20
5.75 5.20
5.75 5.20
5.75 5.20
5.93 5.20
5.93 5.20
5.93 5.20
6.12 5.20
6.12 5.20
6.12 5.20
6.30 5.20
6.30 5.20
6.30 5.20
6.48 5.20
6.48 5.20
6.48 5.20
7.21 5.20
7.21 5.20
7.21 5.20
7.39 5.20
7.39 5.20
7.39 5.20
3.93 5.39
3.93 5.39
3.93 5.39
4.47 5.39
4.47 5.39
4.47 5.39
3.93 5.57
3.93 5.57
3.93 5.57
4.84 5.57
4.84 5.57
4.84 5.57
5.02 5.57
5.02 5.57
5.02 5.57
5.20 5.57
5.20 5.57
5.20 5.57
5.39 5.57
5.39 5.57
5.39 5.57
7.21 5.57
7.21 5.57
7.21 5.57
7.39 5.57
7.39 5.57
7.39 5.57
3.56 5.75
3.56 5.75
3.56 5.75
4.11 5.75
4.11 5.75
4.11 5.75
5.20 5.75
5.20 5.75
5.20 5.75
5.39 5.75
5.39 5.75
5.39 5.75
5.57 5.75
5.57 5.75
5.57 5.75
6.66 5.75
6.66 5.75
6.66 5.75
6.85 5.75
6.85 5.75
6.85 5.75
7.21 5.75
7.21 5.75
7.21 5.75
3.74 5.93
3.74 5.93
3.74 5.93
4.11 5.93
4.11 5.93
4.11 5.93
4.47 5.93
4.47 5.93
4.47 5.93
4.66 5.93
4.66 5.93
4.66 5.93
4.84 5.93
4.84 5.93
4.84 5.93
5.02 5.93
5.02 5.93
5.02 5.93
5.20 5.93
5.20 5.93
5.20 5.93
7.21 5.93
7.21 5.93
7.21 5.93
4.11 6.12
4.11 6.12
4.11 6.12
4.47 6.12
4.47 6.12
4.47 6.12
5.39 6.12
5.39 6.12
5.39 6.12
6.85 6.12
6.85 6.12
6.85 6.12
7.03 6.12
7.03 6.12
7.03 6.12
7.94 6.12
7.94 6.12
7.94 6.12
4.47 6.30
4.47 6.30
4.47 6.30
4.66 6.30
4.66 6.30
4.66 6.30
4.84 6.30
4.84 6.30
4.84 6.30
5.02 6.30
5.02 6.30
5.02 6.30
5.20 6.30
5.20 6.30
5.20 6.30
5.39 6.30
5.39 6.30
5.39 6.30
5.57 6.30
5.57 6.30
5.57 6.30
5.75 6.30
5.75 6.30
5.75 6.30
6.66 6.30
6.66 6.30
6.66 6.30
6.85 6.30
6.85 6.30
6.85 6.30
7.39 6.30
7.39 6.30
7.39 6.30
7.58 6.30
7.58 6.30
7.58 6.30
4.11 6.48
4.11 6.48
4.11 6.48
4.29 6.48
4.29 6.48
4.29 6.48
5.02 6.48
5.02 6.48
5.02 6.48
5.39 6.48
5.39 6.48
5.39 6.48
5.57 6.48
5.57 6.48
5.57 6.48
5.75 6.48
5.75 6.48
5.75 6.48
5.93 6.48
5.93 6.48
5.93 6.48
6.30 6.48
6.30 6.48
6.30 6.48
6.48 6.48
6.48 6.48
6.48 6.48
6.66 6.48
6.66 6.48
6.66 6.48
6.85 6.48
6.85 6.48
6.85 6.48
7.03 6.48
7.03 6.48
7.03 6.48
7.21 6.48
7.21 6.48
7.21 6.48
7.94 6.48
7.94 6.48
7.94 6.48
5.39 6.66
5.39 6.66
5.39 6.66
5.75 6.66
5.75 6.66
5.75 6.66
6.30 6.66
6.30 6.66
6.30 6.66
6.66 6.66
6.66 6.66
6.66 6.66
6.85 6.66
6.85 6.66
6.85 6.66
7.03 6.66
7.03 6.66
7.03 6.66
8.12 6.66
8.12 6.66
8.12 6.66
5.02 6.85
5.02 6.85
5.02 6.85
5.20 6.85
5.20 6.85
5.20 6.85
5.75 6.85
5.75 6.85
5.75 6.85
6.30 6.85
6.30 6.85
6.30 6.85
6.66 6.85
6.66 6.85
6.66 6.85
6.85 6.85
6.85 6.85
6.85 6.85
7.03 6.85
7.03 6.85
7.03 6.85
7.94 6.85
7.94 6.85
7.94 6.85
8.12 6.85
8.12 6.85
8.12 6.85
8.31 6.85
8.31 6.85
8.31 6.85
8.49 6.85
8.49 6.85
8.49 6.85
8.67 6.85
8.67 6.85
8.67 6.85
4.84 7.03
4.84 7.03
4.84 7.03
5.57 7.03
5.57 7.03
5.57 7.03
5.75 7.03
5.75 7.03
5.75 7.03
7.76 7.03
7.76 7.03
7.76 7.03
7.94 7.03
7.94 7.03
7.94 7.03
8.12 7.03
8.12 7.03
8.12 7.03
8.67 7.03
8.67 7.03
8.67 7.03
4.84 7.21
4.84 7.21
4.84 7.21
5.02 7.21
5.02 7.21
5.02 7.21
5.20 7.21
5.20 7.21
5.20 7.21
5.39 7.21
5.39 7.21
5.39 7.21
6.12 7.21
6.12 7.21
6.12 7.21
6.48 7.21
6.48 7.21
6.48 7.21
8.31 7.21
8.31 7.21
8.31 7.21
8.67 7.21
8.67 7.21
8.67 7.21
5.39 7.39
5.39 7.39
5.39 7.39
5.75 7.39
5.75 7.39
5.75 7.39
5.93 7.39
5.93 7.39
5.93 7.39
6.12 7.39
6.12 7.39
6.12 7.39
6.48 7.39
6.48 7.39
6.48 7.39
8.31 7.39
8.31 7.39
8.31 7.39
5.57 7.58
5.57 7.58
5.57 7.58
5.75 7.58
5.75 7.58
5.75 7.58
6.12 7.58
6.12 7.58
6.12 7.58
6.66 7.58
6.66 7.58
6.66 7.58
6.85 7.58
6.85 7.58
6.85 7.58
7.03 7.58
7.03 7.58
7.03 7.58
7.21 7.58
7.21 7.58
7.21 7.58
7.39 7.58
7.39 7.58
7.39 7.58
7.58 7.58
7.58 7.58
7.58 7.58
7.76 7.58
7.76 7.58
7.76 7.58
7.94 7.58
7.94 7.58
7.94 7.58
8.12 7.58
8.12 7.58
8.12 7.58
8.31 7.58
8.31 7.58
8.31 7.58
5.57 7.76
5.57 7.76
5.57 7.76
6.12 7.76
6.12 7.76
6.12 7.76
6.30 7.76
6.30 7.76
6.30 7.76
6.66 7.76
6.66 7.76
6.66 7.76
6.85 7.76
6.85 7.76
6.85 7.76
7.03 7.76
7.03 7.76
7.03 7.76
7.21 7.76
7.21 7.76
7.21 7.76
7.39 7.76
7.39 7.76
7.39 7.76
7.58 7.76
7.58 7.76
7.58 7.76
7.76 7.76
7.76 7.76
7.76 7.76
7.94 7.76
7.94 7.76
7.94 7.76
8.49 7.76
8.49 7.76
8.49 7.76
5.75 7.94
5.75 7.94
5.75 7.94
5.93 7.94
5.93 7.94
5.93 7.94
6.48 7.94
6.48 7.94
6.48 7.94
6.66 7.94
6.66 7.94
6.66 7.94
6.85 7.94
6.85 7.94
6.85 7.94
7.03 7.94
7.03 7.94
7.03 7.94
7.21 7.94
7.21 7.94
7.21 7.94
7.39 7.94
7.39 7.94
7.39 7.94
7.58 7.94
7.58 7.94
7.58 7.94
7.76 7.94
7.76 7.94
7.76 7.94
7.94 7.94
7.94 7.94
7.94 7.94
8.49 7.94
8.49 7.94
8.49 7.94
8.85 7.94
8.85 7.94
8.85 7.94
9.04 7.94
9.04 7.94
9.04 7.94
9.22 7.94
9.22 7.94
9.22 7.94
5.75 8.12
5.75 8.12
5.75 8.12
6.30 8.12
6.30 8.12
6.30 8.12
7.39 8.12
7.39 8.12
7.39 8.12
7.58 8.12
7.58 8.12
7.58 8.12
7.76 8.12
7.76 8.12
7.76 8.12
8.49 8.12
8.49 8.12
8.49 8.12
8.67 8.12
8.67 8.12
8.67 8.12
8.85 8.12
8.85 8.12
8.85 8.12
9.04 8.12
9.04 8.12
9.04 8.12
9.22 8.12
9.22 8.12
9.22 8.12
9.40 8.12
9.40 8.12
9.40 8.12
5.57 8.31
5.57 8.31
5.57 8.31
6.12 8.31
6.12 8.31
6.12 8.31
6.30 8.31
6.30 8.31
6.30 8.31
6.66 8.31
6.66 8.31
6.66 8.31
7.39 8.31
7.39 8.31
7.39 8.31
7.58 8.31
7.58 8.31
7.58 8.31
8.12 8.31
8.12 8.31
8.12 8.31
8.31 8.31
8.31 8.31
8.31 8.31
8.49 8.31
8.49 8.31
8.49 8.31
8.67 8.31
8.67 8.31
8.67 8.31
8.85 8.31
8.85 8.31
8.85 8.31
9.04 8.31
9.04 8.31
9.04 8.31
5.57 8.49
5.57 8.49
5.57 8.49
5.93 8.49
5.93 8.49
5.93 8.49
6.48 8.49
6.48 8.49
6.48 8.49
6.66 8.49
6.66 8.49
6.66 8.49
6.85 8.49
6.85 8.49
6.85 8.49
7.03 8.49
7.03 8.49
7.03 8.49
7.21 8.49
7.21 8.49
7.21 8.49
7.39 8.49
7.39 8.49
7.39 8.49
8.85 8.49
8.85 8.49
8.85 8.49
9.04 8.49
9.04 8.49
9.04 8.49
5.57 8.67
5.57 8.67
5.57 8.67
5.93 8.67
5.93 8.67
5.93 8.67
6.12 8.67
6.12 8.67
6.12 8.67
6.30 8.67
6.30 8.67
6.30 8.67
6.66 8.67
6.66 8.67
6.66 8.67
6.85 8.67
6.85 8.67
6.85 8.67
7.03 8.67
7.03 8.67
7.03 8.67
7.21 8.67
7.21 8.67
7.21 8.67
7.39 8.67
7.39 8.67
7.39 8.67
7.58 8.67
7.58 8.67
7.58 8.67
9.04 8.67
9.04 8.67
9.04 8.67
9.22 8.67
9.22 8.67
9.22 8.67
9.40 8.67
9.40 8.67
9.40 8.67
5.93 8.85
5.93 8.85
5.93 8.85
6.30 8.85
6.30 8.85
6.30 8.85
6.48 8.85
6.48 8.85
6.48 8.85
6.66 8.85
6.66 8.85
6.66 8.85
6.85 8.85
6.85 8.85
6.85 8.85
7.03 8.85
7.03 8.85
7.03 8.85
7.21 8.85
7.21 8.85
7.21 8.85
7.39 8.85
7.39 8.85
7.39 8.85
9.04 8.85
9.04 8.85
9.04 8.85
9.22 8.85
9.22 8.85
9.22 8.85
9.40 8.85
9.40 8.85
9.40 8.85
6.66 9.04
6.66 9.04
6.66 9.04
6.85 9.04
6.85 9.04
6.85 9.04
7.03 9.04
7.03 9.04
7.03 9.04
7.21 9.04
7.21 9.04
7.21 9.04
7.39 9.04
7.39 9.04
7.39 9.04
9.22 9.04
9.22 9.04
9.22 9.04
9.40 9.04
9.40 9.04
9.40 9.04
6.12 9.22
6.12 9.22
6.12 9.22
6.30 9.22
6.30 9.22
6.30 9.22
6.48 9.22
6.48 9.22
6.48 9.22
6.66 9.22
6.66 9.22
6.66 9.22
6.85 9.22
6.85 9.22
6.85 9.22
7.03 9.22
7.03 9.22
7.03 9.22
7.21 9.22
7.21 9.22
7.21 9.22
8.12 9.22
8.12 9.22
8.12 9.22
8.31 9.22
8.31 9.22
8.31 9.22
8.49 9.22
8.49 9.22
8.49 9.22
9.22 9.22
9.22 9.22
9.22 9.22
9.40 9.22
9.40 9.22
9.40 9.22
6.12 9.40
6.12 9.40
6.12 9.40
6.48 9.40
6.48 9.40
6.48 9.40
7.03 9.40
7.03 9.40
7.03 9.40
7.21 9.40
7.21 9.40
7.21 9.40
7.76 9.40
7.76 9.40
7.76 9.40
7.94 9.40
7.94 9.40
7.94 9.40
8.12 9.40
8.12 9.40
8.12 9.40
8.31 9.40
8.31 9.40
8.31 9.40
8.49 9.40
8.49 9.40
8.49 9.40
8.67 9.40
8.67 9.40
8.67 9.40
8.85 9.40
8.85 9.40
8.85 9.40
9.04 9.40
9.04 9.40
9.04 9.40
9.22 9.40
9.22 9.40
9.22 9.40
9.40 9.40
9.40 9.40
9.40 9.40
9.59 9.40
9.59 9.40
9.59 9.40
9.77 9.40
9.77 9.40
9.77 9.40
9.95 9.40
9.95 9.40
9.95 9.40
10.13 9.40
10.13 9.40
10.13 9.40
6.85 9.59
6.85 9.59
6.85 9.59
7.21 9.59
7.21 9.59
7.21 9.59
7.39 9.59
7.39 9.59
7.39 9.59
7.94 9.59
7.94 9.59
7.94 9.59
8.85 9.59
8.85 9.59
8.85 9.59
9.04 9.59
9.04 9.59
9.04 9.59
9.22 9.59
9.22 9.59
9.22 9.59
9.40 9.59
9.40 9.59
9.40 9.59
9.59 9.59
9.59 9.59
9.59 9.59
10.13 9.59
10.13 9.59
10.13 9.59
7.21 9.77
7.21 9.77
7.21 9.77
7.39 9.77
7.39 9.77
7.39 9.77
7.21 9.95
7.21 9.95
7.21 9.95
8.67 9.95
8.67 9.95
8.67 9.95
8.85 9.95
8.85 9.95
8.85 9.95
9.95 9.95
9.95 9.95
9.95 9.95
7.03 10.13
7.03 10.13
7.03 10.13
7.58 10.13
7.58 10.13
7.58 10.13
7.76 10.13
7.76 10.13
7.76 10.13
7.94 10.13
7.94 10.13
7.94 10.13
8.31 10.13
8.31 10.13
8.31 10.13
8.49 10.13
8.49 10.13
8.49 10.13
8.67 10.13
8.67 10.13
8.67 10.13
8.85 10.13
8.85 10.13
8.85 10.13
9.04 10.13
9.04 10.13
9.04 10.13
10.13 10.13
10.13 10.13
10.13 10.13
10.68 10.13
10.68 10.13
10.68 10.13
7.03 10.32
7.03 10.32
7.03 10.32
7.21 10.32
7.21 10.32
7.21 10.32
7.58 10.32
7.58 10.32
7.58 10.32
7.76 10.32
7.76 10.32
7.76 10.32
8.31 10.32
8.31 10.32
8.31 10.32
8.49 10.32
8.49 10.32
8.49 10.32
8.67 10.32
8.67 10.32
8.67 10.32
8.85 10.32
8.85 10.32
8.85 10.32
9.04 10.32
9.04 10.32
9.04 10.32
9.59 10.32
9.59 10.32
9.59 10.32
9.77 10.32
9.77 10.32
9.77 10.32
10.13 10.32
10.13 10.32
10.13 10.32
10.32 10.32
10.32 10.32
10.32 10.32
10.50 10.32
10.50 10.32
10.50 10.32
10.68 10.32
10.68 10.32
10.68 10.32
7.58 10.50
7.58 10.50
7.58 10.50
7.76 10.50
7.76 10.50
7.76 10.50
9.40 10.50
9.40 10.50
9.40 10.50
9.77 10.50
9.77 10.50
9.77 10.50
9.95 10.50
9.95 10.50
9.95 10.50
7.76 10.68
7.76 10.68
7.76 10.68
7.94 10.68
7.94 10.68
7.94 10.68
9.40 10.68
9.40 10.68
9.40 10.68
9.59 10.68
9.59 10.68
9.59 10.68
9.77 10.68
9.77 10.68
9.77 10.68
10.50 10.68
10.50 10.68
10.50 10.68
7.21 10.86
7.21 10.86
7.21 10.86
7.39 10.86
7.39 10.86
7.39 10.86
9.22 10.86
9.22 10.86
9.22 10.86
9.40 10.86
9.40 10.86
9.40 10.86
9.77 10.86
9.77 10.86
9.77 10.86
10.50 10.86
10.50 10.86
10.50 10.86
8.12 11.05
8.12 11.05
8.12 11.05
8.31 11.05
8.31 11.05
8.31 11.05
8.49 11.05
8.49 11.05
8.49 11.05
10.13 11.05
10.13 11.05
10.13 11.05
10.32 11.05
10.32 11.05
10.32 11.05
11.41 11.05
11.41 11.05
11.41 11.05
7.94 11.23
7.94 11.23
7.94 11.23
10.32 11.23
10.32 11.23
10.32 11.23
10.50 11.23
10.50 11.23
10.50 11.23
10.68 11.23
10.68 11.23
10.68 11.23
10.86 11.23
10.86 11.23
10.86 11.23
7.58 11.41
7.58 11.41
7.58 11.41
7.94 11.41
7.94 11.41
7.94 11.41
8.31 11.41
8.31 11.41
8.31 11.41
8.49 11.41
8.49 11.41
8.49 11.41
8.67 11.41
8.67 11.41
8.67 11.41
8.85 11.41
8.85 11.41
8.85 11.41
9.04 11.41
9.04 11.41
9.04 11.41
9.22 11.41
9.22 11.41
9.22 11.41
9.40 11.41
9.40 11.41
9.40 11.41
9.59 11.41
9.59 11.41
9.59 11.41
11.05 11.41
11.05 11.41
11.05 11.41
7.58 11.59
7.58 11.59
7.58 11.59
7.94 11.59
7.94 11.59
7.94 11.59
8.12 11.59
8.12 11.59
8.12 11.59
8.31 11.59
8.31 11.59
8.31 11.59
8.49 11.59
8.49 11.59
8.49 11.59
8.67 11.59
8.67 11.59
8.67 11.59
8.85 11.59
8.85 11.59
8.85 11.59
9.04 11.59
9.04 11.59
9.04 11.59
9.22 11.59
9.22 11.59
9.22 11.59
9.40 11.59
9.40 11.59
9.40 11.59
9.59 11.59
9.59 11.59
9.59 11.59
11.23 11.59
11.23 11.59
11.23 11.59
11.41 11.59
11.41 11.59
11.41 11.59
7.76 11.78
7.76 11.78
7.76 11.78
8.12 11.78
8.12 11.78
8.12 11.78
8.31 11.78
8.31 11.78
8.31 11.78
8.49 11.78
8.49 11.78
8.49 11.78
12.14 11.78
12.14 11.78
12.14 11.78
7.76 11.96
7.76 11.96
7.76 11.96
8.12 11.96
8.12 11.96
8.12 11.96
8.31 11.96
8.31 11.96
8.31 11.96
8.49 11.96
8.49 11.96
8.49 11.96
10.32 11.96
10.32 11.96
10.32 11.96
10.50 11.96
10.50 11.96
10.50 11.96
10.68 11.96
10.68 11.96
10.68 11.96
10.86 11.96
10.86 11.96
10.86 11.96
11.05 11.96
11.05 11.96
11.05 11.96
11.23 11.96
11.23 11.96
11.23 11.96
11.41 11.96
11.41 11.96
11.41 11.96
11.59 11.96
11.59 11.96
11.59 11.96
8.12 12.14
8.12 12.14
8.12 12.14
8.31 12.14
8.31 12.14
8.31 12.14
8.49 12.14
8.49 12.14
8.49 12.14
8.67 12.14
8.67 12.14
8.67 12.14
8.85 12.14
8.85 12.14
8.85 12.14
9.95 12.14
9.95 12.14
9.95 12.14
10.13 12.14
10.13 12.14
10.13 12.14
10.32 12.14
10.32 12.14
10.32 12.14
10.50 12.14
10.50 12.14
10.50 12.14
10.68 12.14
10.68 12.14
10.68 12.14
10.86 12.14
10.86 12.14
10.86 12.14
11.05 12.14
11.05 12.14
11.05 12.14
11.23 12.14
11.23 12.14
11.23 12.14
11.59 12.14
11.59 12.14
11.59 12.14
12.14 12.14
12.14 12.14
12.14 12.14
12.51 12.14
12.51 12.14
12.51 12.14
12.69 12.14
12.69 12.14
12.69 12.14
9.77 12.32
9.77 12.32
9.77 12.32
9.95 12.32
9.95 12.32
9.95 12.32
10.13 12.32
10.13 12.32
10.13 12.32
10.32 12.32
10.32 12.32
10.32 12.32
11.05 12.32
11.05 12.32
11.05 12.32
11.41 12.32
11.41 12.32
11.41 12.32
11.78 12.32
11.78 12.32
11.78 12.32
11.96 12.32
11.96 12.32
11.96 12.32
12.32 12.32
12.32 12.32
12.32 12.32
12.51 12.32
12.51 12.32
12.51 12.32
12.69 12.32
12.69 12.32
12.69 12.32
8.12 12.51
8.12 12.51
8.12 12.51
8.85 12.51
8.85 12.51
8.85 12.51
9.22 12.51
9.22 12.51
9.22 12.51
9.77 12.51
9.77 12.51
9.77 12.51
9.95 12.51
9.95 12.51
9.95 12.51
10.32 12.51
10.32 12.51
10.32 12.51
11.41 12.51
11.41 12.51
11.41 12.51
11.78 12.51
11.78 12.51
11.78 12.51
11.96 12.51
11.96 12.51
11.96 12.51
12.32 12.51
12.32 12.51
12.32 12.51
12.51 12.51
12.51 12.51
12.51 12.51
12.69 12.51
12.69 12.51
12.69 12.51
9.22 12.69
9.22 12.69
9.22 12.69
9.40 12.69
9.40 12.69
9.40 12.69
9.59 12.69
9.59 12.69
9.59 12.69
9.77 12.69
9.77 12.69
9.77 12.69
10.86 12.69
10.86 12.69
10.86 12.69
11.05 12.69
11.05 12.69
11.05 12.69
11.41 12.69
11.41 12.69
11.41 12.69
11.59 12.69
11.59 12.69
11.59 12.69
11.96 12.69
11.96 12.69
11.96 12.69
12.69 12.69
12.69 12.69
12.69 12.69
8.85 12.87
8.85 12.87
8.85 12.87
9.22 12.87
9.22 12.87
9.22 12.87
10.13 12.87
10.13 12.87
10.13 12.87
10.86 12.87
10.86 12.87
10.86 12.87
11.05 12.87
11.05 12.87
11.05 12.87
11.96 12.87
11.96 12.87
11.96 12.87
12.14 12.87
12.14 12.87
12.14 12.87
12.32 12.87
12.32 12.87
12.32 12.87
12.51 12.87
12.51 12.87
12.51 12.87
12.69 12.87
12.69 12.87
12.69 12.87
12.87 12.87
12.87 12.87
12.87 12.87
9.59 13.05
9.59 13.05
9.59 13.05
10.50 13.05
10.50 13.05
10.50 13.05
10.68 13.05
10.68 13.05
10.68 13.05
11.05 13.05
11.05 13.05
11.05 13.05
12.14 13.05
12.14 13.05
12.14 13.05
12.32 13.05
12.32 13.05
12.32 13.05
12.51 13.05
12.51 13.05
12.51 13.05
12.69 13.05
12.69 13.05
12.69 13.05
13.05 13.05
13.05 13.05
13.05 13.05
13.24 13.05
13.24 13.05
13.24 13.05
13.42 13.05
13.42 13.05
13.42 13.05
9.77 13.24
9.77 13.24
9.77 13.24
9.95 13.24
9.95 13.24
9.95 13.24
10.13 13.24
10.13 13.24
10.13 13.24
10.32 13.24
10.32 13.24
10.32 13.24
10.50 13.24
10.50 13.24
10.50 13.24
10.68 13.24
10.68 13.24
10.68 13.24
13.42 13.24
13.42 13.24
13.42 13.24
9.59 13.42
9.59 13.42
9.59 13.42
10.13 13.42
10.13 13.42
10.13 13.42
13.05 13.42
13.05 13.42
13.05 13.42
13.24 13.42
13.24 13.42
13.24 13.42
13.78 13.42
13.78 13.42
13.78 13.42
10.13 13.60
10.13 13.60
10.13 13.60
10.50 13.60
10.50 13.60
10.50 13.60
10.68 13.60
10.68 13.60
10.68 13.60
13.24 13.60
13.24 13.60
13.24 13.60
13.60 13.60
13.60 13.60
13.60 13.60
13.78 13.60
13.78 13.60
13.78 13.60
13.97 13.60
13.97 13.60
13.97 13.60
10.86 13.78
10.86 13.78
10.86 13.78
11.23 13.78
11.23 13.78
11.23 13.78
12.69 13.78
12.69 13.78
12.69 13.78
13.05 13.78
13.05 13.78
13.05 13.78
13.24 13.78
13.24 13.78
13.24 13.78
13.60 13.78
13.60 13.78
13.60 13.78
10.86 13.97
10.86 13.97
10.86 13.97
12.87 13.97
12.87 13.97
12.87 13.97
13.05 13.97
13.05 13.97
13.05 13.97
11.23 14.15
11.23 14.15
11.23 14.15
12.32 14.15
12.32 14.15
12.32 14.15
12.51 14.15
12.51 14.15
12.51 14.15
12.69 14.15
12.69 14.15
12.69 14.15
12.87 14.15
12.87 14.15
12.87 14.15
13.05 14.15
13.05 14.15
13.05 14.15
13.24 14.15
13.24 14.15
13.24 14.15
10.86 14.33
10.86 14.33
10.86 14.33
11.05 14.33
11.05 14.33
11.05 14.33
11.59 14.33
11.59 14.33
11.59 14.33
11.78 14.33
11.78 14.33
11.78 14.33
11.96 14.33
11.96 14.33
11.96 14.33
12.51 14.33
12.51 14.33
12.51 14.33
12.69 14.33
12.69 14.33
12.69 14.33
13.24 14.33
13.24 14.33
13.24 14.33
13.42 14.33
13.42 14.33
13.42 14.33
13.60 14.33
13.60 14.33
13.60 14.33
13.78 14.33
13.78 14.33
13.78 14.33
13.97 14.33
13.97 14.33
13.97 14.33
11.23 14.51
11.23 14.51
11.23 14.51
11.41 14.51
11.41 14.51
11.41 14.51
11.59 14.51
11.59 14.51
11.59 14.51
12.32 14.51
12.32 14.51
12.32 14.51
13.24 14.51
13.24 14.51
13.24 14.51
13.42 14.51
13.42 14.51
13.42 14.51
13.60 14.51
13.60 14.51
13.60 14.51
13.78 14.51
13.78 14.51
13.78 14.51
14.51 14.51
14.51 14.51
14.51 14.51
10.86 14.70
10.86 14.70
10.86 14.70
11.59 14.70
11.59 14.70
11.59 14.70
11.78 14.70
11.78 14.70
11.78 14.70
11.96 14.70
11.96 14.70
11.96 14.70
12.32 14.70
12.32 14.70
12.32 14.70
13.24 14.70
13.24 14.70
13.24 14.70
13.42 14.70
13.42 14.70
13.42 14.70
13.60 14.70
13.60 14.70
13.60 14.70
14.70 14.70
14.70 14.70
14.70 14.70
10.86 14.88
10.86 14.88
10.86 14.88
12.32 14.88
12.32 14.88
12.32 14.88
14.33 14.88
14.33 14.88
14.33 14.88
14.51 14.88
14.51 14.88
14.51 14.88
14.70 14.88
14.70 14.88
14.70 14.88
14.88 14.88
14.88 14.88
14.88 14.88
15.43 14.88
15.43 14.88
15.43 14.88
11.59 15.06
11.59 15.06
11.59 15.06
13.97 15.06
13.97 15.06
13.97 15.06
11.59 15.25
11.59 15.25
11.59 15.25
11.96 15.25
11.96 15.25
11.96 15.25
12.14 15.25
12.14 15.25
12.14 15.25
12.51 15.25
12.51 15.25
12.51 15.25
12.69 15.25
12.69 15.25
12.69 15.25
12.87 15.25
12.87 15.25
12.87 15.25
14.15 15.25
14.15 15.25
14.15 15.25
14.33 15.25
14.33 15.25
14.33 15.25
14.51 15.25
14.51 15.25
14.51 15.25
14.88 15.25
14.88 15.25
14.88 15.25
15.06 15.25
15.06 15.25
15.06 15.25
15.25 15.25
15.25 15.25
15.25 15.25
15.43 15.25
15.43 15.25
15.43 15.25
13.42 15.43
13.42 15.43
13.42 15.43
14.70 15.43
14.70 15.43
14.70 15.43
14.88 15.43
14.88 15.43
14.88 15.43
15.06 15.43
15.06 15.43
15.06 15.43
15.25 15.43
15.25 15.43
15.25 15.43
12.14 15.61
12.14 15.61
12.14 15.61
12.32 15.61
12.32 15.61
12.32 15.61
12.51 15.61
12.51 15.61
12.51 15.61
12.87 15.61
12.87 15.61
12.87 15.61
13.05 15.61
13.05 15.61
13.05 15.61
13.24 15.61
13.24 15.61
13.24 15.61
13.78 15.61
13.78 15.61
13.78 15.61
14.51 15.61
14.51 15.61
14.51 15.61
14.70 15.61
14.70 15.61
14.70 15.61
14.88 15.61
14.88 15.61
14.88 15.61
15.43 15.61
15.43 15.61
15.43 15.61
12.87 15.79
12.87 15.79
12.87 15.79
13.05 15.79
13.05 15.79
13.05 15.79
13.24 15.79
13.24 15.79
13.24 15.79
13.42 15.79
13.42 15.79
13.42 15.79
13.60 15.79
13.60 15.79
13.60 15.79
14.33 15.79
14.33 15.79
14.33 15.79
14.51 15.79
14.51 15.79
14.51 15.79
14.70 15.79
14.70 15.79
14.70 15.79
14.88 15.79
14.88 15.79
14.88 15.79
12.14 15.98
12.14 15.98
12.14 15.98
12.32 15.98
12.32 15.98
12.32 15.98
12.51 15.98
12.51 15.98
12.51 15.98
12.69 15.98
12.69 15.98
12.69 15.98
13.24 15.98
13.24 15.98
13.24 15.98
13.60 15.98
13.60 15.98
13.60 15.98
14.15 15.98
14.15 15.98
14.15 15.98
14.33 15.98
14.33 15.98
14.33 15.98
14.51 15.98
14.51 15.98
14.51 15.98
14.70 15.98
14.70 15.98
14.70 15.98
14.88 15.98
14.88 15.98
14.88 15.98
15.06 15.98
15.06 15.98
15.06 15.98
15.25 15.98
15.25 15.98
15.25 15.98
12.14 16.16
12.14 16.16
12.14 16.16
13.24 16.16
13.24 16.16
13.24 16.16
13.78 16.16
13.78 16.16
13.78 16.16
14.70 16.16
14.70 16.16
14.70 16.16
14.88 16.16
14.88 16.16
14.88 16.16
15.06 16.16
15.06 16.16
15.06 16.16
15.25 16.16
15.25 16.16
15.25 16.16
15.43 16.16
15.43 16.16
15.43 16.16
15.98 16.16
15.98 16.16
15.98 16.16
16.16 16.16
16.16 16.16
16.16 16.16
16.34 16.16
16.34 16.16
16.34 16.16
16.52 16.16
16.52 16.16
16.52 16.16
16.71 16.16
16.71 16.16
16.71 16.16
15.06 16.34
15.06 16.34
15.06 16.34
15.25 16.34
15.25 16.34
15.25 16.34
15.43 16.34
15.43 16.34
15.43 16.34
15.79 16.34
15.79 16.34
15.79 16.34
16.34 16.34
16.34 16.34
16.34 16.34
16.71 16.34
16.71 16.34
16.71 16.34
12.87 16.52
12.87 16.52
12.87 16.52
13.60 16.52
13.60 16.52
13.60 16.52
15.43 16.52
15.43 16.52
15.43 16.52
15.79 16.52
15.79 16.52
15.79 16.52
16.34 16.52
16.34 16.52
16.34 16.52
16.52 16.52
16.52 16.52
16.52 16.52
16.71 16.52
16.71 16.52
16.71 16.52
13.24 16.71
13.24 16.71
13.24 16.71
13.42 16.71
13.42 16.71
13.42 16.71
13.60 16.71
13.60 16.71
13.60 16.71
13.97 16.71
13.97 16.71
13.97 16.71
14.15 16.71
14.15 16.71
14.15 16.71
14.33 16.71
14.33 16.71
14.33 16.71
14.51 16.71
14.51 16.71
14.51 16.71
14.70 16.71
14.70 16.71
14.70 16.71
14.88 16.71
14.88 16.71
14.88 16.71
15.61 16.71
15.61 16.71
15.61 16.71
15.98 16.71
15.98 16.71
15.98 16.71
16.16 16.71
16.16 16.71
16.16 16.71
16.52 16.71
16.52 16.71
16.52 16.71
13.05 16.89
13.05 16.89
13.05 16.89
13.60 16.89
13.60 16.89
13.60 16.89
13.97 16.89
13.97 16.89
13.97 16.89
14.15 16.89
14.15 16.89
14.15 16.89
14.33 16.89
14.33 16.89
14.33 16.89
14.51 16.89
14.51 16.89
14.51 16.89
14.70 16.89
14.70 16.89
14.70 16.89
14.88 16.89
14.88 16.89
14.88 16.89
15.06 16.89
15.06 16.89
15.06 16.89
15.43 16.89
15.43 16.89
15.43 16.89
15.61 16.89
15.61 16.89
15.61 16.89
15.79 16.89
15.79 16.89
15.79 16.89
15.98 16.89
15.98 16.89
15.98 16.89
16.16 16.89
16.16 16.89
16.16 16.89
16.34 16.89
16.34 16.89
16.34 16.89
16.52 16.89
16.52 16.89
16.52 16.89
16.71 16.89
16.71 16.89
16.71 16.89
13.05 17.07
13.05 17.07
13.05 17.07
13.78 17.07
13.78 17.07
13.78 17.07
14.33 17.07
14.33 17.07
14.33 17.07
14.51 17.07
14.51 17.07
14.51 17.07
14.70 17.07
14.70 17.07
14.70 17.07
14.88 17.07
14.88 17.07
14.88 17.07
15.06 17.07
15.06 17.07
15.06 17.07
15.25 17.07
15.25 17.07
15.25 17.07
15.43 17.07
15.43 17.07
15.43 17.07
16.52 17.07
16.52 17.07
16.52 17.07
16.71 17.07
16.71 17.07
16.71 17.07
12.87 17.25
12.87 17.25
12.87 17.25
13.42 17.25
13.42 17.25
13.42 17.25
13.97 17.25
13.97 17.25
13.97 17.25
14.15 17.25
14.15 17.25
14.15 17.25
14.33 17.25
14.33 17.25
14.33 17.25
14.51 17.25
14.51 17.25
14.51 17.25
14.70 17.25
14.70 17.25
14.70 17.25
15.43 17.25
15.43 17.25
15.43 17.25
13.60 17.44
13.60 17.44
13.60 17.44
13.78 17.44
13.78 17.44
13.78 17.44
13.97 17.44
13.97 17.44
13.97 17.44
14.15 17.44
14.15 17.44
14.15 17.44
14.33 17.44
14.33 17.44
14.33 17.44
14.51 17.44
14.51 17.44
14.51 17.44
14.70 17.44
14.70 17.44
14.70 17.44
15.25 17.44
15.25 17.44
15.25 17.44
15.43 17.44
15.43 17.44
15.43 17.44
15.61 17.44
15.61 17.44
15.61 17.44
15.79 17.44
15.79 17.44
15.79 17.44
15.98 17.44
15.98 17.44
15.98 17.44
16.16 17.44
16.16 17.44
16.16 17.44
13.60 17.62
13.60 17.62
13.60 17.62
13.97 17.62
13.97 17.62
13.97 17.62
14.70 17.62
14.70 17.62
14.70 17.62
14.88 17.62
14.88 17.62
14.88 17.62
15.06 17.62
15.06 17.62
15.06 17.62
15.25 17.62
15.25 17.62
15.25 17.62
15.43 17.62
15.43 17.62
15.43 17.62
15.61 17.62
15.61 17.62
15.61 17.62
15.79 17.62
15.79 17.62
15.79 17.62
15.98 17.62
15.98 17.62
15.98 17.62
16.16 17.62
16.16 17.62
16.16 17.62
16.34 17.62
16.34 17.62
16.34 17.62
16.52 17.62
16.52 17.62
16.52 17.62
17.25 17.62
17.25 17.62
17.25 17.62
13.60 17.80
13.60 17.80
13.60 17.80
13.78 17.80
13.78 17.80
13.78 17.80
13.97 17.80
13.97 17.80
13.97 17.80
14.15 17.80
14.15 17.80
14.15 17.80
14.33 17.80
14.33 17.80
14.33 17.80
14.51 17.80
14.51 17.80
14.51 17.80
14.70 17.80
14.70 17.80
14.70 17.80
14.88 17.80
14.88 17.80
14.88 17.80
15.06 17.80
15.06 17.80
15.06 17.80
15.98 17.80
15.98 17.80
15.98 17.80
16.16 17.80
16.16 17.80
16.16 17.80
16.34 17.80
16.34 17.80
16.34 17.80
16.52 17.80
16.52 17.80
16.52 17.80
16.71 17.80
16.71 17.80
16.71 17.80
13.60 17.98
13.60 17.98
13.60 17.98
14.15 17.98
14.15 17.98
14.15 17.98
14.33 17.98
14.33 17.98
14.33 17.98
14.51 17.98
14.51 17.98
14.51 17.98
14.70 17.98
14.70 17.98
14.70 17.98
14.88 17.98
14.88 17.98
14.88 17.98
15.06 17.98
15.06 17.98
15.06 17.98
16.71 17.98
16.71 17.98
16.71 17.98
16.89 17.98
16.89 17.98
16.89 17.98
17.07 17.98
17.07 17.98
17.07 17.98
17.25 17.98
17.25 17.98
17.25 17.98
14.33 18.17
14.33 18.17
14.33 18.17
14.88 18.17
14.88 18.17
14.88 18.17
15.06 18.17
15.06 18.17
15.06 18.17
15.43 18.17
15.43 18.17
15.43 18.17
15.61 18.17
15.61 18.17
15.61 18.17
17.25 18.17
17.25 18.17
17.25 18.17
14.70 18.35
14.70 18.35
14.70 18.35
14.88 18.35
14.88 18.35
14.88 18.35
15.06 18.35
15.06 18.35
15.06 18.35
15.43 18.35
15.43 18.35
15.43 18.35
14.33 18.53
14.33 18.53
14.33 18.53
14.51 18.53
14.51 18.53
14.51 18.53
15.06 18.53
15.06 18.53
15.06 18.53
15.25 18.53
15.25 18.53
15.25 18.53
15.98 18.53
15.98 18.53
15.98 18.53
16.16 18.53
16.16 18.53
16.16 18.53
16.89 18.53
16.89 18.53
16.89 18.53
17.07 18.53
17.07 18.53
17.07 18.53
17.44 18.53
17.44 18.53
17.44 18.53
14.70 18.71
14.70 18.71
14.70 18.71
14.88 18.71
14.88 18.71
14.88 18.71
15.79 18.71
15.79 18.71
15.79 18.71
15.98 18.71
15.98 18.71
15.98 18.71
16.16 18.71
16.16 18.71
16.16 18.71
16.34 18.71
16.34 18.71
16.34 18.71
17.44 18.71
17.44 18.71
17.44 18.71
17.62 18.71
17.62 18.71
17.62 18.71
17.80 18.71
17.80 18.71
17.80 18.71
17.98 18.71
17.98 18.71
17.98 18.71
14.51 18.90
14.51 18.90
14.51 18.90
14.70 18.90
14.70 18.90
14.70 18.90
15.25 18.90
15.25 18.90
15.25 18.90
15.79 18.90
15.79 18.90
15.79 18.90
15.98 18.90
15.98 18.90
15.98 18.90
16.16 18.90
16.16 18.90
16.16 18.90
17.07 18.90
17.07 18.90
17.07 18.90
17.25 18.90
17.25 18.90
17.25 18.90
17.44 18.90
17.44 18.90
17.44 18.90
14.33 19.08
14.33 19.08
14.33 19.08
14.51 19.08
14.51 19.08
14.51 19.08
14.70 19.08
14.70 19.08
14.70 19.08
15.25 19.08
15.25 19.08
15.25 19.08
15.43 19.08
15.43 19.08
15.43 19.08
15.61 19.08
15.61 19.08
15.61 19.08
15.79 19.08
15.79 19.08
15.79 19.08
17.07 19.08
17.07 19.08
17.07 19.08
17.25 19.08
17.25 19.08
17.25 19.08
17.44 19.08
17.44 19.08
17.44 19.08
17.62 19.08
17.62 19.08
17.62 19.08
14.15 19.26
14.15 19.26
14.15 19.26
14.33 19.26
14.33 19.26
14.33 19.26
14.88 19.26
14.88 19.26
14.88 19.26
15.06 19.26
15.06 19.26
15.06 19.26
15.43 19.26
15.43 19.26
15.43 19.26
17.07 19.26
17.07 19.26
17.07 19.26
17.62 19.26
17.62 19.26
17.62 19.26
17.80 19.26
17.80 19.26
17.80 19.26
14.15 19.44
14.15 19.44
14.15 19.44
14.33 19.44
14.33 19.44
14.33 19.44
15.43 19.44
15.43 19.44
15.43 19.44
17.07 19.44
17.07 19.44
17.07 19.44
17.25 19.44
17.25 19.44
17.25 19.44
17.44 19.44
17.44 19.44
17.44 19.44
17.62 19.44
17.62 19.44
17.62 19.44
17.80 19.44
17.80 19.44
17.80 19.44
17.98 19.44
17.98 19.44
17.98 19.44
14.88 19.63
14.88 19.63
14.88 19.63
15.06 19.63
15.06 19.63
15.06 19.63
15.43 19.63
15.43 19.63
15.43 19.63
15.61 19.63
15.61 19.63
15.61 19.63
15.79 19.63
15.79 19.63
15.79 19.63
15.98 19.63
15.98 19.63
15.98 19.63
16.16 19.63
16.16 19.63
16.16 19.63
17.98 19.63
17.98 19.63
17.98 19.63
18.17 19.63
18.17 19.63
18.17 19.63
15.06 19.81
15.06 19.81
15.06 19.81
15.43 19.81
15.43 19.81
15.43 19.81
15.61 19.81
15.61 19.81
15.61 19.81
15.79 19.81
15.79 19.81
15.79 19.81
15.98 19.81
15.98 19.81
15.98 19.81
16.16 19.81
16.16 19.81
16.16 19.81
16.34 19.81
16.34 19.81
16.34 19.81
16.52 19.81
16.52 19.81
16.52 19.81
17.80 19.81
17.80 19.81
17.80 19.81
17.98 19.81
17.98 19.81
17.98 19.81
18.17 19.81
18.17 19.81
18.17 19.81
18.53 19.81
18.53 19.81
18.53 19.81
15.06 19.99
15.06 19.99
15.06 19.99
15.25 19.99
15.25 19.99
15.25 19.99
15.43 19.99
15.43 19.99
15.43 19.99
15.61 19.99
15.61 19.99
15.61 19.99
16.71 19.99
16.71 19.99
16.71 19.99
17.62 19.99
17.62 19.99
17.62 19.99
17.80 19.99
17.80 19.99
17.80 19.99
17.98 19.99
17.98 19.99
17.98 19.99
18.17 19.99
18.17 19.99
18.17 19.99
18.35 19.99
18.35 19.99
18.35 19.99
15.43 20.17
15.43 20.17
15.43 20.17
15.79 20.36
15.79 20.36
15.79 20.36
15.98 20.36
15.98 20.36
15.98 20.36
16.16 20.36
16.16 20.36
16.16 20.36
16.34 20.36
16.34 20.36
16.34 20.36
18.53 20.36
18.53 20.36
18.53 20.36
16.89 20.54
16.89 20.54
16.89 20.54
17.07 20.54
17.07 20.54
17.07 20.54
17.25 20.54
17.25 20.54
17.25 20.54
17.44 20.54
17.44 20.54
17.44 20.54
17.62 20.54
17.62 20.54
17.62 20.54
17.80 20.54
17.80 20.54
17.80 20.54
17.98 20.54
17.98 20.54
17.98 20.54
18.17 20.54
18.17 20.54
18.17 20.54
18.35 20.54
18.35 20.54
18.35 20.54
16.71 20.72
16.71 20.72
16.71 20.72
16.89 20.72
16.89 20.72
16.89 20.72
17.07 20.72
17.07 20.72
17.07 20.72
17.25 20.72
17.25 20.72
17.25 20.72
17.44 20.72
17.44 20.72
17.44 20.72
17.62 20.72
17.62 20.72
17.62 20.72
17.80 20.72
17.80 20.72
17.80 20.72
17.98 20.72
17.98 20.72
17.98 20.72
18.17 20.72
18.17 20.72
18.17 20.72
18.35 20.72
18.35 20.72
18.35 20.72
18.53 20.72
18.53 20.72
18.53 20.72
18.71 20.72
18.71 20.72
18.71 20.72
19.26 20.72
19.26 20.72
19.26 20.72
15.43 20.91
15.43 20.91
15.43 20.91
16.71 20.91
16.71 20.91
16.71 20.91
16.89 20.91
16.89 20.91
16.89 20.91
17.07 20.91
17.07 20.91
17.07 20.91
17.25 20.91
17.25 20.91
17.25 20.91
17.44 20.91
17.44 20.91
17.44 20.91
18.71 20.91
18.71 20.91
18.71 20.91
18.90 20.91
18.90 20.91
18.90 20.91
19.08 20.91
19.08 20.91
19.08 20.91
19.26 20.91
19.26 20.91
19.26 20.91
15.43 21.09
15.43 21.09
15.43 21.09
15.61 21.09
15.61 21.09
15.61 21.09
15.79 21.09
15.79 21.09
15.79 21.09
15.98 21.09
15.98 21.09
15.98 21.09
16.16 21.09
16.16 21.09
16.16 21.09
16.34 21.09
16.34 21.09
16.34 21.09
16.52 21.09
16.52 21.09
16.52 21.09
16.71 21.09
16.71 21.09
16.71 21.09
16.89 21.09
16.89 21.09
16.89 21.09
17.07 21.09
17.07 21.09
17.07 21.09
17.25 21.09
17.25 21.09
17.25 21.09
17.44 21.09
17.44 21.09
17.44 21.09
17.62 21.09
17.62 21.09
17.62 21.09
18.35 21.09
18.35 21.09
18.35 21.09
18.53 21.09
18.53 21.09
18.53 21.09
18.71 21.09
18.71 21.09
18.71 21.09
19.08 21.09
19.08 21.09
19.08 21.09
16.16 21.27
16.16 21.27
16.16 21.27
16.34 21.27
16.34 21.27
16.34 21.27
16.52 21.27
16.52 21.27
16.52 21.27
16.71 21.27
16.71 21.27
16.71 21.27
16.89 21.27
16.89 21.27
16.89 21.27
17.07 21.27
17.07 21.27
17.07 21.27
17.98 21.27
17.98 21.27
17.98 21.27
18.17 21.27
18.17 21.27
18.17 21.27
18.35 21.27
18.35 21.27
18.35 21.27
19.26 21.27
19.26 21.27
19.26 21.27
16.71 21.45
16.71 21.45
16.71 21.45
18.35 21.45
18.35 21.45
18.35 21.45
18.90 21.45
18.90 21.45
18.90 21.45
19.08 21.45
19.08 21.45
19.08 21.45
16.52 21.64
16.52 21.64
16.52 21.64
16.71 21.64
16.71 21.64
16.71 21.64
16.16 21.82
16.16 21.82
16.16 21.82
16.34 21.82
16.34 21.82
16.34 21.82
16.52 21.82
16.52 21.82
16.52 21.82
16.89 21.82
16.89 21.82
16.89 21.82
17.07 21.82
17.07 21.82
17.07 21.82
17.25 21.82
17.25 21.82
17.25 21.82
17.44 21.82
17.44 21.82
17.44 21.82
18.35 21.82
18.35 21.82
18.35 21.82
18.53 21.82
18.53 21.82
18.53 21.82
18.71 21.82
18.71 21.82
18.71 21.82
19.26 21.82
19.26 21.82
19.26 21.82
16.52 22.00
16.52 22.00
16.52 22.00
16.71 22.00
16.71 22.00
16.71 22.00
16.89 22.00
16.89 22.00
16.89 22.00
17.07 22.00
17.07 22.00
17.07 22.00
17.25 22.00
17.25 22.00
17.25 22.00
17.44 22.00
17.44 22.00
17.44 22.00
17.62 22.00
17.62 22.00
17.62 22.00
17.80 22.00
17.80 22.00
17.80 22.00
18.35 22.00
18.35 22.00
18.35 22.00
18.53 22.00
18.53 22.00
18.53 22.00
18.90 22.00
18.90 22.00
18.90 22.00
19.08 22.00
19.08 22.00
19.08 22.00
19.26 22.00
19.26 22.00
19.26 22.00
16.16 22.18
16.16 22.18
16.16 22.18
16.34 22.18
16.34 22.18
16.34 22.18
16.71 22.18
16.71 22.18
16.71 22.18
16.89 22.18
16.89 22.18
16.89 22.18
17.07 22.18
17.07 22.18
17.07 22.18
17.25 22.18
17.25 22.18
17.25 22.18
17.44 22.18
17.44 22.18
17.44 22.18
17.62 22.18
17.62 22.18
17.62 22.18
17.80 22.18
17.80 22.18
17.80 22.18
17.98 22.18
17.98 22.18
17.98 22.18
18.17 22.18
18.17 22.18
18.17 22.18
18.90 22.18
18.90 22.18
18.90 22.18
16.16 22.37
16.16 22.37
16.16 22.37
16.71 22.37
16.71 22.37
16.71 22.37
16.89 22.37
16.89 22.37
16.89 22.37
17.07 22.37
17.07 22.37
17.07 22.37
17.25 22.37
17.25 22.37
17.25 22.37
17.44 22.37
17.44 22.37
17.44 22.37
17.62 22.37
17.62 22.37
17.62 22.37
17.80 22.37
17.80 22.37
17.80 22.37
17.98 22.37
17.98 22.37
17.98 22.37
18.17 22.37
18.17 22.37
18.17 22.37
18.35 22.37
18.35 22.37
18.35 22.37
18.53 22.37
18.53 22.37
18.53 22.37
18.71 22.37
18.71 22.37
18.71 22.37
18.90 22.37
18.90 22.37
18.90 22.37
19.26 22.37
19.26 22.37
19.26 22.37
19.44 22.37
19.44 22.37
19.44 22.37
19.63 22.37
19.63 22.37
19.63 22.37
19.81 22.37
19.81 22.37
19.81 22.37
16.16 22.55
16.16 22.55
16.16 22.55
16.34 22.55
16.34 22.55
16.34 22.55
16.89 22.55
16.89 22.55
16.89 22.55
17.07 22.55
17.07 22.55
17.07 22.55
17.98 22.55
17.98 22.55
17.98 22.55
18.17 22.55
18.17 22.55
18.17 22.55
18.53 22.55
18.53 22.55
18.53 22.55
18.90 22.55
18.90 22.55
18.90 22.55
19.08 22.55
19.08 22.55
19.08 22.55
19.26 22.55
19.26 22.55
19.26 22.55
19.63 22.55
19.63 22.55
19.63 22.55
16.16 22.73
16.16 22.73
16.16 22.73
16.71 22.73
16.71 22.73
16.71 22.73
17.62 22.73
17.62 22.73
17.62 22.73
17.80 22.73
17.80 22.73
17.80 22.73
17.98 22.73
17.98 22.73
17.98 22.73
19.26 22.73
19.26 22.73
19.26 22.73
19.44 22.73
19.44 22.73
19.44 22.73
19.63 22.73
19.63 22.73
19.63 22.73
16.16 22.91
16.16 22.91
16.16 22.91
16.34 22.91
16.34 22.91
16.34 22.91
16.71 22.91
16.71 22.91
16.71 22.91
16.89 22.91
16.89 22.91
16.89 22.91
17.98 22.91
17.98 22.91
17.98 22.91
18.17 22.91
18.17 22.91
18.17 22.91
19.08 22.91
19.08 22.91
19.08 22.91
19.26 22.91
19.26 22.91
19.26 22.91
19.44 22.91
19.44 22.91
19.44 22.91
19.81 22.91
19.81 22.91
19.81 22.91
16.34 23.10
16.34 23.10
16.34 23.10
16.52 23.10
16.52 23.10
16.52 23.10
17.07 23.10
17.07 23.10
17.07 23.10
17.25 23.10
17.25 23.10
17.25 23.10
17.44 23.10
17.44 23.10
17.44 23.10
17.62 23.10
17.62 23.10
17.62 23.10
17.80 23.10
17.80 23.10
17.80 23.10
17.98 23.10
17.98 23.10
17.98 23.10
18.17 23.10
18.17 23.10
18.17 23.10
18.35 23.10
18.35 23.10
18.35 23.10
18.53 23.10
18.53 23.10
18.53 23.10
18.71 23.10
18.71 23.10
18.71 23.10
18.90 23.10
18.90 23.10
18.90 23.10
19.08 23.10
19.08 23.10
19.08 23.10
19.26 23.10
19.26 23.10
19.26 23.10
16.16 23.28
16.16 23.28
16.16 23.28
16.52 23.28
16.52 23.28
16.52 23.28
16.89 23.28
16.89 23.28
16.89 23.28
17.07 23.28
17.07 23.28
17.07 23.28
18.35 23.28
18.35 23.28
18.35 23.28
18.53 23.28
18.53 23.28
18.53 23.28
18.71 23.28
18.71 23.28
18.71 23.28
18.90 23.28
18.90 23.28
18.90 23.28
16.71 23.46
16.71 23.46
16.71 23.46
17.62 23.46
17.62 23.46
17.62 23.46
17.80 23.46
17.80 23.46
17.80 23.46
17.98 23.46
17.98 23.46
17.98 23.46
18.17 23.46
18.17 23.46
18.17 23.46
19.99 23.46
19.99 23.46
19.99 23.46
20.36 23.46
20.36 23.46
20.36 23.46
20.54 23.46
20.54 23.46
20.54 23.46
16.89 23.64
16.89 23.64
16.89 23.64
17.44 23.64
17.44 23.64
17.44 23.64
17.62 23.64
17.62 23.64
17.62 23.64
19.63 23.64
19.63 23.64
19.63 23.64
19.99 23.64
19.99 23.64
19.99 23.64
20.17 23.64
20.17 23.64
20.17 23.64
17.44 23.83
17.44 23.83
17.44 23.83
17.62 23.83
17.62 23.83
17.62 23.83
17.98 23.83
17.98 23.83
17.98 23.83
18.17 23.83
18.17 23.83
18.17 23.83
19.08 23.83
19.08 23.83
19.08 23.83
19.26 23.83
19.26 23.83
19.26 23.83
19.44 23.83
19.44 23.83
19.44 23.83
19.81 23.83
19.81 23.83
19.81 23.83
20.17 23.83
20.17 23.83
20.17 23.83
20.54 23.83
20.54 23.83
20.54 23.83
17.62 24.01
17.62 24.01
17.62 24.01
17.80 24.01
17.80 24.01
17.80 24.01
18.35 24.01
18.35 24.01
18.35 24.01
18.53 24.01
18.53 24.01
18.53 24.01
18.90 24.01
18.90 24.01
18.90 24.01
19.08 24.01
19.08 24.01
19.08 24.01
19.26 24.01
19.26 24.01
19.26 24.01
19.44 24.01
19.44 24.01
19.44 24.01
19.81 24.01
19.81 24.01
19.81 24.01
20.17 24.01
20.17 24.01
20.17 24.01
17.62 24.19
17.62 24.19
17.62 24.19
18.17 24.19
18.17 24.19
18.17 24.19
19.44 24.19
19.44 24.19
19.44 24.19
19.63 24.19
19.63 24.19
19.63 24.19
19.99 24.19
19.99 24.19
19.99 24.19
20.36 24.19
20.36 24.19
20.36 24.19
20.54 24.19
20.54 24.19
20.54 24.19
17.44 24.37
17.44 24.37
17.44 24.37
17.62 24.37
17.62 24.37
17.62 24.37
17.80 24.37
17.80 24.37
17.80 24.37
18.17 24.37
18.17 24.37
18.17 24.37
18.35 24.37
18.35 24.37
18.35 24.37
19.26 24.37
19.26 24.37
19.26 24.37
19.44 24.37
19.44 24.37
19.44 24.37
19.99 24.37
19.99 24.37
19.99 24.37
20.17 24.37
20.17 24.37
20.17 24.37
17.44 24.56
17.44 24.56
17.44 24.56
17.98 24.56
17.98 24.56
17.98 24.56
18.17 24.56
18.17 24.56
18.17 24.56
18.35 24.56
18.35 24.56
18.35 24.56
18.53 24.56
18.53 24.56
18.53 24.56
19.08 24.56
19.08 24.56
19.08 24.56
19.26 24.56
19.26 24.56
19.26 24.56
19.44 24.56
19.44 24.56
19.44 24.56
19.99 24.56
19.99 24.56
19.99 24.56
21.09 24.56
21.09 24.56
21.09 24.56
17.80 24.74
17.80 24.74
17.80 24.74
17.98 24.74
17.98 24.74
17.98 24.74
18.17 24.74
18.17 24.74
18.17 24.74
18.35 24.74
18.35 24.74
18.35 24.74
18.53 24.74
18.53 24.74
18.53 24.74
18.90 24.74
18.90 24.74
18.90 24.74
19.08 24.74
19.08 24.74
19.08 24.74
19.26 24.74
19.26 24.74
19.26 24.74
19.44 24.74
19.44 24.74
19.44 24.74
20.54 24.74
20.54 24.74
20.54 24.74
20.72 24.74
20.72 24.74
20.72 24.74
21.09 24.74
21.09 24.74
21.09 24.74
17.44 24.92
17.44 24.92
17.44 24.92
17.62 24.92
17.62 24.92
17.62 24.92
17.80 24.92
17.80 24.92
17.80 24.92
18.35 24.92
18.35 24.92
18.35 24.92
18.53 24.92
18.53 24.92
18.53 24.92
18.71 24.92
18.71 24.92
18.71 24.92
18.90 24.92
18.90 24.92
18.90 24.92
19.08 24.92
19.08 24.92
19.08 24.92
19.26 24.92
19.26 24.92
19.26 24.92
19.44 24.92
19.44 24.92
19.44 24.92
19.63 24.92
19.63 24.92
19.63 24.92
19.99 24.92
19.99 24.92
19.99 24.92
20.17 24.92
20.17 24.92
20.17 24.92
20.36 24.92
20.36 24.92
20.36 24.92
20.54 24.92
20.54 24.92
20.54 24.92
17.44 25.10
17.44 25.10
17.44 25.10
18.17 25.10
18.17 25.10
18.17 25.10
18.71 25.10
18.71 25.10
18.71 25.10
18.90 25.10
18.90 25.10
18.90 25.10
19.08 25.10
19.08 25.10
19.08 25.10
19.26 25.10
19.26 25.10
19.26 25.10
19.44 25.10
19.44 25.10
19.44 25.10
19.63 25.10
19.63 25.10
19.63 25.10
19.99 25.10
19.99 25.10
19.99 25.10
20.17 25.10
20.17 25.10
20.17 25.10
17.44 25.29
17.44 25.29
17.44 25.29
18.17 25.29
18.17 25.29
18.17 25.29
19.26 25.29
19.26 25.29
19.26 25.29
19.44 25.29
19.44 25.29
19.44 25.29
19.63 25.29
19.63 25.29
19.63 25.29
19.81 25.29
19.81 25.29
19.81 25.29
17.44 25.47
17.44 25.47
17.44 25.47
17.62 25.47
17.62 25.47
17.62 25.47
17.80 25.47
17.80 25.47
17.80 25.47
19.26 25.47
19.26 25.47
19.26 25.47
19.44 25.47
19.44 25.47
19.44 25.47
19.63 25.47
19.63 25.47
19.63 25.47
19.81 25.47
19.81 25.47
19.81 25.47
20.36 25.47
20.36 25.47
20.36 25.47
20.54 25.47
20.54 25.47
20.54 25.47
20.72 25.47
20.72 25.47
20.72 25.47
20.91 25.47
20.91 25.47
20.91 25.47
19.26 25.65
19.26 25.65
19.26 25.65
19.44 25.65
19.44 25.65
19.44 25.65
20.36 25.65
20.36 25.65
20.36 25.65
20.54 25.65
20.54 25.65
20.54 25.65
20.72 25.65
20.72 25.65
20.72 25.65
20.91 25.65
20.91 25.65
20.91 25.65
21.09 25.65
21.09 25.65
21.09 25.65
18.17 25.83
18.17 25.83
18.17 25.83
18.35 25.83
18.35 25.83
18.35 25.83
18.90 25.83
18.90 25.83
18.90 25.83
19.08 25.83
19.08 25.83
19.08 25.83
19.63 25.83
19.63 25.83
19.63 25.83
18.17 26.02
18.17 26.02
18.17 26.02
18.90 26.02
18.90 26.02
18.90 26.02
19.08 26.02
19.08 26.02
19.08 26.02
19.26 26.02
19.26 26.02
19.26 26.02
19.81 26.02
19.81 26.02
19.81 26.02
19.99 26.02
19.99 26.02
19.99 26.02
18.35 26.20
18.35 26.20
18.35 26.20
18.53 26.20
18.53 26.20
18.53 26.20
18.71 26.20
18.71 26.20
18.71 26.20
19.44 26.20
19.44 26.20
19.44 26.20
19.63 26.20
19.63 26.20
19.63 26.20
19.81 26.20
19.81 26.20
19.81 26.20
19.99 26.20
19.99 26.20
19.99 26.20
20.91 26.20
20.91 26.20
20.91 26.20
21.09 26.20
21.09 26.20
21.09 26.20
18.17 26.38
18.17 26.38
18.17 26.38
18.71 26.38
18.71 26.38
18.71 26.38
18.90 26.38
18.90 26.38
18.90 26.38
19.44 26.38
19.44 26.38
19.44 26.38
19.63 26.38
19.63 26.38
19.63 26.38
20.54 26.38
20.54 26.38
20.54 26.38
20.72 26.38
20.72 26.38
20.72 26.38
20.91 26.38
20.91 26.38
20.91 26.38
21.09 26.38
21.09 26.38
21.09 26.38
18.35 26.56
18.35 26.56
18.35 26.56
18.90 26.56
18.90 26.56
18.90 26.56
19.08 26.56
19.08 26.56
19.08 26.56
19.26 26.56
19.26 26.56
19.26 26.56
19.44 26.75
19.44 26.75
19.44 26.75
19.63 26.75
19.63 26.75
19.63 26.75
18.90 26.93
18.90 26.93
18.90 26.93
19.44 26.93
19.44 26.93
19.44 26.93
19.63 26.93
19.63 26.93
19.63 26.93
21.82 26.93
21.82 26.93
21.82 26.93
18.71 27.11
18.71 27.11
18.71 27.11
19.08 27.11
19.08 27.11
19.08 27.11
19.26 27.11
19.26 27.11
19.26 27.11
19.44 27.11
19.44 27.11
19.44 27.11
19.63 27.11
19.63 27.11
19.63 27.11
21.27 27.11
21.27 27.11
21.27 27.11
18.71 27.30
18.71 27.30
18.71 27.30
18.90 27.30
18.90 27.30
18.90 27.30
19.08 27.30
19.08 27.30
19.08 27.30
19.26 27.30
19.26 27.30
19.26 27.30
20.54 27.30
20.54 27.30
20.54 27.30
20.72 27.30
20.72 27.30
20.72 27.30
20.91 27.30
20.91 27.30
20.91 27.30
21.09 27.30
21.09 27.30
21.09 27.30
19.08 27.48
19.08 27.48
19.08 27.48
19.26 27.48
19.26 27.48
19.26 27.48
19.63 27.48
19.63 27.48
19.63 27.48
20.54 27.48
20.54 27.48
20.54 27.48
20.72 27.48
20.72 27.48
20.72 27.48
20.91 27.48
20.91 27.48
20.91 27.48
21.09 27.48
21.09 27.48
21.09 27.48
18.71 27.66
18.71 27.66
18.71 27.66
19.08 27.66
19.08 27.66
19.08 27.66
19.26 27.66
19.26 27.66
19.26 27.66
19.63 27.66
19.63 27.66
19.63 27.66
19.81 27.66
19.81 27.66
19.81 27.66
19.99 27.66
19.99 27.66
19.99 27.66
18.71 27.84
18.71 27.84
18.71 27.84
18.90 27.84
18.90 27.84
18.90 27.84
19.08 27.84
19.08 27.84
19.08 27.84
19.81 27.84
19.81 27.84
19.81 27.84
19.99 27.84
19.99 27.84
19.99 27.84
18.71 28.03
18.71 28.03
18.71 28.03
18.53 28.21
18.53 28.21
18.53 28.21
18.71 28.21
18.71 28.21
18.71 28.21
19.44 28.21
19.44 28.21
19.44 28.21
20.91 28.21
20.91 28.21
20.91 28.21
21.09 28.21
21.09 28.21
21.09 28.21
18.17 28.39
18.17 28.39
18.17 28.39
18.35 28.39
18.35 28.39
18.35 28.39
18.90 28.39
18.90 28.39
18.90 28.39
19.08 28.39
19.08 28.39
19.08 28.39
19.63 28.39
19.63 28.39
19.63 28.39
20.54 28.39
20.54 28.39
20.54 28.39
18.17 28.57
18.17 28.57
18.17 28.57
18.35 28.57
18.35 28.57
18.35 28.57
18.71 28.57
18.71 28.57
18.71 28.57
18.90 28.57
18.90 28.57
18.90 28.57
19.26 28.57
19.26 28.57
19.26 28.57
19.44 28.57
19.44 28.57
19.44 28.57
20.91 28.57
20.91 28.57
20.91 28.57
18.35 28.76
18.35 28.76
18.35 28.76
18.71 28.76
18.71 28.76
18.71 28.76
18.90 28.76
18.90 28.76
18.90 28.76
19.26 28.76
19.26 28.76
19.26 28.76
18.53 28.94
18.53 28.94
18.53 28.94
19.08 28.94
19.08 28.94
19.08 28.94
18.17 29.12
18.17 29.12
18.17 29.12
18.35 29.12
18.35 29.12
18.35 29.12
18.53 29.12
18.53 29.12
18.53 29.12
19.08 29.12
19.08 29.12
19.08 29.12
19.99 29.12
19.99 29.12
19.99 29.12
18.35 29.30
18.35 29.30
18.35 29.30
18.71 29.30
18.71 29.30
18.71 29.30
18.35 29.49
18.35 29.49
18.35 29.49
18.17 29.67
18.17 29.67
18.17 29.67
18.53 29.67
18.53 29.67
18.53 29.67
14.15 50.48
14.15 50.48
14.15 50.48
14.33 50.48
14.33 50.48
14.33 50.48
14.51 50.48
14.51 50.48
14.51 50.48
14.51 50.66
14.51 50.66
14.51 50.66
13.97 50.85
13.97 50.85
13.97 50.85
14.15 50.85
14.15 50.85
14.15 50.85
14.33 50.85
14.33 50.85
14.33 50.85
14.51 50.85
14.51 50.85
14.51 50.85
14.51 51.03
14.51 51.03
14.51 51.03
14.70 51.03
14.70 51.03
14.70 51.03
15.25 51.03
15.25 51.03
15.25 51.03
13.97 51.21
13.97 51.21
13.97 51.21
14.15 51.21
14.15 51.21
14.15 51.21
14.70 51.21
14.70 51.21
14.70 51.21
15.25 51.21
15.25 51.21
15.25 51.21
14.33 51.40
14.33 51.40
14.33 51.40
14.51 51.40
14.51 51.40
14.51 51.40
14.88 51.40
14.88 51.40
14.88 51.40
15.06 51.40
15.06 51.40
15.06 51.40
13.97 51.58
13.97 51.58
13.97 51.58
14.51 51.58
14.51 51.58
14.51 51.58
14.70 51.58
14.70 51.58
14.70 51.58
14.51 51.76
14.51 51.76
14.51 51.76
14.33 51.94
14.33 51.94
14.33 51.94
14.51 51.94
14.51 51.94
14.51 51.94
13.97 52.13
13.97 52.13
13.97 52.13
14.33 52.13
14.33 52.13
14.33 52.13
14.51 52.13
14.51 52.13
14.51 52.13
13.97 52.31
13.97 52.31
13.97 52.31
