5.75 -53.22
5.75 -53.22
5.75 -53.22
5.75 -53.04
5.75 -53.04
5.75 -53.04
6.85 -52.67
6.85 -52.67
6.85 -52.67
6.48 -52.49
6.48 -52.49
6.48 -52.49
6.66 -52.49
6.66 -52.49
6.66 -52.49
7.21 -52.31
7.21 -52.31
7.21 -52.31
7.39 -52.31
7.39 -52.31
7.39 -52.31
9.04 -52.31
9.04 -52.31
9.04 -52.31
9.22 -52.31
9.22 -52.31
9.22 -52.31
9.40 -52.31
9.40 -52.31
9.40 -52.31
7.39 -52.13
7.39 -52.13
7.39 -52.13
7.58 -52.13
7.58 -52.13
7.58 -52.13
7.21 -51.94
7.21 -51.94
7.21 -51.94
7.58 -51.94
7.58 -51.94
7.58 -51.94
9.22 -51.94
9.22 -51.94
9.22 -51.94
7.39 -51.76
7.39 -51.76
7.39 -51.76
9.04 -51.76
9.04 -51.76
9.04 -51.76
7.21 -51.58
7.21 -51.58
7.21 -51.58
9.04 -51.58
9.04 -51.58
9.04 -51.58
9.22 -51.58
9.22 -51.58
9.22 -51.58
7.94 -51.40
7.94 -51.40
7.94 -51.40
8.12 -51.40
8.12 -51.40
8.12 -51.40
7.76 -51.03
7.76 -51.03
7.76 -51.03
7.94 -51.03
7.94 -51.03
7.94 -51.03
8.12 -51.03
8.12 -51.03
8.12 -51.03
8.31 -51.03
8.31 -51.03
8.31 -51.03
9.04 -50.66
9.04 -50.66
9.04 -50.66
9.22 -50.66
9.22 -50.66
9.22 -50.66
9.59 -50.66
9.59 -50.66
9.59 -50.66
9.77 -50.66
9.77 -50.66
9.77 -50.66
9.04 -50.48
9.04 -50.48
9.04 -50.48
9.40 -50.48
9.40 -50.48
9.40 -50.48
9.95 -50.48
9.95 -50.48
9.95 -50.48
12.87 -44.82
12.87 -44.82
12.87 -44.82
13.05 -44.82
13.05 -44.82
13.05 -44.82
13.24 -44.64
13.24 -44.64
13.24 -44.64
12.87 -44.46
12.87 -44.46
12.87 -44.46
13.24 -44.46
13.24 -44.46
13.24 -44.46
15.06 -43.91
15.06 -43.91
15.06 -43.91
15.25 -43.91
15.25 -43.91
15.25 -43.91
13.60 -43.73
13.60 -43.73
13.60 -43.73
13.78 -43.73
13.78 -43.73
13.78 -43.73
13.97 -43.73
13.97 -43.73
13.97 -43.73
14.33 -43.73
14.33 -43.73
14.33 -43.73
14.51 -43.73
14.51 -43.73
14.51 -43.73
14.70 -43.73
14.70 -43.73
14.70 -43.73
15.06 -43.73
15.06 -43.73
15.06 -43.73
13.60 -43.54
13.60 -43.54
13.60 -43.54
14.15 -43.54
14.15 -43.54
14.15 -43.54
14.88 -43.54
14.88 -43.54
14.88 -43.54
15.25 -43.54
15.25 -43.54
15.25 -43.54
14.15 -43.36
14.15 -43.36
14.15 -43.36
14.33 -43.36
14.33 -43.36
14.33 -43.36
14.51 -43.36
14.51 -43.36
14.51 -43.36
14.15 -41.35
14.15 -41.35
14.15 -41.35
14.15 -41.17
14.15 -41.17
14.15 -41.17
14.33 -41.17
14.33 -41.17
14.33 -41.17
14.51 -41.17
14.51 -41.17
14.51 -41.17
14.70 -41.17
14.70 -41.17
14.70 -41.17
14.33 -40.99
14.33 -40.99
14.33 -40.99
14.70 -40.99
14.70 -40.99
14.70 -40.99
14.51 -40.81
14.51 -40.81
14.51 -40.81
14.70 -40.81
14.70 -40.81
14.70 -40.81
14.88 -40.81
14.88 -40.81
14.88 -40.81
15.79 -40.81
15.79 -40.81
15.79 -40.81
15.98 -40.81
15.98 -40.81
15.98 -40.81
14.88 -40.62
14.88 -40.62
14.88 -40.62
15.98 -40.62
15.98 -40.62
15.98 -40.62
14.33 -40.44
14.33 -40.44
14.33 -40.44
14.33 -40.26
14.33 -40.26
14.33 -40.26
14.51 -40.26
14.51 -40.26
14.51 -40.26
14.70 -40.26
14.70 -40.26
14.70 -40.26
14.51 -40.08
14.51 -40.08
14.51 -40.08
14.70 -40.08
14.70 -40.08
14.70 -40.08
14.15 -39.89
14.15 -39.89
14.15 -39.89
14.33 -39.89
14.33 -39.89
14.33 -39.89
14.15 -39.71
14.15 -39.71
14.15 -39.71
14.51 -39.71
14.51 -39.71
14.51 -39.71
14.70 -39.71
14.70 -39.71
14.70 -39.71
14.88 -39.71
14.88 -39.71
14.88 -39.71
15.06 -39.71
15.06 -39.71
15.06 -39.71
15.61 -39.71
15.61 -39.71
15.61 -39.71
15.98 -39.71
15.98 -39.71
15.98 -39.71
14.51 -39.53
14.51 -39.53
14.51 -39.53
15.43 -39.16
15.43 -39.16
15.43 -39.16
15.61 -39.16
15.61 -39.16
15.61 -39.16
15.43 -38.80
15.43 -38.80
15.43 -38.80
15.79 -38.80
15.79 -38.80
15.79 -38.80
15.06 -38.61
15.06 -38.61
15.06 -38.61
15.43 -38.61
15.43 -38.61
15.43 -38.61
15.61 -38.61
15.61 -38.61
15.61 -38.61
15.98 -38.61
15.98 -38.61
15.98 -38.61
14.15 -38.43
14.15 -38.43
14.15 -38.43
14.88 -38.43
14.88 -38.43
14.88 -38.43
15.06 -38.43
15.06 -38.43
15.06 -38.43
15.25 -38.43
15.25 -38.43
15.25 -38.43
14.15 -38.25
14.15 -38.25
14.15 -38.25
14.51 -38.25
14.51 -38.25
14.51 -38.25
14.70 -38.25
14.70 -38.25
14.70 -38.25
14.88 -38.25
14.88 -38.25
14.88 -38.25
15.25 -38.25
15.25 -38.25
15.25 -38.25
13.60 -38.07
13.60 -38.07
13.60 -38.07
13.97 -38.07
13.97 -38.07
13.97 -38.07
14.51 -38.07
14.51 -38.07
14.51 -38.07
14.70 -38.07
14.70 -38.07
14.70 -38.07
14.88 -37.88
14.88 -37.88
14.88 -37.88
15.06 -37.88
15.06 -37.88
15.06 -37.88
14.88 -37.70
14.88 -37.70
14.88 -37.70
15.06 -37.70
15.06 -37.70
15.06 -37.70
13.42 -37.52
13.42 -37.52
13.42 -37.52
15.25 -37.52
15.25 -37.52
15.25 -37.52
13.05 -37.34
13.05 -37.34
13.05 -37.34
14.88 -37.34
14.88 -37.34
14.88 -37.34
15.25 -37.34
15.25 -37.34
15.25 -37.34
12.87 -37.15
12.87 -37.15
12.87 -37.15
13.24 -37.15
13.24 -37.15
13.24 -37.15
13.05 -36.97
13.05 -36.97
13.05 -36.97
14.70 -36.97
14.70 -36.97
14.70 -36.97
12.32 -36.79
12.32 -36.79
12.32 -36.79
12.69 -36.79
12.69 -36.79
12.69 -36.79
13.05 -36.79
13.05 -36.79
13.05 -36.79
13.24 -36.79
13.24 -36.79
13.24 -36.79
13.42 -36.79
13.42 -36.79
13.42 -36.79
13.97 -36.79
13.97 -36.79
13.97 -36.79
14.15 -36.79
14.15 -36.79
14.15 -36.79
12.51 -36.61
12.51 -36.61
12.51 -36.61
12.69 -36.61
12.69 -36.61
12.69 -36.61
12.87 -36.61
12.87 -36.61
12.87 -36.61
13.24 -36.61
13.24 -36.61
13.24 -36.61
14.15 -36.61
14.15 -36.61
14.15 -36.61
14.33 -36.61
14.33 -36.61
14.33 -36.61
14.70 -36.61
14.70 -36.61
14.70 -36.61
12.32 -36.42
12.32 -36.42
12.32 -36.42
14.33 -36.42
14.33 -36.42
14.33 -36.42
14.70 -36.42
14.70 -36.42
14.70 -36.42
12.14 -36.24
12.14 -36.24
12.14 -36.24
12.51 -36.24
12.51 -36.24
12.51 -36.24
12.69 -36.24
12.69 -36.24
12.69 -36.24
12.14 -36.06
12.14 -36.06
12.14 -36.06
12.32 -36.06
12.32 -36.06
12.32 -36.06
12.69 -36.06
12.69 -36.06
12.69 -36.06
12.51 -35.88
12.51 -35.88
12.51 -35.88
12.87 -35.88
12.87 -35.88
12.87 -35.88
13.05 -35.88
13.05 -35.88
13.05 -35.88
13.97 -35.88
13.97 -35.88
13.97 -35.88
12.69 -35.69
12.69 -35.69
12.69 -35.69
13.24 -35.69
13.24 -35.69
13.24 -35.69
13.60 -35.69
13.60 -35.69
13.60 -35.69
13.78 -35.69
13.78 -35.69
13.78 -35.69
13.97 -35.69
13.97 -35.69
13.97 -35.69
12.14 -35.51
12.14 -35.51
12.14 -35.51
13.05 -35.51
13.05 -35.51
13.05 -35.51
13.24 -35.51
13.24 -35.51
13.24 -35.51
13.42 -35.51
13.42 -35.51
13.42 -35.51
12.32 -35.33
12.32 -35.33
12.32 -35.33
12.51 -35.33
12.51 -35.33
12.51 -35.33
11.59 -34.78
11.59 -34.78
11.59 -34.78
11.59 -34.60
11.59 -34.60
11.59 -34.60
-1.37 -3.20
-1.37 -3.20
-1.37 -3.20
-0.82 -2.83
-0.82 -2.83
-0.82 -2.83
-2.83 -2.65
-2.83 -2.65
-2.83 -2.65
-2.65 -2.65
-2.65 -2.65
-2.65 -2.65
-0.82 -2.65
-0.82 -2.65
-0.82 -2.65
-0.64 -2.65
-0.64 -2.65
-0.64 -2.65
-2.28 -2.46
-2.28 -2.46
-2.28 -2.46
-2.65 -2.28
-2.65 -2.28
-2.65 -2.28
0.09 -2.28
0.09 -2.28
0.09 -2.28
0.46 -2.28
0.46 -2.28
0.46 -2.28
0.27 -2.10
0.27 -2.10
0.27 -2.10
0.46 -2.10
0.46 -2.10
0.46 -2.10
-1.92 -1.92
-1.92 -1.92
-1.92 -1.92
-0.09 -1.92
-0.09 -1.92
-0.09 -1.92
0.09 -1.92
0.09 -1.92
0.09 -1.92
1.37 -1.92
1.37 -1.92
1.37 -1.92
-0.46 -1.73
-0.46 -1.73
-0.46 -1.73
-0.27 -1.73
-0.27 -1.73
-0.27 -1.73
0.09 -1.73
0.09 -1.73
0.09 -1.73
0.27 -1.73
0.27 -1.73
0.27 -1.73
0.46 -1.73
0.46 -1.73
0.46 -1.73
0.82 -1.73
0.82 -1.73
0.82 -1.73
1.00 -1.73
1.00 -1.73
1.00 -1.73
1.19 -1.73
1.19 -1.73
1.19 -1.73
1.37 -1.73
1.37 -1.73
1.37 -1.73
1.55 -1.73
1.55 -1.73
1.55 -1.73
1.73 -1.73
1.73 -1.73
1.73 -1.73
-0.64 -1.55
-0.64 -1.55
-0.64 -1.55
-0.27 -1.55
-0.27 -1.55
-0.27 -1.55
-0.09 -1.55
-0.09 -1.55
-0.09 -1.55
0.27 -1.55
0.27 -1.55
0.27 -1.55
0.64 -1.55
0.64 -1.55
0.64 -1.55
1.37 -1.55
1.37 -1.55
1.37 -1.55
1.55 -1.55
1.55 -1.55
1.55 -1.55
-0.82 -1.37
-0.82 -1.37
-0.82 -1.37
-0.64 -1.37
-0.64 -1.37
-0.64 -1.37
-0.27 -1.37
-0.27 -1.37
-0.27 -1.37
1.37 -1.37
1.37 -1.37
1.37 -1.37
2.46 -1.37
2.46 -1.37
2.46 -1.37
-0.46 -1.19
-0.46 -1.19
-0.46 -1.19
1.19 -1.19
1.19 -1.19
1.19 -1.19
1.73 -1.19
1.73 -1.19
1.73 -1.19
-0.82 -1.00
-0.82 -1.00
-0.82 -1.00
-0.46 -1.00
-0.46 -1.00
-0.46 -1.00
1.19 -1.00
1.19 -1.00
1.19 -1.00
1.73 -1.00
1.73 -1.00
1.73 -1.00
2.10 -1.00
2.10 -1.00
2.10 -1.00
2.28 -1.00
2.28 -1.00
2.28 -1.00
-0.46 -0.82
-0.46 -0.82
-0.46 -0.82
1.73 -0.82
1.73 -0.82
1.73 -0.82
2.10 -0.82
2.10 -0.82
2.10 -0.82
3.01 -0.82
3.01 -0.82
3.01 -0.82
-0.64 -0.64
-0.64 -0.64
-0.64 -0.64
-0.27 -0.64
-0.27 -0.64
-0.27 -0.64
2.10 -0.64
2.10 -0.64
2.10 -0.64
-0.27 -0.46
-0.27 -0.46
-0.27 -0.46
1.55 -0.46
1.55 -0.46
1.55 -0.46
1.73 -0.46
1.73 -0.46
1.73 -0.46
2.83 -0.46
2.83 -0.46
2.83 -0.46
3.01 -0.46
3.01 -0.46
3.01 -0.46
3.20 -0.46
3.20 -0.46
3.20 -0.46
-0.64 -0.27
-0.64 -0.27
-0.64 -0.27
-0.27 -0.27
-0.27 -0.27
-0.27 -0.27
1.00 -0.27
1.00 -0.27
1.00 -0.27
1.92 -0.27
1.92 -0.27
1.92 -0.27
2.10 -0.27
2.10 -0.27
2.10 -0.27
2.28 -0.27
2.28 -0.27
2.28 -0.27
2.46 -0.27
2.46 -0.27
2.46 -0.27
2.65 -0.27
2.65 -0.27
2.65 -0.27
-0.09 -0.09
-0.09 -0.09
-0.09 -0.09
0.09 -0.09
0.09 -0.09
0.09 -0.09
0.27 -0.09
0.27 -0.09
0.27 -0.09
0.64 -0.09
0.64 -0.09
0.64 -0.09
1.92 -0.09
1.92 -0.09
1.92 -0.09
3.01 -0.09
3.01 -0.09
3.01 -0.09
3.20 -0.09
3.20 -0.09
3.20 -0.09
0.27 0.09
0.27 0.09
0.27 0.09
3.20 0.09
3.20 0.09
3.20 0.09
-0.09 0.27
-0.09 0.27
-0.09 0.27
0.09 0.27
0.09 0.27
0.09 0.27
1.92 0.27
1.92 0.27
1.92 0.27
2.10 0.27
2.10 0.27
2.10 0.27
2.65 0.27
2.65 0.27
2.65 0.27
2.83 0.27
2.83 0.27
2.83 0.27
3.20 0.27
3.20 0.27
3.20 0.27
3.74 0.27
3.74 0.27
3.74 0.27
0.46 0.46
0.46 0.46
0.46 0.46
2.28 0.46
2.28 0.46
2.28 0.46
2.83 0.46
2.83 0.46
2.83 0.46
3.56 0.46
3.56 0.46
3.56 0.46
0.64 0.64
0.64 0.64
0.64 0.64
1.19 0.64
1.19 0.64
1.19 0.64
1.73 0.64
1.73 0.64
1.73 0.64
1.92 0.64
1.92 0.64
1.92 0.64
2.46 0.64
2.46 0.64
2.46 0.64
3.01 0.64
3.01 0.64
3.01 0.64
3.38 0.64
3.38 0.64
3.38 0.64
3.74 0.64
3.74 0.64
3.74 0.64
1.19 0.82
1.19 0.82
1.19 0.82
2.10 0.82
2.10 0.82
2.10 0.82
2.28 0.82
2.28 0.82
2.28 0.82
3.74 0.82
3.74 0.82
3.74 0.82
0.46 1.00
0.46 1.00
0.46 1.00
0.82 1.00
0.82 1.00
0.82 1.00
1.19 1.00
1.19 1.00
1.19 1.00
1.55 1.00
1.55 1.00
1.55 1.00
1.73 1.00
1.73 1.00
1.73 1.00
2.10 1.00
2.10 1.00
2.10 1.00
2.28 1.00
2.28 1.00
2.28 1.00
2.46 1.00
2.46 1.00
2.46 1.00
2.65 1.00
2.65 1.00
2.65 1.00
0.64 1.19
0.64 1.19
0.64 1.19
1.19 1.19
1.19 1.19
1.19 1.19
2.28 1.19
2.28 1.19
2.28 1.19
2.46 1.19
2.46 1.19
2.46 1.19
2.65 1.19
2.65 1.19
2.65 1.19
2.83 1.19
2.83 1.19
2.83 1.19
3.01 1.19
3.01 1.19
3.01 1.19
3.74 1.19
3.74 1.19
3.74 1.19
1.19 1.37
1.19 1.37
1.19 1.37
1.73 1.37
1.73 1.37
1.73 1.37
1.92 1.37
1.92 1.37
1.92 1.37
2.10 1.37
2.10 1.37
2.10 1.37
1.19 1.55
1.19 1.55
1.19 1.55
1.37 1.55
1.37 1.55
1.37 1.55
1.73 1.55
1.73 1.55
1.73 1.55
1.92 1.55
1.92 1.55
1.92 1.55
3.74 1.55
3.74 1.55
3.74 1.55
4.29 1.55
4.29 1.55
4.29 1.55
1.73 1.73
1.73 1.73
1.73 1.73
1.92 1.73
1.92 1.73
1.92 1.73
2.10 1.73
2.10 1.73
2.10 1.73
1.19 1.92
1.19 1.92
1.19 1.92
1.37 1.92
1.37 1.92
1.37 1.92
1.55 1.92
1.55 1.92
1.55 1.92
1.73 1.92
1.73 1.92
1.73 1.92
2.10 1.92
2.10 1.92
2.10 1.92
2.28 1.92
2.28 1.92
2.28 1.92
2.46 1.92
2.46 1.92
2.46 1.92
2.65 1.92
2.65 1.92
2.65 1.92
2.83 1.92
2.83 1.92
2.83 1.92
3.01 1.92
3.01 1.92
3.01 1.92
3.20 1.92
3.20 1.92
3.20 1.92
3.38 1.92
3.38 1.92
3.38 1.92
3.56 1.92
3.56 1.92
3.56 1.92
4.11 1.92
4.11 1.92
4.11 1.92
4.29 1.92
4.29 1.92
4.29 1.92
2.10 2.10
2.10 2.10
2.10 2.10
2.28 2.10
2.28 2.10
2.28 2.10
2.46 2.10
2.46 2.10
2.46 2.10
2.65 2.10
2.65 2.10
2.65 2.10
2.83 2.10
2.83 2.10
2.83 2.10
3.01 2.10
3.01 2.10
3.01 2.10
3.74 2.10
3.74 2.10
3.74 2.10
4.29 2.10
4.29 2.10
4.29 2.10
4.47 2.10
4.47 2.10
4.47 2.10
2.10 2.28
2.10 2.28
2.10 2.28
2.28 2.28
2.28 2.28
2.28 2.28
2.46 2.28
2.46 2.28
2.46 2.28
3.01 2.28
3.01 2.28
3.01 2.28
3.38 2.28
3.38 2.28
3.38 2.28
3.56 2.28
3.56 2.28
3.56 2.28
2.10 2.46
2.10 2.46
2.10 2.46
2.65 2.46
2.65 2.46
2.65 2.46
2.83 2.46
2.83 2.46
2.83 2.46
5.20 2.46
5.20 2.46
5.20 2.46
1.92 2.65
1.92 2.65
1.92 2.65
2.10 2.65
2.10 2.65
2.10 2.65
2.28 2.65
2.28 2.65
2.28 2.65
2.65 2.65
2.65 2.65
2.65 2.65
2.83 2.65
2.83 2.65
2.83 2.65
3.20 2.65
3.20 2.65
3.20 2.65
3.38 2.65
3.38 2.65
3.38 2.65
3.56 2.65
3.56 2.65
3.56 2.65
3.74 2.65
3.74 2.65
3.74 2.65
3.93 2.65
3.93 2.65
3.93 2.65
5.20 2.65
5.20 2.65
5.20 2.65
1.92 2.83
1.92 2.83
1.92 2.83
2.46 2.83
2.46 2.83
2.46 2.83
2.65 2.83
2.65 2.83
2.65 2.83
2.83 2.83
2.83 2.83
2.83 2.83
3.56 2.83
3.56 2.83
3.56 2.83
3.74 2.83
3.74 2.83
3.74 2.83
3.93 2.83
3.93 2.83
3.93 2.83
4.11 2.83
4.11 2.83
4.11 2.83
5.57 2.83
5.57 2.83
5.57 2.83
5.75 2.83
5.75 2.83
5.75 2.83
3.01 3.01
3.01 3.01
3.01 3.01
3.56 3.01
3.56 3.01
3.56 3.01
3.74 3.01
3.74 3.01
3.74 3.01
3.93 3.01
3.93 3.01
3.93 3.01
4.11 3.01
4.11 3.01
4.11 3.01
5.20 3.01
5.20 3.01
5.20 3.01
3.01 3.20
3.01 3.20
3.01 3.20
3.38 3.20
3.38 3.20
3.38 3.20
3.56 3.20
3.56 3.20
3.56 3.20
3.74 3.20
3.74 3.20
3.74 3.20
3.93 3.20
3.93 3.20
3.93 3.20
4.11 3.20
4.11 3.20
4.11 3.20
4.29 3.20
4.29 3.20
4.29 3.20
5.57 3.20
5.57 3.20
5.57 3.20
5.75 3.20
5.75 3.20
5.75 3.20
2.65 3.38
2.65 3.38
2.65 3.38
2.83 3.38
2.83 3.38
2.83 3.38
3.20 3.38
3.20 3.38
3.20 3.38
3.38 3.38
3.38 3.38
3.38 3.38
3.56 3.38
3.56 3.38
3.56 3.38
3.74 3.38
3.74 3.38
3.74 3.38
3.93 3.38
3.93 3.38
3.93 3.38
4.11 3.38
4.11 3.38
4.11 3.38
4.29 3.38
4.29 3.38
4.29 3.38
4.47 3.38
4.47 3.38
4.47 3.38
4.66 3.38
4.66 3.38
4.66 3.38
5.20 3.38
5.20 3.38
5.20 3.38
5.75 3.38
5.75 3.38
5.75 3.38
3.38 3.56
3.38 3.56
3.38 3.56
3.74 3.56
3.74 3.56
3.74 3.56
3.93 3.56
3.93 3.56
3.93 3.56
4.11 3.56
4.11 3.56
4.11 3.56
4.29 3.56
4.29 3.56
4.29 3.56
4.47 3.56
4.47 3.56
4.47 3.56
4.66 3.56
4.66 3.56
4.66 3.56
4.84 3.56
4.84 3.56
4.84 3.56
5.57 3.56
5.57 3.56
5.57 3.56
5.75 3.56
5.75 3.56
5.75 3.56
3.20 3.74
3.20 3.74
3.20 3.74
3.56 3.74
3.56 3.74
3.56 3.74
3.93 3.74
3.93 3.74
3.93 3.74
4.11 3.74
4.11 3.74
4.11 3.74
4.47 3.74
4.47 3.74
4.47 3.74
4.84 3.74
4.84 3.74
4.84 3.74
5.02 3.74
5.02 3.74
5.02 3.74
5.20 3.74
5.20 3.74
5.20 3.74
5.39 3.74
5.39 3.74
5.39 3.74
5.57 3.74
5.57 3.74
5.57 3.74
5.75 3.74
5.75 3.74
5.75 3.74
5.93 3.74
5.93 3.74
5.93 3.74
6.12 3.74
6.12 3.74
6.12 3.74
6.30 3.74
6.30 3.74
6.30 3.74
3.20 3.93
3.20 3.93
3.20 3.93
4.11 3.93
4.11 3.93
4.11 3.93
4.29 3.93
4.29 3.93
4.29 3.93
4.47 3.93
4.47 3.93
4.47 3.93
4.66 3.93
4.66 3.93
4.66 3.93
4.84 3.93
4.84 3.93
4.84 3.93
5.57 3.93
5.57 3.93
5.57 3.93
5.75 3.93
5.75 3.93
5.75 3.93
5.93 3.93
5.93 3.93
5.93 3.93
6.12 3.93
6.12 3.93
6.12 3.93
6.30 3.93
6.30 3.93
6.30 3.93
6.48 3.93
6.48 3.93
6.48 3.93
3.20 4.11
3.20 4.11
3.20 4.11
3.56 4.11
3.56 4.11
3.56 4.11
4.29 4.11
4.29 4.11
4.29 4.11
4.47 4.11
4.47 4.11
4.47 4.11
4.66 4.11
4.66 4.11
4.66 4.11
4.84 4.11
4.84 4.11
4.84 4.11
5.57 4.11
5.57 4.11
5.57 4.11
5.75 4.11
5.75 4.11
5.75 4.11
5.93 4.11
5.93 4.11
5.93 4.11
6.12 4.11
6.12 4.11
6.12 4.11
6.30 4.11
6.30 4.11
6.30 4.11
6.48 4.11
6.48 4.11
6.48 4.11
3.74 4.29
3.74 4.29
3.74 4.29
4.29 4.29
4.29 4.29
4.29 4.29
4.66 4.29
4.66 4.29
4.66 4.29
5.02 4.29
5.02 4.29
5.02 4.29
5.20 4.29
5.20 4.29
5.20 4.29
5.39 4.29
5.39 4.29
5.39 4.29
5.57 4.29
5.57 4.29
5.57 4.29
5.75 4.29
5.75 4.29
5.75 4.29
5.93 4.29
5.93 4.29
5.93 4.29
6.12 4.29
6.12 4.29
6.12 4.29
6.30 4.29
6.30 4.29
6.30 4.29
6.48 4.29
6.48 4.29
6.48 4.29
3.38 4.47
3.38 4.47
3.38 4.47
3.56 4.47
3.56 4.47
3.56 4.47
3.93 4.47
3.93 4.47
3.93 4.47
4.11 4.47
4.11 4.47
4.11 4.47
4.29 4.47
4.29 4.47
4.29 4.47
4.66 4.47
4.66 4.47
4.66 4.47
5.02 4.47
5.02 4.47
5.02 4.47
5.20 4.47
5.20 4.47
5.20 4.47
5.39 4.47
5.39 4.47
5.39 4.47
5.57 4.47
5.57 4.47
5.57 4.47
5.75 4.47
5.75 4.47
5.75 4.47
5.93 4.47
5.93 4.47
5.93 4.47
6.12 4.47
6.12 4.47
6.12 4.47
6.30 4.47
6.30 4.47
6.30 4.47
6.48 4.47
6.48 4.47
6.48 4.47
6.66 4.47
6.66 4.47
6.66 4.47
6.85 4.47
6.85 4.47
6.85 4.47
7.03 4.47
7.03 4.47
7.03 4.47
3.93 4.66
3.93 4.66
3.93 4.66
4.29 4.66
4.29 4.66
4.29 4.66
4.66 4.66
4.66 4.66
4.66 4.66
5.02 4.66
5.02 4.66
5.02 4.66
5.20 4.66
5.20 4.66
5.20 4.66
5.39 4.66
5.39 4.66
5.39 4.66
5.57 4.66
5.57 4.66
5.57 4.66
5.75 4.66
5.75 4.66
5.75 4.66
5.93 4.66
5.93 4.66
5.93 4.66
6.12 4.66
6.12 4.66
6.12 4.66
6.30 4.66
6.30 4.66
6.30 4.66
6.48 4.66
6.48 4.66
6.48 4.66
6.66 4.66
6.66 4.66
6.66 4.66
7.03 4.66
7.03 4.66
7.03 4.66
4.66 4.84
4.66 4.84
4.66 4.84
5.02 4.84
5.02 4.84
5.02 4.84
5.20 4.84
5.20 4.84
5.20 4.84
5.39 4.84
5.39 4.84
5.39 4.84
5.57 4.84
5.57 4.84
5.57 4.84
5.75 4.84
5.75 4.84
5.75 4.84
5.93 4.84
5.93 4.84
5.93 4.84
6.12 4.84
6.12 4.84
6.12 4.84
6.30 4.84
6.30 4.84
6.30 4.84
6.48 4.84
6.48 4.84
6.48 4.84
6.66 4.84
6.66 4.84
6.66 4.84
7.39 4.84
7.39 4.84
7.39 4.84
7.58 4.84
7.58 4.84
7.58 4.84
3.93 5.02
3.93 5.02
3.93 5.02
5.02 5.02
5.02 5.02
5.02 5.02
5.20 5.02
5.20 5.02
5.20 5.02
5.39 5.02
5.39 5.02
5.39 5.02
5.57 5.02
5.57 5.02
5.57 5.02
5.75 5.02
5.75 5.02
5.75 5.02
5.93 5.02
5.93 5.02
5.93 5.02
7.03 5.02
7.03 5.02
7.03 5.02
7.39 5.02
7.39 5.02
7.39 5.02
3.93 5.20
3.93 5.20
3.93 5.20
4.11 5.20
4.11 5.20
4.11 5.20
5.57 5.20
5.57 5.20
5.57 5.20
5.75 5.20
5.75 5.20
5.75 5.20
5.93 5.20
5.93 5.20
5.93 5.20
7.03 5.20
7.03 5.20
7.03 5.20
7.21 5.20
7.21 5.20
7.21 5.20
7.39 5.20
7.39 5.20
7.39 5.20
7.76 5.20
7.76 5.20
7.76 5.20
3.93 5.39
3.93 5.39
3.93 5.39
4.11 5.39
4.11 5.39
4.11 5.39
4.29 5.39
4.29 5.39
4.29 5.39
4.47 5.39
4.47 5.39
4.47 5.39
5.39 5.39
5.39 5.39
5.39 5.39
5.57 5.39
5.57 5.39
5.57 5.39
5.75 5.39
5.75 5.39
5.75 5.39
5.93 5.39
5.93 5.39
5.93 5.39
6.12 5.39
6.12 5.39
6.12 5.39
6.30 5.39
6.30 5.39
6.30 5.39
6.66 5.39
6.66 5.39
6.66 5.39
7.03 5.39
7.03 5.39
7.03 5.39
7.21 5.39
7.21 5.39
7.21 5.39
7.39 5.39
7.39 5.39
7.39 5.39
7.58 5.39
7.58 5.39
7.58 5.39
3.93 5.57
3.93 5.57
3.93 5.57
4.29 5.57
4.29 5.57
4.29 5.57
4.66 5.57
4.66 5.57
4.66 5.57
4.84 5.57
4.84 5.57
4.84 5.57
5.02 5.57
5.02 5.57
5.02 5.57
5.20 5.57
5.20 5.57
5.20 5.57
5.39 5.57
5.39 5.57
5.39 5.57
5.57 5.57
5.57 5.57
5.57 5.57
5.75 5.57
5.75 5.57
5.75 5.57
5.93 5.57
5.93 5.57
5.93 5.57
6.12 5.57
6.12 5.57
6.12 5.57
6.30 5.57
6.30 5.57
6.30 5.57
6.48 5.57
6.48 5.57
6.48 5.57
6.66 5.57
6.66 5.57
6.66 5.57
3.93 5.75
3.93 5.75
3.93 5.75
4.11 5.75
4.11 5.75
4.11 5.75
4.29 5.75
4.29 5.75
4.29 5.75
4.66 5.75
4.66 5.75
4.66 5.75
4.84 5.75
4.84 5.75
4.84 5.75
5.20 5.75
5.20 5.75
5.20 5.75
6.66 5.75
6.66 5.75
6.66 5.75
7.03 5.75
7.03 5.75
7.03 5.75
7.76 5.75
7.76 5.75
7.76 5.75
4.84 5.93
4.84 5.93
4.84 5.93
5.02 5.93
5.02 5.93
5.02 5.93
5.20 5.93
5.20 5.93
5.20 5.93
5.39 5.93
5.39 5.93
5.39 5.93
6.66 5.93
6.66 5.93
6.66 5.93
7.03 5.93
7.03 5.93
7.03 5.93
7.21 5.93
7.21 5.93
7.21 5.93
7.76 5.93
7.76 5.93
7.76 5.93
8.12 5.93
8.12 5.93
8.12 5.93
8.49 5.93
8.49 5.93
8.49 5.93
5.02 6.12
5.02 6.12
5.02 6.12
5.20 6.12
5.20 6.12
5.20 6.12
5.39 6.12
5.39 6.12
5.39 6.12
5.57 6.12
5.57 6.12
5.57 6.12
7.39 6.12
7.39 6.12
7.39 6.12
7.76 6.12
7.76 6.12
7.76 6.12
8.49 6.12
8.49 6.12
8.49 6.12
4.66 6.30
4.66 6.30
4.66 6.30
4.84 6.30
4.84 6.30
4.84 6.30
5.02 6.30
5.02 6.30
5.02 6.30
5.20 6.30
5.20 6.30
5.20 6.30
5.39 6.30
5.39 6.30
5.39 6.30
5.57 6.30
5.57 6.30
5.57 6.30
5.75 6.30
5.75 6.30
5.75 6.30
5.93 6.30
5.93 6.30
5.93 6.30
6.12 6.30
6.12 6.30
6.12 6.30
6.30 6.30
6.30 6.30
6.30 6.30
6.48 6.30
6.48 6.30
6.48 6.30
6.66 6.30
6.66 6.30
6.66 6.30
6.85 6.30
6.85 6.30
6.85 6.30
7.03 6.30
7.03 6.30
7.03 6.30
7.21 6.30
7.21 6.30
7.21 6.30
7.39 6.30
7.39 6.30
7.39 6.30
7.58 6.30
7.58 6.30
7.58 6.30
7.76 6.30
7.76 6.30
7.76 6.30
7.94 6.30
7.94 6.30
7.94 6.30
4.47 6.48
4.47 6.48
4.47 6.48
4.66 6.48
4.66 6.48
4.66 6.48
5.02 6.48
5.02 6.48
5.02 6.48
5.57 6.48
5.57 6.48
5.57 6.48
5.75 6.48
5.75 6.48
5.75 6.48
5.93 6.48
5.93 6.48
5.93 6.48
6.12 6.48
6.12 6.48
6.12 6.48
6.30 6.48
6.30 6.48
6.30 6.48
6.48 6.48
6.48 6.48
6.48 6.48
6.85 6.48
6.85 6.48
6.85 6.48
7.03 6.48
7.03 6.48
7.03 6.48
7.58 6.48
7.58 6.48
7.58 6.48
7.94 6.48
7.94 6.48
7.94 6.48
8.12 6.48
8.12 6.48
8.12 6.48
5.39 6.66
5.39 6.66
5.39 6.66
5.57 6.66
5.57 6.66
5.57 6.66
5.75 6.66
5.75 6.66
5.75 6.66
5.93 6.66
5.93 6.66
5.93 6.66
6.12 6.66
6.12 6.66
6.12 6.66
6.30 6.66
6.30 6.66
6.30 6.66
6.48 6.66
6.48 6.66
6.48 6.66
6.66 6.66
6.66 6.66
6.66 6.66
7.58 6.66
7.58 6.66
7.58 6.66
7.76 6.66
7.76 6.66
7.76 6.66
7.94 6.66
7.94 6.66
7.94 6.66
8.31 6.66
8.31 6.66
8.31 6.66
8.49 6.66
8.49 6.66
8.49 6.66
5.20 6.85
5.20 6.85
5.20 6.85
5.39 6.85
5.39 6.85
5.39 6.85
5.75 6.85
5.75 6.85
5.75 6.85
5.93 6.85
5.93 6.85
5.93 6.85
6.12 6.85
6.12 6.85
6.12 6.85
7.58 6.85
7.58 6.85
7.58 6.85
7.76 6.85
7.76 6.85
7.76 6.85
7.94 6.85
7.94 6.85
7.94 6.85
8.12 6.85
8.12 6.85
8.12 6.85
5.57 7.03
5.57 7.03
5.57 7.03
5.75 7.03
5.75 7.03
5.75 7.03
6.48 7.03
6.48 7.03
6.48 7.03
7.03 7.03
7.03 7.03
7.03 7.03
7.21 7.03
7.21 7.03
7.21 7.03
7.39 7.03
7.39 7.03
7.39 7.03
7.58 7.03
7.58 7.03
7.58 7.03
7.76 7.03
7.76 7.03
7.76 7.03
8.31 7.03
8.31 7.03
8.31 7.03
8.49 7.03
8.49 7.03
8.49 7.03
5.20 7.21
5.20 7.21
5.20 7.21
5.39 7.21
5.39 7.21
5.39 7.21
5.57 7.21
5.57 7.21
5.57 7.21
5.93 7.21
5.93 7.21
5.93 7.21
6.12 7.21
6.12 7.21
6.12 7.21
6.30 7.21
6.30 7.21
6.30 7.21
6.48 7.21
6.48 7.21
6.48 7.21
6.66 7.21
6.66 7.21
6.66 7.21
6.85 7.21
6.85 7.21
6.85 7.21
7.03 7.21
7.03 7.21
7.03 7.21
7.21 7.21
7.21 7.21
7.21 7.21
7.39 7.21
7.39 7.21
7.39 7.21
8.31 7.21
8.31 7.21
8.31 7.21
8.49 7.21
8.49 7.21
8.49 7.21
8.85 7.21
8.85 7.21
8.85 7.21
9.04 7.21
9.04 7.21
9.04 7.21
9.22 7.21
9.22 7.21
9.22 7.21
9.40 7.21
9.40 7.21
9.40 7.21
9.59 7.21
9.59 7.21
9.59 7.21
5.57 7.39
5.57 7.39
5.57 7.39
6.12 7.39
6.12 7.39
6.12 7.39
6.30 7.39
6.30 7.39
6.30 7.39
6.66 7.39
6.66 7.39
6.66 7.39
6.85 7.39
6.85 7.39
6.85 7.39
8.49 7.39
8.49 7.39
8.49 7.39
5.20 7.58
5.20 7.58
5.20 7.58
6.48 7.58
6.48 7.58
6.48 7.58
7.76 7.58
7.76 7.58
7.76 7.58
7.94 7.58
7.94 7.58
7.94 7.58
8.12 7.58
8.12 7.58
8.12 7.58
8.31 7.58
8.31 7.58
8.31 7.58
8.85 7.58
8.85 7.58
8.85 7.58
9.04 7.58
9.04 7.58
9.04 7.58
9.22 7.58
9.22 7.58
9.22 7.58
6.12 7.76
6.12 7.76
6.12 7.76
6.48 7.76
6.48 7.76
6.48 7.76
7.03 7.76
7.03 7.76
7.03 7.76
7.21 7.76
7.21 7.76
7.21 7.76
7.39 7.76
7.39 7.76
7.39 7.76
7.58 7.76
7.58 7.76
7.58 7.76
7.76 7.76
7.76 7.76
7.76 7.76
7.94 7.76
7.94 7.76
7.94 7.76
8.31 7.76
8.31 7.76
8.31 7.76
8.67 7.76
8.67 7.76
8.67 7.76
8.85 7.76
8.85 7.76
8.85 7.76
9.22 7.76
9.22 7.76
9.22 7.76
9.40 7.76
9.40 7.76
9.40 7.76
9.77 7.76
9.77 7.76
9.77 7.76
5.93 7.94
5.93 7.94
5.93 7.94
6.48 7.94
6.48 7.94
6.48 7.94
7.03 7.94
7.03 7.94
7.03 7.94
7.21 7.94
7.21 7.94
7.21 7.94
7.39 7.94
7.39 7.94
7.39 7.94
7.58 7.94
7.58 7.94
7.58 7.94
7.76 7.94
7.76 7.94
7.76 7.94
7.94 7.94
7.94 7.94
7.94 7.94
8.12 7.94
8.12 7.94
8.12 7.94
8.49 7.94
8.49 7.94
8.49 7.94
8.67 7.94
8.67 7.94
8.67 7.94
9.04 7.94
9.04 7.94
9.04 7.94
9.22 7.94
9.22 7.94
9.22 7.94
9.40 7.94
9.40 7.94
9.40 7.94
9.59 7.94
9.59 7.94
9.59 7.94
9.77 7.94
9.77 7.94
9.77 7.94
6.12 8.12
6.12 8.12
6.12 8.12
6.66 8.12
6.66 8.12
6.66 8.12
6.85 8.12
6.85 8.12
6.85 8.12
7.03 8.12
7.03 8.12
7.03 8.12
7.21 8.12
7.21 8.12
7.21 8.12
8.31 8.12
8.31 8.12
8.31 8.12
8.49 8.12
8.49 8.12
8.49 8.12
8.67 8.12
8.67 8.12
8.67 8.12
8.85 8.12
8.85 8.12
8.85 8.12
9.59 8.12
9.59 8.12
9.59 8.12
6.48 8.31
6.48 8.31
6.48 8.31
6.66 8.31
6.66 8.31
6.66 8.31
6.85 8.31
6.85 8.31
6.85 8.31
7.58 8.31
7.58 8.31
7.58 8.31
7.76 8.31
7.76 8.31
7.76 8.31
9.22 8.31
9.22 8.31
9.22 8.31
9.40 8.31
9.40 8.31
9.40 8.31
9.59 8.31
9.59 8.31
9.59 8.31
9.77 8.31
9.77 8.31
9.77 8.31
6.66 8.49
6.66 8.49
6.66 8.49
7.03 8.49
7.03 8.49
7.03 8.49
7.21 8.49
7.21 8.49
7.21 8.49
7.39 8.49
7.39 8.49
7.39 8.49
9.22 8.49
9.22 8.49
9.22 8.49
9.40 8.49
9.40 8.49
9.40 8.49
9.59 8.49
9.59 8.49
9.59 8.49
9.77 8.49
9.77 8.49
9.77 8.49
6.48 8.67
6.48 8.67
6.48 8.67
6.66 8.67
6.66 8.67
6.66 8.67
7.03 8.67
7.03 8.67
7.03 8.67
7.21 8.67
7.21 8.67
7.21 8.67
7.94 8.67
7.94 8.67
7.94 8.67
9.40 8.67
9.40 8.67
9.40 8.67
9.77 8.67
9.77 8.67
9.77 8.67
9.95 8.67
9.95 8.67
9.95 8.67
10.13 8.67
10.13 8.67
10.13 8.67
10.32 8.67
10.32 8.67
10.32 8.67
6.48 8.85
6.48 8.85
6.48 8.85
6.66 8.85
6.66 8.85
6.66 8.85
6.85 8.85
6.85 8.85
6.85 8.85
7.03 8.85
7.03 8.85
7.03 8.85
7.58 8.85
7.58 8.85
7.58 8.85
7.76 8.85
7.76 8.85
7.76 8.85
9.59 8.85
9.59 8.85
9.59 8.85
9.77 8.85
9.77 8.85
9.77 8.85
10.13 8.85
10.13 8.85
10.13 8.85
10.32 8.85
10.32 8.85
10.32 8.85
6.66 9.04
6.66 9.04
6.66 9.04
7.94 9.04
7.94 9.04
7.94 9.04
8.67 9.04
8.67 9.04
8.67 9.04
8.85 9.04
8.85 9.04
8.85 9.04
9.04 9.04
9.04 9.04
9.04 9.04
9.77 9.04
9.77 9.04
9.77 9.04
9.95 9.04
9.95 9.04
9.95 9.04
10.13 9.04
10.13 9.04
10.13 9.04
7.39 9.22
7.39 9.22
7.39 9.22
7.58 9.22
7.58 9.22
7.58 9.22
7.94 9.22
7.94 9.22
7.94 9.22
9.59 9.22
9.59 9.22
9.59 9.22
9.77 9.22
9.77 9.22
9.77 9.22
9.95 9.22
9.95 9.22
9.95 9.22
10.50 9.22
10.50 9.22
10.50 9.22
10.86 9.22
10.86 9.22
10.86 9.22
7.21 9.40
7.21 9.40
7.21 9.40
7.58 9.40
7.58 9.40
7.58 9.40
7.94 9.40
7.94 9.40
7.94 9.40
8.12 9.40
8.12 9.40
8.12 9.40
8.31 9.40
8.31 9.40
8.31 9.40
10.32 9.40
10.32 9.40
10.32 9.40
10.50 9.40
10.50 9.40
10.50 9.40
10.86 9.40
10.86 9.40
10.86 9.40
11.05 9.40
11.05 9.40
11.05 9.40
7.39 9.59
7.39 9.59
7.39 9.59
7.76 9.59
7.76 9.59
7.76 9.59
7.94 9.59
7.94 9.59
7.94 9.59
8.49 9.59
8.49 9.59
8.49 9.59
8.67 9.59
8.67 9.59
8.67 9.59
9.40 9.59
9.40 9.59
9.40 9.59
11.05 9.59
11.05 9.59
11.05 9.59
7.58 9.77
7.58 9.77
7.58 9.77
8.49 9.77
8.49 9.77
8.49 9.77
11.05 9.77
11.05 9.77
11.05 9.77
7.94 9.95
7.94 9.95
7.94 9.95
11.05 9.95
11.05 9.95
11.05 9.95
7.39 10.13
7.39 10.13
7.39 10.13
7.58 10.13
7.58 10.13
7.58 10.13
8.31 10.32
8.31 10.32
8.31 10.32
8.49 10.32
8.49 10.32
8.49 10.32
8.67 10.32
8.67 10.32
8.67 10.32
8.85 10.32
8.85 10.32
8.85 10.32
9.04 10.32
9.04 10.32
9.04 10.32
9.22 10.32
9.22 10.32
9.22 10.32
9.40 10.32
9.40 10.32
9.40 10.32
10.68 10.32
10.68 10.32
10.68 10.32
10.86 10.32
10.86 10.32
10.86 10.32
11.23 10.32
11.23 10.32
11.23 10.32
11.41 10.32
11.41 10.32
11.41 10.32
11.59 10.32
11.59 10.32
11.59 10.32
11.78 10.32
11.78 10.32
11.78 10.32
7.94 10.50
7.94 10.50
7.94 10.50
8.49 10.50
8.49 10.50
8.49 10.50
8.67 10.50
8.67 10.50
8.67 10.50
8.85 10.50
8.85 10.50
8.85 10.50
9.04 10.50
9.04 10.50
9.04 10.50
9.22 10.50
9.22 10.50
9.22 10.50
9.40 10.50
9.40 10.50
9.40 10.50
10.13 10.50
10.13 10.50
10.13 10.50
10.32 10.50
10.32 10.50
10.32 10.50
10.50 10.50
10.50 10.50
10.50 10.50
10.68 10.50
10.68 10.50
10.68 10.50
10.86 10.50
10.86 10.50
10.86 10.50
11.05 10.50
11.05 10.50
11.05 10.50
7.94 10.68
7.94 10.68
7.94 10.68
10.13 10.68
10.13 10.68
10.13 10.68
10.32 10.68
10.32 10.68
10.32 10.68
10.50 10.68
10.50 10.68
10.50 10.68
10.68 10.68
10.68 10.68
10.68 10.68
10.86 10.68
10.86 10.68
10.86 10.68
11.41 10.68
11.41 10.68
11.41 10.68
8.12 10.86
8.12 10.86
8.12 10.86
8.31 10.86
8.31 10.86
8.31 10.86
8.49 10.86
8.49 10.86
8.49 10.86
10.32 10.86
10.32 10.86
10.32 10.86
10.50 10.86
10.50 10.86
10.50 10.86
11.05 10.86
11.05 10.86
11.05 10.86
11.59 10.86
11.59 10.86
11.59 10.86
11.96 10.86
11.96 10.86
11.96 10.86
12.14 10.86
12.14 10.86
12.14 10.86
12.32 10.86
12.32 10.86
12.32 10.86
8.85 11.05
8.85 11.05
8.85 11.05
9.40 11.05
9.40 11.05
9.40 11.05
9.59 11.05
9.59 11.05
9.59 11.05
9.77 11.05
9.77 11.05
9.77 11.05
9.95 11.05
9.95 11.05
9.95 11.05
11.05 11.05
11.05 11.05
11.05 11.05
11.23 11.05
11.23 11.05
11.23 11.05
12.14 11.05
12.14 11.05
12.14 11.05
12.32 11.05
12.32 11.05
12.32 11.05
8.49 11.23
8.49 11.23
8.49 11.23
8.67 11.23
8.67 11.23
8.67 11.23
8.85 11.23
8.85 11.23
8.85 11.23
9.04 11.23
9.04 11.23
9.04 11.23
9.22 11.23
9.22 11.23
9.22 11.23
9.59 11.23
9.59 11.23
9.59 11.23
9.77 11.23
9.77 11.23
9.77 11.23
11.05 11.23
11.05 11.23
11.05 11.23
11.23 11.23
11.23 11.23
11.23 11.23
11.41 11.23
11.41 11.23
11.41 11.23
8.49 11.41
8.49 11.41
8.49 11.41
9.40 11.41
9.40 11.41
9.40 11.41
9.59 11.41
9.59 11.41
9.59 11.41
9.77 11.41
9.77 11.41
9.77 11.41
9.95 11.41
9.95 11.41
9.95 11.41
10.13 11.41
10.13 11.41
10.13 11.41
10.68 11.41
10.68 11.41
10.68 11.41
10.86 11.41
10.86 11.41
10.86 11.41
11.05 11.41
11.05 11.41
11.05 11.41
11.23 11.41
11.23 11.41
11.23 11.41
11.41 11.41
11.41 11.41
11.41 11.41
11.59 11.41
11.59 11.41
11.59 11.41
11.78 11.41
11.78 11.41
11.78 11.41
12.69 11.41
12.69 11.41
12.69 11.41
8.67 11.59
8.67 11.59
8.67 11.59
8.85 11.59
8.85 11.59
8.85 11.59
9.04 11.59
9.04 11.59
9.04 11.59
9.59 11.59
9.59 11.59
9.59 11.59
9.77 11.59
9.77 11.59
9.77 11.59
9.95 11.59
9.95 11.59
9.95 11.59
10.13 11.59
10.13 11.59
10.13 11.59
10.32 11.59
10.32 11.59
10.32 11.59
10.50 11.59
10.50 11.59
10.50 11.59
10.68 11.59
10.68 11.59
10.68 11.59
10.86 11.59
10.86 11.59
10.86 11.59
11.05 11.59
11.05 11.59
11.05 11.59
11.23 11.59
11.23 11.59
11.23 11.59
11.41 11.59
11.41 11.59
11.41 11.59
11.59 11.59
11.59 11.59
11.59 11.59
11.78 11.59
11.78 11.59
11.78 11.59
8.67 11.78
8.67 11.78
8.67 11.78
9.22 11.78
9.22 11.78
9.22 11.78
9.40 11.78
9.40 11.78
9.40 11.78
9.59 11.78
9.59 11.78
9.59 11.78
9.77 11.78
9.77 11.78
9.77 11.78
9.95 11.78
9.95 11.78
9.95 11.78
13.05 11.78
13.05 11.78
13.05 11.78
9.59 11.96
9.59 11.96
9.59 11.96
9.77 11.96
9.77 11.96
9.77 11.96
9.95 11.96
9.95 11.96
9.95 11.96
12.51 11.96
12.51 11.96
12.51 11.96
12.87 11.96
12.87 11.96
12.87 11.96
9.22 12.14
9.22 12.14
9.22 12.14
9.59 12.14
9.59 12.14
9.59 12.14
9.77 12.14
9.77 12.14
9.77 12.14
9.95 12.14
9.95 12.14
9.95 12.14
10.13 12.14
10.13 12.14
10.13 12.14
10.32 12.14
10.32 12.14
10.32 12.14
10.50 12.14
10.50 12.14
10.50 12.14
10.68 12.14
10.68 12.14
10.68 12.14
10.86 12.14
10.86 12.14
10.86 12.14
12.51 12.14
12.51 12.14
12.51 12.14
12.87 12.14
12.87 12.14
12.87 12.14
13.05 12.14
13.05 12.14
13.05 12.14
9.22 12.32
9.22 12.32
9.22 12.32
10.32 12.32
10.32 12.32
10.32 12.32
10.50 12.32
10.50 12.32
10.50 12.32
10.68 12.32
10.68 12.32
10.68 12.32
10.86 12.32
10.86 12.32
10.86 12.32
11.05 12.32
11.05 12.32
11.05 12.32
11.23 12.32
11.23 12.32
11.23 12.32
11.41 12.32
11.41 12.32
11.41 12.32
11.59 12.32
11.59 12.32
11.59 12.32
11.78 12.32
11.78 12.32
11.78 12.32
12.87 12.32
12.87 12.32
12.87 12.32
13.24 12.32
13.24 12.32
13.24 12.32
13.60 12.32
13.60 12.32
13.60 12.32
10.50 12.51
10.50 12.51
10.50 12.51
10.68 12.51
10.68 12.51
10.68 12.51
11.05 12.51
11.05 12.51
11.05 12.51
11.59 12.51
11.59 12.51
11.59 12.51
12.69 12.51
12.69 12.51
12.69 12.51
12.87 12.51
12.87 12.51
12.87 12.51
13.24 12.51
13.24 12.51
13.24 12.51
13.60 12.51
13.60 12.51
13.60 12.51
10.13 12.69
10.13 12.69
10.13 12.69
10.86 12.69
10.86 12.69
10.86 12.69
11.23 12.69
11.23 12.69
11.23 12.69
11.41 12.69
11.41 12.69
11.41 12.69
11.78 12.69
11.78 12.69
11.78 12.69
12.14 12.69
12.14 12.69
12.14 12.69
12.32 12.69
12.32 12.69
12.32 12.69
12.51 12.69
12.51 12.69
12.51 12.69
13.05 12.69
13.05 12.69
13.05 12.69
13.24 12.69
13.24 12.69
13.24 12.69
13.60 12.69
13.60 12.69
13.60 12.69
10.50 12.87
10.50 12.87
10.50 12.87
10.68 12.87
10.68 12.87
10.68 12.87
11.05 12.87
11.05 12.87
11.05 12.87
11.78 12.87
11.78 12.87
11.78 12.87
11.96 12.87
11.96 12.87
11.96 12.87
12.14 12.87
12.14 12.87
12.14 12.87
12.87 12.87
12.87 12.87
12.87 12.87
13.05 12.87
13.05 12.87
13.05 12.87
13.42 12.87
13.42 12.87
13.42 12.87
13.60 12.87
13.60 12.87
13.60 12.87
10.68 13.05
10.68 13.05
10.68 13.05
11.59 13.05
11.59 13.05
11.59 13.05
11.96 13.05
11.96 13.05
11.96 13.05
12.14 13.05
12.14 13.05
12.14 13.05
12.51 13.05
12.51 13.05
12.51 13.05
13.05 13.05
13.05 13.05
13.05 13.05
13.42 13.05
13.42 13.05
13.42 13.05
13.60 13.05
13.60 13.05
13.60 13.05
10.50 13.24
10.50 13.24
10.50 13.24
11.05 13.24
11.05 13.24
11.05 13.24
11.23 13.24
11.23 13.24
11.23 13.24
13.24 13.24
13.24 13.24
13.24 13.24
11.41 13.42
11.41 13.42
11.41 13.42
11.59 13.42
11.59 13.42
11.59 13.42
11.78 13.42
11.78 13.42
11.78 13.42
13.24 13.42
13.24 13.42
13.24 13.42
13.42 13.42
13.42 13.42
13.42 13.42
11.41 13.60
11.41 13.60
11.41 13.60
13.97 13.60
13.97 13.60
13.97 13.60
14.33 13.60
14.33 13.60
14.33 13.60
11.23 13.78
11.23 13.78
11.23 13.78
11.78 13.78
11.78 13.78
11.78 13.78
12.32 13.78
12.32 13.78
12.32 13.78
12.69 13.78
12.69 13.78
12.69 13.78
13.05 13.78
13.05 13.78
13.05 13.78
13.42 13.78
13.42 13.78
13.42 13.78
14.33 13.78
14.33 13.78
14.33 13.78
11.23 13.97
11.23 13.97
11.23 13.97
11.41 13.97
11.41 13.97
11.41 13.97
11.78 13.97
11.78 13.97
11.78 13.97
13.05 13.97
13.05 13.97
13.05 13.97
13.24 13.97
13.24 13.97
13.24 13.97
13.42 13.97
13.42 13.97
13.42 13.97
14.15 13.97
14.15 13.97
14.15 13.97
14.33 13.97
14.33 13.97
14.33 13.97
11.23 14.15
11.23 14.15
11.23 14.15
11.41 14.15
11.41 14.15
11.41 14.15
11.59 14.15
11.59 14.15
11.59 14.15
12.69 14.15
12.69 14.15
12.69 14.15
12.87 14.15
12.87 14.15
12.87 14.15
13.05 14.15
13.05 14.15
13.05 14.15
13.24 14.15
13.24 14.15
13.24 14.15
13.42 14.15
13.42 14.15
13.42 14.15
13.60 14.15
13.60 14.15
13.60 14.15
14.33 14.15
14.33 14.15
14.33 14.15
11.78 14.33
11.78 14.33
11.78 14.33
11.96 14.33
11.96 14.33
11.96 14.33
12.14 14.33
12.14 14.33
12.14 14.33
12.32 14.33
12.32 14.33
12.32 14.33
12.51 14.33
12.51 14.33
12.51 14.33
12.69 14.33
12.69 14.33
12.69 14.33
12.87 14.33
12.87 14.33
12.87 14.33
13.05 14.33
13.05 14.33
13.05 14.33
13.24 14.33
13.24 14.33
13.24 14.33
13.42 14.33
13.42 14.33
13.42 14.33
13.60 14.33
13.60 14.33
13.60 14.33
13.78 14.33
13.78 14.33
13.78 14.33
13.97 14.33
13.97 14.33
13.97 14.33
11.96 14.51
11.96 14.51
11.96 14.51
12.14 14.51
12.14 14.51
12.14 14.51
13.05 14.51
13.05 14.51
13.05 14.51
13.24 14.51
13.24 14.51
13.24 14.51
13.42 14.51
13.42 14.51
13.42 14.51
13.60 14.51
13.60 14.51
13.60 14.51
13.78 14.51
13.78 14.51
13.78 14.51
14.51 14.51
14.51 14.51
14.51 14.51
14.70 14.51
14.70 14.51
14.70 14.51
11.78 14.70
11.78 14.70
11.78 14.70
13.05 14.70
13.05 14.70
13.05 14.70
13.24 14.70
13.24 14.70
13.24 14.70
13.42 14.70
13.42 14.70
13.42 14.70
13.60 14.70
13.60 14.70
13.60 14.70
13.78 14.70
13.78 14.70
13.78 14.70
14.15 14.70
14.15 14.70
14.15 14.70
14.70 14.70
14.70 14.70
14.70 14.70
14.88 14.70
14.88 14.70
14.88 14.70
12.14 14.88
12.14 14.88
12.14 14.88
13.05 14.88
13.05 14.88
13.05 14.88
13.24 14.88
13.24 14.88
13.24 14.88
13.42 14.88
13.42 14.88
13.42 14.88
13.60 14.88
13.60 14.88
13.60 14.88
13.78 14.88
13.78 14.88
13.78 14.88
14.15 14.88
14.15 14.88
14.15 14.88
14.51 14.88
14.51 14.88
14.51 14.88
14.70 14.88
14.70 14.88
14.70 14.88
15.43 14.88
15.43 14.88
15.43 14.88
11.78 15.06
11.78 15.06
11.78 15.06
13.60 15.06
13.60 15.06
13.60 15.06
13.78 15.06
13.78 15.06
13.78 15.06
14.15 15.06
14.15 15.06
14.15 15.06
14.33 15.06
14.33 15.06
14.33 15.06
14.51 15.06
14.51 15.06
14.51 15.06
14.70 15.06
14.70 15.06
14.70 15.06
15.25 15.06
15.25 15.06
15.25 15.06
15.61 15.06
15.61 15.06
15.61 15.06
11.96 15.25
11.96 15.25
11.96 15.25
12.14 15.25
12.14 15.25
12.14 15.25
12.32 15.25
12.32 15.25
12.32 15.25
13.97 15.25
13.97 15.25
13.97 15.25
14.33 15.25
14.33 15.25
14.33 15.25
14.51 15.25
14.51 15.25
14.51 15.25
14.70 15.25
14.70 15.25
14.70 15.25
14.88 15.25
14.88 15.25
14.88 15.25
15.06 15.25
15.06 15.25
15.06 15.25
15.43 15.25
15.43 15.25
15.43 15.25
15.79 15.25
15.79 15.25
15.79 15.25
16.16 15.25
16.16 15.25
16.16 15.25
16.34 15.25
16.34 15.25
16.34 15.25
12.51 15.43
12.51 15.43
12.51 15.43
13.42 15.43
13.42 15.43
13.42 15.43
14.15 15.43
14.15 15.43
14.15 15.43
14.33 15.43
14.33 15.43
14.33 15.43
14.51 15.43
14.51 15.43
14.51 15.43
14.70 15.43
14.70 15.43
14.70 15.43
14.88 15.43
14.88 15.43
14.88 15.43
15.61 15.43
15.61 15.43
15.61 15.43
15.79 15.43
15.79 15.43
15.79 15.43
15.98 15.43
15.98 15.43
15.98 15.43
16.34 15.43
16.34 15.43
16.34 15.43
13.60 15.61
13.60 15.61
13.60 15.61
13.78 15.61
13.78 15.61
13.78 15.61
14.33 15.61
14.33 15.61
14.33 15.61
14.51 15.61
14.51 15.61
14.51 15.61
14.70 15.61
14.70 15.61
14.70 15.61
14.88 15.61
14.88 15.61
14.88 15.61
15.43 15.61
15.43 15.61
15.43 15.61
15.98 15.61
15.98 15.61
15.98 15.61
16.16 15.61
16.16 15.61
16.16 15.61
13.24 15.79
13.24 15.79
13.24 15.79
14.88 15.79
14.88 15.79
14.88 15.79
15.06 15.79
15.06 15.79
15.06 15.79
15.25 15.79
15.25 15.79
15.25 15.79
15.79 15.79
15.79 15.79
15.79 15.79
15.98 15.79
15.98 15.79
15.98 15.79
13.24 15.98
13.24 15.98
13.24 15.98
13.60 15.98
13.60 15.98
13.60 15.98
14.88 15.98
14.88 15.98
14.88 15.98
15.06 15.98
15.06 15.98
15.06 15.98
15.25 15.98
15.25 15.98
15.25 15.98
15.43 15.98
15.43 15.98
15.43 15.98
15.79 15.98
15.79 15.98
15.79 15.98
15.98 15.98
15.98 15.98
15.98 15.98
16.34 15.98
16.34 15.98
16.34 15.98
16.52 15.98
16.52 15.98
16.52 15.98
16.71 15.98
16.71 15.98
16.71 15.98
13.60 16.16
13.60 16.16
13.60 16.16
13.78 16.16
13.78 16.16
13.78 16.16
13.97 16.16
13.97 16.16
13.97 16.16
14.15 16.16
14.15 16.16
14.15 16.16
14.33 16.16
14.33 16.16
14.33 16.16
14.51 16.16
14.51 16.16
14.51 16.16
14.70 16.16
14.70 16.16
14.70 16.16
14.88 16.16
14.88 16.16
14.88 16.16
15.06 16.16
15.06 16.16
15.06 16.16
15.25 16.16
15.25 16.16
15.25 16.16
15.43 16.16
15.43 16.16
15.43 16.16
15.79 16.16
15.79 16.16
15.79 16.16
15.98 16.16
15.98 16.16
15.98 16.16
16.16 16.16
16.16 16.16
16.16 16.16
13.24 16.34
13.24 16.34
13.24 16.34
13.42 16.34
13.42 16.34
13.42 16.34
13.97 16.34
13.97 16.34
13.97 16.34
14.15 16.34
14.15 16.34
14.15 16.34
15.79 16.34
15.79 16.34
15.79 16.34
16.52 16.34
16.52 16.34
16.52 16.34
16.71 16.34
16.71 16.34
16.71 16.34
13.78 16.52
13.78 16.52
13.78 16.52
15.43 16.52
15.43 16.52
15.43 16.52
15.61 16.52
15.61 16.52
15.61 16.52
15.98 16.52
15.98 16.52
15.98 16.52
16.16 16.52
16.16 16.52
16.16 16.52
16.34 16.52
16.34 16.52
16.34 16.52
14.15 16.71
14.15 16.71
14.15 16.71
14.33 16.71
14.33 16.71
14.33 16.71
14.51 16.71
14.51 16.71
14.51 16.71
14.70 16.71
14.70 16.71
14.70 16.71
14.88 16.71
14.88 16.71
14.88 16.71
15.06 16.71
15.06 16.71
15.06 16.71
15.25 16.71
15.25 16.71
15.25 16.71
15.61 16.71
15.61 16.71
15.61 16.71
15.98 16.71
15.98 16.71
15.98 16.71
16.71 16.71
16.71 16.71
16.71 16.71
13.78 16.89
13.78 16.89
13.78 16.89
14.15 16.89
14.15 16.89
14.15 16.89
14.33 16.89
14.33 16.89
14.33 16.89
14.88 16.89
14.88 16.89
14.88 16.89
15.06 16.89
15.06 16.89
15.06 16.89
16.89 16.89
16.89 16.89
16.89 16.89
14.51 17.07
14.51 17.07
14.51 17.07
14.70 17.07
14.70 17.07
14.70 17.07
15.25 17.07
15.25 17.07
15.25 17.07
15.43 17.07
15.43 17.07
15.43 17.07
15.61 17.07
15.61 17.07
15.61 17.07
15.79 17.07
15.79 17.07
15.79 17.07
15.98 17.07
15.98 17.07
15.98 17.07
16.16 17.07
16.16 17.07
16.16 17.07
16.34 17.07
16.34 17.07
16.34 17.07
13.97 17.25
13.97 17.25
13.97 17.25
14.51 17.25
14.51 17.25
14.51 17.25
14.70 17.25
14.70 17.25
14.70 17.25
15.06 17.25
15.06 17.25
15.06 17.25
15.25 17.25
15.25 17.25
15.25 17.25
15.43 17.25
15.43 17.25
15.43 17.25
15.61 17.25
15.61 17.25
15.61 17.25
15.79 17.25
15.79 17.25
15.79 17.25
15.98 17.25
15.98 17.25
15.98 17.25
16.16 17.25
16.16 17.25
16.16 17.25
16.34 17.25
16.34 17.25
16.34 17.25
16.52 17.25
16.52 17.25
16.52 17.25
13.97 17.44
13.97 17.44
13.97 17.44
14.15 17.44
14.15 17.44
14.15 17.44
14.33 17.44
14.33 17.44
14.33 17.44
14.51 17.44
14.51 17.44
14.51 17.44
14.70 17.44
14.70 17.44
14.70 17.44
14.88 17.44
14.88 17.44
14.88 17.44
15.98 17.44
15.98 17.44
15.98 17.44
16.16 17.44
16.16 17.44
16.16 17.44
16.34 17.44
16.34 17.44
16.34 17.44
16.52 17.44
16.52 17.44
16.52 17.44
13.78 17.62
13.78 17.62
13.78 17.62
13.97 17.62
13.97 17.62
13.97 17.62
14.88 17.62
14.88 17.62
14.88 17.62
15.06 17.62
15.06 17.62
15.06 17.62
15.25 17.62
15.25 17.62
15.25 17.62
15.98 17.62
15.98 17.62
15.98 17.62
16.16 17.62
16.16 17.62
16.16 17.62
16.34 17.62
16.34 17.62
16.34 17.62
16.52 17.62
16.52 17.62
16.52 17.62
16.89 17.62
16.89 17.62
16.89 17.62
17.25 17.62
17.25 17.62
17.25 17.62
17.44 17.62
17.44 17.62
17.44 17.62
13.78 17.80
13.78 17.80
13.78 17.80
14.88 17.80
14.88 17.80
14.88 17.80
15.25 17.80
15.25 17.80
15.25 17.80
15.43 17.80
15.43 17.80
15.43 17.80
15.61 17.80
15.61 17.80
15.61 17.80
15.79 17.80
15.79 17.80
15.79 17.80
15.98 17.80
15.98 17.80
15.98 17.80
16.16 17.80
16.16 17.80
16.16 17.80
16.34 17.80
16.34 17.80
16.34 17.80
14.88 17.98
14.88 17.98
14.88 17.98
15.98 17.98
15.98 17.98
15.98 17.98
16.16 17.98
16.16 17.98
16.16 17.98
16.34 17.98
16.34 17.98
16.34 17.98
16.52 17.98
16.52 17.98
16.52 17.98
17.07 17.98
17.07 17.98
17.07 17.98
14.51 18.17
14.51 18.17
14.51 18.17
16.16 18.17
16.16 18.17
16.16 18.17
16.34 18.17
16.34 18.17
16.34 18.17
16.52 18.17
16.52 18.17
16.52 18.17
16.71 18.17
16.71 18.17
16.71 18.17
17.62 18.17
17.62 18.17
17.62 18.17
15.79 18.35
15.79 18.35
15.79 18.35
15.98 18.35
15.98 18.35
15.98 18.35
16.16 18.35
16.16 18.35
16.16 18.35
16.34 18.35
16.34 18.35
16.34 18.35
16.89 18.35
16.89 18.35
16.89 18.35
17.44 18.35
17.44 18.35
17.44 18.35
14.70 18.53
14.70 18.53
14.70 18.53
14.88 18.53
14.88 18.53
14.88 18.53
15.25 18.53
15.25 18.53
15.25 18.53
17.25 18.53
17.25 18.53
17.25 18.53
17.44 18.53
17.44 18.53
17.44 18.53
17.62 18.53
17.62 18.53
17.62 18.53
18.17 18.53
18.17 18.53
18.17 18.53
14.51 18.71
14.51 18.71
14.51 18.71
15.25 18.71
15.25 18.71
15.25 18.71
16.89 18.71
16.89 18.71
16.89 18.71
17.07 18.71
17.07 18.71
17.07 18.71
17.25 18.71
17.25 18.71
17.25 18.71
17.80 18.71
17.80 18.71
17.80 18.71
17.98 18.71
17.98 18.71
17.98 18.71
18.17 18.71
18.17 18.71
18.17 18.71
15.06 18.90
15.06 18.90
15.06 18.90
15.25 18.90
15.25 18.90
15.25 18.90
16.52 18.90
16.52 18.90
16.52 18.90
16.71 18.90
16.71 18.90
16.71 18.90
17.44 18.90
17.44 18.90
17.44 18.90
16.89 19.08
16.89 19.08
16.89 19.08
18.17 19.08
18.17 19.08
18.17 19.08
15.06 19.26
15.06 19.26
15.06 19.26
15.25 19.26
15.25 19.26
15.25 19.26
15.43 19.26
15.43 19.26
15.43 19.26
15.61 19.26
15.61 19.26
15.61 19.26
15.79 19.26
15.79 19.26
15.79 19.26
16.89 19.26
16.89 19.26
16.89 19.26
17.07 19.26
17.07 19.26
17.07 19.26
16.16 19.44
16.16 19.44
16.16 19.44
16.34 19.44
16.34 19.44
16.34 19.44
16.52 19.44
16.52 19.44
16.52 19.44
16.71 19.44
16.71 19.44
16.71 19.44
17.07 19.44
17.07 19.44
17.07 19.44
17.25 19.44
17.25 19.44
17.25 19.44
17.44 19.44
17.44 19.44
17.44 19.44
17.62 19.44
17.62 19.44
17.62 19.44
17.80 19.44
17.80 19.44
17.80 19.44
17.98 19.44
17.98 19.44
17.98 19.44
15.06 19.63
15.06 19.63
15.06 19.63
15.25 19.63
15.25 19.63
15.25 19.63
16.52 19.63
16.52 19.63
16.52 19.63
16.71 19.63
16.71 19.63
16.71 19.63
17.44 19.63
17.44 19.63
17.44 19.63
17.62 19.63
17.62 19.63
17.62 19.63
17.98 19.63
17.98 19.63
17.98 19.63
18.17 19.63
18.17 19.63
18.17 19.63
18.53 19.63
18.53 19.63
18.53 19.63
15.98 19.81
15.98 19.81
15.98 19.81
16.34 19.81
16.34 19.81
16.34 19.81
16.71 19.81
16.71 19.81
16.71 19.81
17.44 19.81
17.44 19.81
17.44 19.81
17.62 19.81
17.62 19.81
17.62 19.81
17.80 19.81
17.80 19.81
17.80 19.81
17.98 19.81
17.98 19.81
17.98 19.81
18.17 19.81
18.17 19.81
18.17 19.81
18.35 19.81
18.35 19.81
18.35 19.81
15.98 19.99
15.98 19.99
15.98 19.99
16.16 19.99
16.16 19.99
16.16 19.99
16.34 19.99
16.34 19.99
16.34 19.99
17.98 19.99
17.98 19.99
17.98 19.99
18.17 19.99
18.17 19.99
18.17 19.99
18.35 19.99
18.35 19.99
18.35 19.99
18.71 19.99
18.71 19.99
18.71 19.99
18.90 19.99
18.90 19.99
18.90 19.99
15.79 20.17
15.79 20.17
15.79 20.17
16.71 20.17
16.71 20.17
16.71 20.17
17.62 20.17
17.62 20.17
17.62 20.17
17.80 20.17
17.80 20.17
17.80 20.17
17.98 20.17
17.98 20.17
17.98 20.17
18.17 20.17
18.17 20.17
18.17 20.17
18.35 20.17
18.35 20.17
18.35 20.17
18.53 20.17
18.53 20.17
18.53 20.17
18.71 20.17
18.71 20.17
18.71 20.17
15.98 20.36
15.98 20.36
15.98 20.36
16.16 20.36
16.16 20.36
16.16 20.36
16.34 20.36
16.34 20.36
16.34 20.36
16.89 20.36
16.89 20.36
16.89 20.36
17.07 20.36
17.07 20.36
17.07 20.36
17.25 20.36
17.25 20.36
17.25 20.36
17.44 20.36
17.44 20.36
17.44 20.36
17.62 20.36
17.62 20.36
17.62 20.36
17.80 20.36
17.80 20.36
17.80 20.36
17.98 20.36
17.98 20.36
17.98 20.36
18.17 20.36
18.17 20.36
18.17 20.36
18.53 20.36
18.53 20.36
18.53 20.36
18.90 20.36
18.90 20.36
18.90 20.36
19.26 20.36
19.26 20.36
19.26 20.36
15.98 20.54
15.98 20.54
15.98 20.54
16.52 20.54
16.52 20.54
16.52 20.54
16.71 20.54
16.71 20.54
16.71 20.54
16.89 20.54
16.89 20.54
16.89 20.54
18.35 20.54
18.35 20.54
18.35 20.54
18.53 20.54
18.53 20.54
18.53 20.54
18.71 20.54
18.71 20.54
18.71 20.54
18.90 20.54
18.90 20.54
18.90 20.54
19.44 20.54
19.44 20.54
19.44 20.54
16.52 20.72
16.52 20.72
16.52 20.72
16.71 20.72
16.71 20.72
16.71 20.72
16.89 20.72
16.89 20.72
16.89 20.72
17.07 20.72
17.07 20.72
17.07 20.72
17.98 20.72
17.98 20.72
17.98 20.72
18.17 20.72
18.17 20.72
18.17 20.72
18.35 20.72
18.35 20.72
18.35 20.72
18.90 20.72
18.90 20.72
18.90 20.72
19.08 20.72
19.08 20.72
19.08 20.72
19.26 20.72
19.26 20.72
19.26 20.72
19.44 20.72
19.44 20.72
19.44 20.72
16.52 20.91
16.52 20.91
16.52 20.91
16.89 20.91
16.89 20.91
16.89 20.91
17.07 20.91
17.07 20.91
17.07 20.91
17.25 20.91
17.25 20.91
17.25 20.91
17.80 20.91
17.80 20.91
17.80 20.91
17.98 20.91
17.98 20.91
17.98 20.91
18.17 20.91
18.17 20.91
18.17 20.91
18.53 20.91
18.53 20.91
18.53 20.91
18.71 20.91
18.71 20.91
18.71 20.91
19.44 20.91
19.44 20.91
19.44 20.91
16.34 21.09
16.34 21.09
16.34 21.09
16.71 21.09
16.71 21.09
16.71 21.09
16.89 21.09
16.89 21.09
16.89 21.09
17.98 21.09
17.98 21.09
17.98 21.09
18.17 21.09
18.17 21.09
18.17 21.09
19.08 21.09
19.08 21.09
19.08 21.09
16.34 21.27
16.34 21.27
16.34 21.27
17.07 21.27
17.07 21.27
17.07 21.27
17.80 21.27
17.80 21.27
17.80 21.27
17.98 21.27
17.98 21.27
17.98 21.27
18.35 21.27
18.35 21.27
18.35 21.27
18.90 21.27
18.90 21.27
18.90 21.27
19.26 21.27
19.26 21.27
19.26 21.27
16.71 21.45
16.71 21.45
16.71 21.45
17.07 21.45
17.07 21.45
17.07 21.45
17.25 21.45
17.25 21.45
17.25 21.45
17.44 21.45
17.44 21.45
17.44 21.45
17.62 21.45
17.62 21.45
17.62 21.45
18.17 21.45
18.17 21.45
18.17 21.45
18.35 21.45
18.35 21.45
18.35 21.45
18.71 21.45
18.71 21.45
18.71 21.45
18.90 21.45
18.90 21.45
18.90 21.45
19.26 21.45
19.26 21.45
19.26 21.45
19.44 21.45
19.44 21.45
19.44 21.45
19.99 21.45
19.99 21.45
19.99 21.45
17.62 21.64
17.62 21.64
17.62 21.64
17.80 21.64
17.80 21.64
17.80 21.64
17.98 21.64
17.98 21.64
17.98 21.64
18.35 21.64
18.35 21.64
18.35 21.64
18.71 21.64
18.71 21.64
18.71 21.64
18.90 21.64
18.90 21.64
18.90 21.64
19.44 21.64
19.44 21.64
19.44 21.64
19.63 21.64
19.63 21.64
19.63 21.64
19.99 21.64
19.99 21.64
19.99 21.64
17.25 21.82
17.25 21.82
17.25 21.82
17.98 21.82
17.98 21.82
17.98 21.82
18.17 21.82
18.17 21.82
18.17 21.82
18.35 21.82
18.35 21.82
18.35 21.82
18.53 21.82
18.53 21.82
18.53 21.82
19.08 21.82
19.08 21.82
19.08 21.82
19.63 21.82
19.63 21.82
19.63 21.82
19.81 21.82
19.81 21.82
19.81 21.82
17.44 22.00
17.44 22.00
17.44 22.00
17.62 22.00
17.62 22.00
17.62 22.00
18.53 22.00
18.53 22.00
18.53 22.00
19.08 22.00
19.08 22.00
19.08 22.00
19.26 22.00
19.26 22.00
19.26 22.00
19.99 22.00
19.99 22.00
19.99 22.00
17.07 22.18
17.07 22.18
17.07 22.18
17.44 22.18
17.44 22.18
17.44 22.18
17.62 22.18
17.62 22.18
17.62 22.18
17.80 22.18
17.80 22.18
17.80 22.18
17.98 22.18
17.98 22.18
17.98 22.18
18.17 22.18
18.17 22.18
18.17 22.18
18.53 22.18
18.53 22.18
18.53 22.18
18.71 22.18
18.71 22.18
18.71 22.18
19.26 22.18
19.26 22.18
19.26 22.18
19.44 22.18
19.44 22.18
19.44 22.18
19.63 22.18
19.63 22.18
19.63 22.18
17.25 22.37
17.25 22.37
17.25 22.37
17.62 22.37
17.62 22.37
17.62 22.37
18.53 22.37
18.53 22.37
18.53 22.37
18.71 22.37
18.71 22.37
18.71 22.37
18.90 22.37
18.90 22.37
18.90 22.37
19.81 22.37
19.81 22.37
19.81 22.37
17.98 22.55
17.98 22.55
17.98 22.55
18.35 22.55
18.35 22.55
18.35 22.55
18.90 22.55
18.90 22.55
18.90 22.55
19.08 22.55
19.08 22.55
19.08 22.55
19.26 22.55
19.26 22.55
19.26 22.55
19.44 22.55
19.44 22.55
19.44 22.55
18.35 22.73
18.35 22.73
18.35 22.73
18.53 22.73
18.53 22.73
18.53 22.73
18.71 22.73
18.71 22.73
18.71 22.73
18.90 22.73
18.90 22.73
18.90 22.73
19.08 22.73
19.08 22.73
19.08 22.73
19.99 22.73
19.99 22.73
19.99 22.73
17.62 22.91
17.62 22.91
17.62 22.91
17.80 22.91
17.80 22.91
17.80 22.91
17.98 22.91
17.98 22.91
17.98 22.91
18.17 22.91
18.17 22.91
18.17 22.91
19.44 22.91
19.44 22.91
19.44 22.91
19.63 22.91
19.63 22.91
19.63 22.91
19.99 22.91
19.99 22.91
19.99 22.91
17.62 23.10
17.62 23.10
17.62 23.10
19.44 23.10
19.44 23.10
19.44 23.10
19.63 23.10
19.63 23.10
19.63 23.10
17.98 23.28
17.98 23.28
17.98 23.28
18.17 23.28
18.17 23.28
18.17 23.28
18.71 23.28
18.71 23.28
18.71 23.28
18.90 23.28
18.90 23.28
18.90 23.28
19.08 23.28
19.08 23.28
19.08 23.28
19.26 23.28
19.26 23.28
19.26 23.28
19.44 23.28
19.44 23.28
19.44 23.28
19.63 23.28
19.63 23.28
19.63 23.28
19.81 23.28
19.81 23.28
19.81 23.28
19.99 23.28
19.99 23.28
19.99 23.28
17.62 23.46
17.62 23.46
17.62 23.46
17.80 23.46
17.80 23.46
17.80 23.46
17.98 23.46
17.98 23.46
17.98 23.46
18.17 23.46
18.17 23.46
18.17 23.46
20.36 23.46
20.36 23.46
20.36 23.46
20.72 23.46
20.72 23.46
20.72 23.46
19.63 23.64
19.63 23.64
19.63 23.64
20.36 23.64
20.36 23.64
20.36 23.64
17.98 23.83
17.98 23.83
17.98 23.83
18.17 23.83
18.17 23.83
18.17 23.83
18.35 23.83
18.35 23.83
18.35 23.83
19.44 23.83
19.44 23.83
19.44 23.83
19.63 23.83
19.63 23.83
19.63 23.83
19.81 23.83
19.81 23.83
19.81 23.83
20.72 23.83
20.72 23.83
20.72 23.83
18.35 24.01
18.35 24.01
18.35 24.01
18.53 24.01
18.53 24.01
18.53 24.01
18.71 24.01
18.71 24.01
18.71 24.01
18.90 24.01
18.90 24.01
18.90 24.01
19.08 24.01
19.08 24.01
19.08 24.01
19.26 24.01
19.26 24.01
19.26 24.01
19.44 24.01
19.44 24.01
19.44 24.01
19.63 24.01
19.63 24.01
19.63 24.01
20.17 24.01
20.17 24.01
20.17 24.01
20.54 24.01
20.54 24.01
20.54 24.01
17.62 24.19
17.62 24.19
17.62 24.19
17.80 24.19
17.80 24.19
17.80 24.19
17.98 24.19
17.98 24.19
17.98 24.19
18.17 24.19
18.17 24.19
18.17 24.19
18.53 24.19
18.53 24.19
18.53 24.19
18.71 24.19
18.71 24.19
18.71 24.19
18.90 24.19
18.90 24.19
18.90 24.19
19.08 24.19
19.08 24.19
19.08 24.19
19.26 24.19
19.26 24.19
19.26 24.19
19.44 24.19
19.44 24.19
19.44 24.19
19.63 24.19
19.63 24.19
19.63 24.19
19.81 24.19
19.81 24.19
19.81 24.19
20.36 24.19
20.36 24.19
20.36 24.19
20.54 24.19
20.54 24.19
20.54 24.19
20.72 24.19
20.72 24.19
20.72 24.19
17.62 24.37
17.62 24.37
17.62 24.37
17.98 24.37
17.98 24.37
17.98 24.37
18.35 24.37
18.35 24.37
18.35 24.37
18.53 24.37
18.53 24.37
18.53 24.37
18.71 24.37
18.71 24.37
18.71 24.37
18.90 24.37
18.90 24.37
18.90 24.37
19.08 24.37
19.08 24.37
19.08 24.37
19.26 24.37
19.26 24.37
19.26 24.37
19.44 24.37
19.44 24.37
19.44 24.37
19.63 24.37
19.63 24.37
19.63 24.37
19.81 24.37
19.81 24.37
19.81 24.37
20.36 24.37
20.36 24.37
20.36 24.37
20.54 24.37
20.54 24.37
20.54 24.37
20.72 24.37
20.72 24.37
20.72 24.37
17.98 24.56
17.98 24.56
17.98 24.56
18.17 24.56
18.17 24.56
18.17 24.56
18.35 24.56
18.35 24.56
18.35 24.56
18.53 24.56
18.53 24.56
18.53 24.56
18.71 24.56
18.71 24.56
18.71 24.56
18.90 24.56
18.90 24.56
18.90 24.56
19.08 24.56
19.08 24.56
19.08 24.56
19.26 24.56
19.26 24.56
19.26 24.56
19.44 24.56
19.44 24.56
19.44 24.56
19.81 24.56
19.81 24.56
19.81 24.56
19.99 24.56
19.99 24.56
19.99 24.56
20.17 24.56
20.17 24.56
20.17 24.56
17.62 24.74
17.62 24.74
17.62 24.74
17.98 24.74
17.98 24.74
17.98 24.74
18.17 24.74
18.17 24.74
18.17 24.74
18.35 24.74
18.35 24.74
18.35 24.74
18.53 24.74
18.53 24.74
18.53 24.74
18.71 24.74
18.71 24.74
18.71 24.74
18.90 24.74
18.90 24.74
18.90 24.74
19.08 24.74
19.08 24.74
19.08 24.74
19.26 24.74
19.26 24.74
19.26 24.74
19.44 24.74
19.44 24.74
19.44 24.74
19.63 24.74
19.63 24.74
19.63 24.74
19.81 24.74
19.81 24.74
19.81 24.74
19.99 24.74
19.99 24.74
19.99 24.74
20.17 24.74
20.17 24.74
20.17 24.74
20.36 24.74
20.36 24.74
20.36 24.74
20.72 24.74
20.72 24.74
20.72 24.74
17.62 24.92
17.62 24.92
17.62 24.92
17.80 24.92
17.80 24.92
17.80 24.92
18.17 24.92
18.17 24.92
18.17 24.92
18.71 24.92
18.71 24.92
18.71 24.92
18.90 24.92
18.90 24.92
18.90 24.92
19.08 24.92
19.08 24.92
19.08 24.92
19.26 24.92
19.26 24.92
19.26 24.92
19.44 24.92
19.44 24.92
19.44 24.92
19.63 24.92
19.63 24.92
19.63 24.92
19.81 24.92
19.81 24.92
19.81 24.92
20.36 24.92
20.36 24.92
20.36 24.92
20.54 24.92
20.54 24.92
20.54 24.92
20.72 24.92
20.72 24.92
20.72 24.92
18.90 25.10
18.90 25.10
18.90 25.10
19.08 25.10
19.08 25.10
19.08 25.10
19.26 25.10
19.26 25.10
19.26 25.10
19.44 25.10
19.44 25.10
19.44 25.10
19.63 25.10
19.63 25.10
19.63 25.10
19.81 25.10
19.81 25.10
19.81 25.10
19.99 25.10
19.99 25.10
19.99 25.10
20.17 25.10
20.17 25.10
20.17 25.10
18.35 25.29
18.35 25.29
18.35 25.29
18.53 25.29
18.53 25.29
18.53 25.29
18.71 25.29
18.71 25.29
18.71 25.29
18.90 25.29
18.90 25.29
18.90 25.29
19.08 25.29
19.08 25.29
19.08 25.29
19.26 25.29
19.26 25.29
19.26 25.29
19.99 25.29
19.99 25.29
19.99 25.29
20.17 25.29
20.17 25.29
20.17 25.29
20.36 25.29
20.36 25.29
20.36 25.29
18.35 25.47
18.35 25.47
18.35 25.47
18.53 25.47
18.53 25.47
18.53 25.47
18.71 25.47
18.71 25.47
18.71 25.47
18.90 25.47
18.90 25.47
18.90 25.47
19.08 25.47
19.08 25.47
19.08 25.47
19.81 25.47
19.81 25.47
19.81 25.47
20.36 25.47
20.36 25.47
20.36 25.47
20.54 25.47
20.54 25.47
20.54 25.47
18.35 25.65
18.35 25.65
18.35 25.65
18.90 25.65
18.90 25.65
18.90 25.65
19.26 25.65
19.26 25.65
19.26 25.65
19.44 25.65
19.44 25.65
19.44 25.65
19.63 25.65
19.63 25.65
19.63 25.65
19.81 25.65
19.81 25.65
19.81 25.65
19.99 25.65
19.99 25.65
19.99 25.65
18.53 25.83
18.53 25.83
18.53 25.83
18.71 25.83
18.71 25.83
18.71 25.83
19.44 25.83
19.44 25.83
19.44 25.83
19.99 25.83
19.99 25.83
19.99 25.83
18.71 26.02
18.71 26.02
18.71 26.02
19.08 26.02
19.08 26.02
19.08 26.02
19.63 26.02
19.63 26.02
19.63 26.02
19.99 26.02
19.99 26.02
19.99 26.02
18.71 26.20
18.71 26.20
18.71 26.20
19.08 26.20
19.08 26.20
19.08 26.20
18.90 26.38
18.90 26.38
18.90 26.38
18.71 26.56
18.71 26.56
18.71 26.56
