6.48 -51.76
6.48 -51.76
6.48 -51.76
6.66 -51.76
6.66 -51.76
6.66 -51.76
6.12 -51.58
6.12 -51.58
6.12 -51.58
6.30 -51.58
6.30 -51.58
6.30 -51.58
6.66 -51.58
6.66 -51.58
6.66 -51.58
7.03 -51.58
7.03 -51.58
7.03 -51.58
6.30 -51.40
6.30 -51.40
6.30 -51.40
6.48 -51.40
6.48 -51.40
6.48 -51.40
6.66 -51.40
6.66 -51.40
6.66 -51.40
6.85 -51.40
6.85 -51.40
6.85 -51.40
7.03 -51.40
7.03 -51.40
7.03 -51.40
7.39 -51.40
7.39 -51.40
7.39 -51.40
6.66 -51.21
6.66 -51.21
6.66 -51.21
6.85 -51.21
6.85 -51.21
6.85 -51.21
6.48 -51.03
6.48 -51.03
6.48 -51.03
6.66 -51.03
6.66 -51.03
6.66 -51.03
7.21 -51.03
7.21 -51.03
7.21 -51.03
6.12 -50.85
6.12 -50.85
6.12 -50.85
7.03 -50.85
7.03 -50.85
7.03 -50.85
6.85 -50.66
6.85 -50.66
6.85 -50.66
7.21 -50.48
7.21 -50.48
7.21 -50.48
7.39 -50.48
7.39 -50.48
7.39 -50.48
7.03 -50.30
7.03 -50.30
7.03 -50.30
7.21 -50.30
7.21 -50.30
7.21 -50.30
7.21 -50.12
7.21 -50.12
7.21 -50.12
7.39 -50.12
7.39 -50.12
7.39 -50.12
6.85 -49.93
6.85 -49.93
6.85 -49.93
7.39 -49.75
7.39 -49.75
7.39 -49.75
11.41 -45.19
11.41 -45.19
11.41 -45.19
11.59 -45.19
11.59 -45.19
11.59 -45.19
11.41 -45.01
11.41 -45.01
11.41 -45.01
12.87 -38.43
12.87 -38.43
12.87 -38.43
13.05 -38.43
13.05 -38.43
13.05 -38.43
13.05 -38.25
13.05 -38.25
13.05 -38.25
13.24 -38.25
13.24 -38.25
13.24 -38.25
13.42 -38.25
13.42 -38.25
13.42 -38.25
11.96 -38.07
11.96 -38.07
11.96 -38.07
12.69 -38.07
12.69 -38.07
12.69 -38.07
13.60 -38.07
13.60 -38.07
13.60 -38.07
12.14 -37.88
12.14 -37.88
12.14 -37.88
12.14 -37.70
12.14 -37.70
12.14 -37.70
12.32 -37.70
12.32 -37.70
12.32 -37.70
12.51 -37.70
12.51 -37.70
12.51 -37.70
11.96 -37.52
11.96 -37.52
11.96 -37.52
11.96 -37.34
11.96 -37.34
11.96 -37.34
12.32 -37.34
12.32 -37.34
12.32 -37.34
12.51 -37.34
12.51 -37.34
12.51 -37.34
12.14 -37.15
12.14 -37.15
12.14 -37.15
12.32 -36.79
12.32 -36.79
12.32 -36.79
12.51 -36.79
12.51 -36.79
12.51 -36.79
-4.66 -2.46
-4.66 -2.46
-4.66 -2.46
-4.47 -2.46
-4.47 -2.46
-4.47 -2.46
-4.29 -2.46
-4.29 -2.46
-4.29 -2.46
-4.11 -2.46
-4.11 -2.46
-4.11 -2.46
-3.93 -2.46
-3.93 -2.46
-3.93 -2.46
-4.47 -2.28
-4.47 -2.28
-4.47 -2.28
-3.93 -2.28
-3.93 -2.28
-3.93 -2.28
-3.74 -2.28
-3.74 -2.28
-3.74 -2.28
-3.74 -2.10
-3.74 -2.10
-3.74 -2.10
-4.29 -1.92
-4.29 -1.92
-4.29 -1.92
-4.11 -1.92
-4.11 -1.92
-4.11 -1.92
-3.56 -1.92
-3.56 -1.92
-3.56 -1.92
-3.20 -1.92
-3.20 -1.92
-3.20 -1.92
-3.01 -1.92
-3.01 -1.92
-3.01 -1.92
-3.20 -1.73
-3.20 -1.73
-3.20 -1.73
-2.10 -1.19
-2.10 -1.19
-2.10 -1.19
-1.73 -1.19
-1.73 -1.19
-1.73 -1.19
-1.55 -1.19
-1.55 -1.19
-1.55 -1.19
1.19 -1.19
1.19 -1.19
1.19 -1.19
-1.73 -1.00
-1.73 -1.00
-1.73 -1.00
-1.55 -1.00
-1.55 -1.00
-1.55 -1.00
0.64 -1.00
0.64 -1.00
0.64 -1.00
0.82 -1.00
0.82 -1.00
0.82 -1.00
1.19 -1.00
1.19 -1.00
1.19 -1.00
-1.19 -0.82
-1.19 -0.82
-1.19 -0.82
1.37 -0.82
1.37 -0.82
1.37 -0.82
1.73 -0.82
1.73 -0.82
1.73 -0.82
-1.37 -0.64
-1.37 -0.64
-1.37 -0.64
-1.00 -0.64
-1.00 -0.64
-1.00 -0.64
-1.55 -0.46
-1.55 -0.46
-1.55 -0.46
1.37 -0.46
1.37 -0.46
1.37 -0.46
1.73 -0.46
1.73 -0.46
1.73 -0.46
-0.64 -0.27
-0.64 -0.27
-0.64 -0.27
1.37 -0.27
1.37 -0.27
1.37 -0.27
-0.82 -0.09
-0.82 -0.09
-0.82 -0.09
1.19 -0.09
1.19 -0.09
1.19 -0.09
1.73 -0.09
1.73 -0.09
1.73 -0.09
1.92 0.09
1.92 0.09
1.92 0.09
2.10 0.09
2.10 0.09
2.10 0.09
2.28 0.09
2.28 0.09
2.28 0.09
2.46 0.09
2.46 0.09
2.46 0.09
-0.09 0.27
-0.09 0.27
-0.09 0.27
0.46 0.27
0.46 0.27
0.46 0.27
2.10 0.27
2.10 0.27
2.10 0.27
2.28 0.27
2.28 0.27
2.28 0.27
0.09 0.46
0.09 0.46
0.09 0.46
0.27 0.46
0.27 0.46
0.27 0.46
1.92 0.46
1.92 0.46
1.92 0.46
2.10 0.46
2.10 0.46
2.10 0.46
2.28 0.46
2.28 0.46
2.28 0.46
2.46 0.46
2.46 0.46
2.46 0.46
0.09 0.64
0.09 0.64
0.09 0.64
0.46 0.64
0.46 0.64
0.46 0.64
1.55 0.64
1.55 0.64
1.55 0.64
1.73 0.64
1.73 0.64
1.73 0.64
2.10 0.64
2.10 0.64
2.10 0.64
2.28 0.64
2.28 0.64
2.28 0.64
2.46 0.64
2.46 0.64
2.46 0.64
2.83 0.64
2.83 0.64
2.83 0.64
0.82 0.82
0.82 0.82
0.82 0.82
1.00 0.82
1.00 0.82
1.00 0.82
1.73 0.82
1.73 0.82
1.73 0.82
2.10 0.82
2.10 0.82
2.10 0.82
0.64 1.00
0.64 1.00
0.64 1.00
1.00 1.00
1.00 1.00
1.00 1.00
1.73 1.00
1.73 1.00
1.73 1.00
3.56 1.00
3.56 1.00
3.56 1.00
3.74 1.00
3.74 1.00
3.74 1.00
0.64 1.19
0.64 1.19
0.64 1.19
0.82 1.19
0.82 1.19
0.82 1.19
1.00 1.19
1.00 1.19
1.00 1.19
1.19 1.19
1.19 1.19
1.19 1.19
1.37 1.19
1.37 1.19
1.37 1.19
3.56 1.19
3.56 1.19
3.56 1.19
0.82 1.37
0.82 1.37
0.82 1.37
1.37 1.37
1.37 1.37
1.37 1.37
1.55 1.37
1.55 1.37
1.55 1.37
3.56 1.37
3.56 1.37
3.56 1.37
3.74 1.37
3.74 1.37
3.74 1.37
0.64 1.55
0.64 1.55
0.64 1.55
0.82 1.55
0.82 1.55
0.82 1.55
3.38 1.55
3.38 1.55
3.38 1.55
3.56 1.55
3.56 1.55
3.56 1.55
3.74 1.55
3.74 1.55
3.74 1.55
1.73 1.73
1.73 1.73
1.73 1.73
2.65 1.73
2.65 1.73
2.65 1.73
2.83 1.73
2.83 1.73
2.83 1.73
3.38 1.73
3.38 1.73
3.38 1.73
1.19 1.92
1.19 1.92
1.19 1.92
1.37 1.92
1.37 1.92
1.37 1.92
3.01 1.92
3.01 1.92
3.01 1.92
3.20 1.92
3.20 1.92
3.20 1.92
3.38 1.92
3.38 1.92
3.38 1.92
3.74 1.92
3.74 1.92
3.74 1.92
4.29 1.92
4.29 1.92
4.29 1.92
1.55 2.10
1.55 2.10
1.55 2.10
1.92 2.10
1.92 2.10
1.92 2.10
3.20 2.10
3.20 2.10
3.20 2.10
3.38 2.10
3.38 2.10
3.38 2.10
3.56 2.10
3.56 2.10
3.56 2.10
3.93 2.10
3.93 2.10
3.93 2.10
4.11 2.10
4.11 2.10
4.11 2.10
4.47 2.10
4.47 2.10
4.47 2.10
2.65 2.28
2.65 2.28
2.65 2.28
2.83 2.28
2.83 2.28
2.83 2.28
3.01 2.28
3.01 2.28
3.01 2.28
3.38 2.28
3.38 2.28
3.38 2.28
3.56 2.28
3.56 2.28
3.56 2.28
3.74 2.28
3.74 2.28
3.74 2.28
4.29 2.28
4.29 2.28
4.29 2.28
3.38 2.46
3.38 2.46
3.38 2.46
3.74 2.46
3.74 2.46
3.74 2.46
3.93 2.46
3.93 2.46
3.93 2.46
4.11 2.46
4.11 2.46
4.11 2.46
4.29 2.46
4.29 2.46
4.29 2.46
4.47 2.46
4.47 2.46
4.47 2.46
4.66 2.46
4.66 2.46
4.66 2.46
5.02 2.46
5.02 2.46
5.02 2.46
5.20 2.46
5.20 2.46
5.20 2.46
2.10 2.65
2.10 2.65
2.10 2.65
2.65 2.65
2.65 2.65
2.65 2.65
4.84 2.65
4.84 2.65
4.84 2.65
5.02 2.65
5.02 2.65
5.02 2.65
1.92 2.83
1.92 2.83
1.92 2.83
2.28 2.83
2.28 2.83
2.28 2.83
2.65 2.83
2.65 2.83
2.65 2.83
3.01 2.83
3.01 2.83
3.01 2.83
3.56 2.83
3.56 2.83
3.56 2.83
3.74 2.83
3.74 2.83
3.74 2.83
3.93 2.83
3.93 2.83
3.93 2.83
4.11 2.83
4.11 2.83
4.11 2.83
4.29 2.83
4.29 2.83
4.29 2.83
4.47 2.83
4.47 2.83
4.47 2.83
4.66 2.83
4.66 2.83
4.66 2.83
3.20 3.01
3.20 3.01
3.20 3.01
3.56 3.01
3.56 3.01
3.56 3.01
4.47 3.01
4.47 3.01
4.47 3.01
4.66 3.01
4.66 3.01
4.66 3.01
2.65 3.20
2.65 3.20
2.65 3.20
3.20 3.20
3.20 3.20
3.20 3.20
4.11 3.20
4.11 3.20
4.11 3.20
4.29 3.20
4.29 3.20
4.29 3.20
4.47 3.20
4.47 3.20
4.47 3.20
4.66 3.20
4.66 3.20
4.66 3.20
2.65 3.38
2.65 3.38
2.65 3.38
2.83 3.38
2.83 3.38
2.83 3.38
3.01 3.38
3.01 3.38
3.01 3.38
3.74 3.38
3.74 3.38
3.74 3.38
3.93 3.38
3.93 3.38
3.93 3.38
4.66 3.38
4.66 3.38
4.66 3.38
4.84 3.38
4.84 3.38
4.84 3.38
5.02 3.38
5.02 3.38
5.02 3.38
5.20 3.38
5.20 3.38
5.20 3.38
5.39 3.38
5.39 3.38
5.39 3.38
5.75 3.38
5.75 3.38
5.75 3.38
3.01 3.56
3.01 3.56
3.01 3.56
3.56 3.56
3.56 3.56
3.56 3.56
3.93 3.56
3.93 3.56
3.93 3.56
4.11 3.56
4.11 3.56
4.11 3.56
4.29 3.56
4.29 3.56
4.29 3.56
5.20 3.56
5.20 3.56
5.20 3.56
5.57 3.56
5.57 3.56
5.57 3.56
5.93 3.56
5.93 3.56
5.93 3.56
6.30 3.56
6.30 3.56
6.30 3.56
6.48 3.56
6.48 3.56
6.48 3.56
2.83 3.74
2.83 3.74
2.83 3.74
3.01 3.74
3.01 3.74
3.01 3.74
3.20 3.74
3.20 3.74
3.20 3.74
3.38 3.74
3.38 3.74
3.38 3.74
3.56 3.74
3.56 3.74
3.56 3.74
3.74 3.74
3.74 3.74
3.74 3.74
3.93 3.74
3.93 3.74
3.93 3.74
4.29 3.74
4.29 3.74
4.29 3.74
4.84 3.74
4.84 3.74
4.84 3.74
5.20 3.74
5.20 3.74
5.20 3.74
5.39 3.74
5.39 3.74
5.39 3.74
5.57 3.74
5.57 3.74
5.57 3.74
5.75 3.74
5.75 3.74
5.75 3.74
5.93 3.74
5.93 3.74
5.93 3.74
6.12 3.74
6.12 3.74
6.12 3.74
6.30 3.74
6.30 3.74
6.30 3.74
6.48 3.74
6.48 3.74
6.48 3.74
3.93 3.93
3.93 3.93
3.93 3.93
4.11 3.93
4.11 3.93
4.11 3.93
4.29 3.93
4.29 3.93
4.29 3.93
4.66 3.93
4.66 3.93
4.66 3.93
5.02 3.93
5.02 3.93
5.02 3.93
5.20 3.93
5.20 3.93
5.20 3.93
5.39 3.93
5.39 3.93
5.39 3.93
5.57 3.93
5.57 3.93
5.57 3.93
5.75 3.93
5.75 3.93
5.75 3.93
5.93 3.93
5.93 3.93
5.93 3.93
6.12 3.93
6.12 3.93
6.12 3.93
6.30 3.93
6.30 3.93
6.30 3.93
6.48 3.93
6.48 3.93
6.48 3.93
4.11 4.11
4.11 4.11
4.11 4.11
4.47 4.11
4.47 4.11
4.47 4.11
4.66 4.11
4.66 4.11
4.66 4.11
5.39 4.11
5.39 4.11
5.39 4.11
5.57 4.11
5.57 4.11
5.57 4.11
5.75 4.11
5.75 4.11
5.75 4.11
5.93 4.11
5.93 4.11
5.93 4.11
6.12 4.11
6.12 4.11
6.12 4.11
6.30 4.11
6.30 4.11
6.30 4.11
3.56 4.29
3.56 4.29
3.56 4.29
3.74 4.29
3.74 4.29
3.74 4.29
4.66 4.29
4.66 4.29
4.66 4.29
5.20 4.29
5.20 4.29
5.20 4.29
5.39 4.29
5.39 4.29
5.39 4.29
5.57 4.29
5.57 4.29
5.57 4.29
5.75 4.29
5.75 4.29
5.75 4.29
3.38 4.47
3.38 4.47
3.38 4.47
3.74 4.47
3.74 4.47
3.74 4.47
4.29 4.47
4.29 4.47
4.29 4.47
4.66 4.47
4.66 4.47
4.66 4.47
4.84 4.47
4.84 4.47
4.84 4.47
5.20 4.47
5.20 4.47
5.20 4.47
5.39 4.47
5.39 4.47
5.39 4.47
7.03 4.47
7.03 4.47
7.03 4.47
7.21 4.47
7.21 4.47
7.21 4.47
3.38 4.66
3.38 4.66
3.38 4.66
3.56 4.66
3.56 4.66
3.56 4.66
4.11 4.66
4.11 4.66
4.11 4.66
4.29 4.66
4.29 4.66
4.29 4.66
4.66 4.66
4.66 4.66
4.66 4.66
4.84 4.66
4.84 4.66
4.84 4.66
6.12 4.66
6.12 4.66
6.12 4.66
6.30 4.66
6.30 4.66
6.30 4.66
6.48 4.66
6.48 4.66
6.48 4.66
6.66 4.66
6.66 4.66
6.66 4.66
3.93 4.84
3.93 4.84
3.93 4.84
4.11 4.84
4.11 4.84
4.11 4.84
4.29 4.84
4.29 4.84
4.29 4.84
4.66 4.84
4.66 4.84
4.66 4.84
5.93 4.84
5.93 4.84
5.93 4.84
6.12 4.84
6.12 4.84
6.12 4.84
6.30 4.84
6.30 4.84
6.30 4.84
6.48 4.84
6.48 4.84
6.48 4.84
6.66 4.84
6.66 4.84
6.66 4.84
6.85 4.84
6.85 4.84
6.85 4.84
7.03 4.84
7.03 4.84
7.03 4.84
3.93 5.02
3.93 5.02
3.93 5.02
4.11 5.02
4.11 5.02
4.11 5.02
4.29 5.02
4.29 5.02
4.29 5.02
4.66 5.02
4.66 5.02
4.66 5.02
5.93 5.02
5.93 5.02
5.93 5.02
6.12 5.02
6.12 5.02
6.12 5.02
6.30 5.02
6.30 5.02
6.30 5.02
6.48 5.02
6.48 5.02
6.48 5.02
6.66 5.02
6.66 5.02
6.66 5.02
7.21 5.02
7.21 5.02
7.21 5.02
3.93 5.20
3.93 5.20
3.93 5.20
6.48 5.20
6.48 5.20
6.48 5.20
7.21 5.20
7.21 5.20
7.21 5.20
7.76 5.20
7.76 5.20
7.76 5.20
4.84 5.39
4.84 5.39
4.84 5.39
5.39 5.39
5.39 5.39
5.39 5.39
5.57 5.39
5.57 5.39
5.57 5.39
5.75 5.39
5.75 5.39
5.75 5.39
6.48 5.39
6.48 5.39
6.48 5.39
6.66 5.39
6.66 5.39
6.66 5.39
7.76 5.39
7.76 5.39
7.76 5.39
4.66 5.57
4.66 5.57
4.66 5.57
4.84 5.57
4.84 5.57
4.84 5.57
5.02 5.57
5.02 5.57
5.02 5.57
6.12 5.57
6.12 5.57
6.12 5.57
6.30 5.57
6.30 5.57
6.30 5.57
6.48 5.57
6.48 5.57
6.48 5.57
6.66 5.57
6.66 5.57
6.66 5.57
6.85 5.57
6.85 5.57
6.85 5.57
7.58 5.57
7.58 5.57
7.58 5.57
7.76 5.57
7.76 5.57
7.76 5.57
4.66 5.75
4.66 5.75
4.66 5.75
4.84 5.75
4.84 5.75
4.84 5.75
6.48 5.75
6.48 5.75
6.48 5.75
6.85 5.75
6.85 5.75
6.85 5.75
7.03 5.75
7.03 5.75
7.03 5.75
7.39 5.75
7.39 5.75
7.39 5.75
7.58 5.75
7.58 5.75
7.58 5.75
7.76 5.75
7.76 5.75
7.76 5.75
4.66 5.93
4.66 5.93
4.66 5.93
5.20 5.93
5.20 5.93
5.20 5.93
5.39 5.93
5.39 5.93
5.39 5.93
7.03 5.93
7.03 5.93
7.03 5.93
7.39 5.93
7.39 5.93
7.39 5.93
7.58 5.93
7.58 5.93
7.58 5.93
4.84 6.12
4.84 6.12
4.84 6.12
5.02 6.12
5.02 6.12
5.02 6.12
6.48 6.12
6.48 6.12
6.48 6.12
6.66 6.12
6.66 6.12
6.66 6.12
7.03 6.12
7.03 6.12
7.03 6.12
7.39 6.12
7.39 6.12
7.39 6.12
7.58 6.12
7.58 6.12
7.58 6.12
4.84 6.30
4.84 6.30
4.84 6.30
6.30 6.30
6.30 6.30
6.30 6.30
6.48 6.30
6.48 6.30
6.48 6.30
6.66 6.30
6.66 6.30
6.66 6.30
6.85 6.30
6.85 6.30
6.85 6.30
7.03 6.30
7.03 6.30
7.03 6.30
7.39 6.30
7.39 6.30
7.39 6.30
8.49 6.30
8.49 6.30
8.49 6.30
4.84 6.48
4.84 6.48
4.84 6.48
6.66 6.48
6.66 6.48
6.66 6.48
7.03 6.48
7.03 6.48
7.03 6.48
7.39 6.48
7.39 6.48
7.39 6.48
8.49 6.48
8.49 6.48
8.49 6.48
4.66 6.66
4.66 6.66
4.66 6.66
4.84 6.66
4.84 6.66
4.84 6.66
5.02 6.66
5.02 6.66
5.02 6.66
5.20 6.66
5.20 6.66
5.20 6.66
5.75 6.66
5.75 6.66
5.75 6.66
6.30 6.66
6.30 6.66
6.30 6.66
6.66 6.66
6.66 6.66
6.66 6.66
6.85 6.66
6.85 6.66
6.85 6.66
7.03 6.66
7.03 6.66
7.03 6.66
7.21 6.66
7.21 6.66
7.21 6.66
4.66 6.85
4.66 6.85
4.66 6.85
4.84 6.85
4.84 6.85
4.84 6.85
5.02 6.85
5.02 6.85
5.02 6.85
5.39 6.85
5.39 6.85
5.39 6.85
6.30 6.85
6.30 6.85
6.30 6.85
8.12 6.85
8.12 6.85
8.12 6.85
8.31 6.85
8.31 6.85
8.31 6.85
5.39 7.03
5.39 7.03
5.39 7.03
5.93 7.03
5.93 7.03
5.93 7.03
6.12 7.03
6.12 7.03
6.12 7.03
6.30 7.03
6.30 7.03
6.30 7.03
8.49 7.03
8.49 7.03
8.49 7.03
5.93 7.21
5.93 7.21
5.93 7.21
6.30 7.21
6.30 7.21
6.30 7.21
6.48 7.21
6.48 7.21
6.48 7.21
6.66 7.21
6.66 7.21
6.66 7.21
6.85 7.21
6.85 7.21
6.85 7.21
8.85 7.21
8.85 7.21
8.85 7.21
9.22 7.21
9.22 7.21
9.22 7.21
6.12 7.39
6.12 7.39
6.12 7.39
6.66 7.39
6.66 7.39
6.66 7.39
6.85 7.39
6.85 7.39
6.85 7.39
7.03 7.39
7.03 7.39
7.03 7.39
7.21 7.39
7.21 7.39
7.21 7.39
7.39 7.39
7.39 7.39
7.39 7.39
8.12 7.39
8.12 7.39
8.12 7.39
8.31 7.39
8.31 7.39
8.31 7.39
8.49 7.39
8.49 7.39
8.49 7.39
8.67 7.39
8.67 7.39
8.67 7.39
8.85 7.39
8.85 7.39
8.85 7.39
5.93 7.58
5.93 7.58
5.93 7.58
6.12 7.58
6.12 7.58
6.12 7.58
6.30 7.58
6.30 7.58
6.30 7.58
6.48 7.58
6.48 7.58
6.48 7.58
6.85 7.58
6.85 7.58
6.85 7.58
7.03 7.58
7.03 7.58
7.03 7.58
7.21 7.58
7.21 7.58
7.21 7.58
7.39 7.58
7.39 7.58
7.39 7.58
7.58 7.58
7.58 7.58
7.58 7.58
8.67 7.58
8.67 7.58
8.67 7.58
9.22 7.58
9.22 7.58
9.22 7.58
5.93 7.76
5.93 7.76
5.93 7.76
6.66 7.76
6.66 7.76
6.66 7.76
6.85 7.76
6.85 7.76
6.85 7.76
7.03 7.76
7.03 7.76
7.03 7.76
7.21 7.76
7.21 7.76
7.21 7.76
7.39 7.76
7.39 7.76
7.39 7.76
9.40 7.76
9.40 7.76
9.40 7.76
9.77 7.76
9.77 7.76
9.77 7.76
5.93 7.94
5.93 7.94
5.93 7.94
6.12 7.94
6.12 7.94
6.12 7.94
6.30 7.94
6.30 7.94
6.30 7.94
6.48 7.94
6.48 7.94
6.48 7.94
6.66 7.94
6.66 7.94
6.66 7.94
6.85 7.94
6.85 7.94
6.85 7.94
7.03 7.94
7.03 7.94
7.03 7.94
8.49 7.94
8.49 7.94
8.49 7.94
8.85 7.94
8.85 7.94
8.85 7.94
9.04 7.94
9.04 7.94
9.04 7.94
9.77 7.94
9.77 7.94
9.77 7.94
10.13 7.94
10.13 7.94
10.13 7.94
6.85 8.12
6.85 8.12
6.85 8.12
7.21 8.12
7.21 8.12
7.21 8.12
7.39 8.12
7.39 8.12
7.39 8.12
7.58 8.12
7.58 8.12
7.58 8.12
7.94 8.12
7.94 8.12
7.94 8.12
8.12 8.12
8.12 8.12
8.12 8.12
8.31 8.12
8.31 8.12
8.31 8.12
8.49 8.12
8.49 8.12
8.49 8.12
8.67 8.12
8.67 8.12
8.67 8.12
9.95 8.12
9.95 8.12
9.95 8.12
11.05 8.12
11.05 8.12
11.05 8.12
6.85 8.31
6.85 8.31
6.85 8.31
7.39 8.31
7.39 8.31
7.39 8.31
7.58 8.31
7.58 8.31
7.58 8.31
8.49 8.31
8.49 8.31
8.49 8.31
8.67 8.31
8.67 8.31
8.67 8.31
8.85 8.31
8.85 8.31
8.85 8.31
9.04 8.31
9.04 8.31
9.04 8.31
9.95 8.31
9.95 8.31
9.95 8.31
6.85 8.49
6.85 8.49
6.85 8.49
7.03 8.49
7.03 8.49
7.03 8.49
7.21 8.49
7.21 8.49
7.21 8.49
7.76 8.49
7.76 8.49
7.76 8.49
7.94 8.49
7.94 8.49
7.94 8.49
8.67 8.49
8.67 8.49
8.67 8.49
8.85 8.49
8.85 8.49
8.85 8.49
9.04 8.49
9.04 8.49
9.04 8.49
9.77 8.49
9.77 8.49
9.77 8.49
9.95 8.49
9.95 8.49
9.95 8.49
7.39 8.67
7.39 8.67
7.39 8.67
7.58 8.67
7.58 8.67
7.58 8.67
7.76 8.67
7.76 8.67
7.76 8.67
8.12 8.67
8.12 8.67
8.12 8.67
8.31 8.67
8.31 8.67
8.31 8.67
9.59 8.67
9.59 8.67
9.59 8.67
9.77 8.67
9.77 8.67
9.77 8.67
9.95 8.67
9.95 8.67
9.95 8.67
10.13 8.67
10.13 8.67
10.13 8.67
10.86 8.67
10.86 8.67
10.86 8.67
11.05 8.67
11.05 8.67
11.05 8.67
7.39 8.85
7.39 8.85
7.39 8.85
7.94 8.85
7.94 8.85
7.94 8.85
8.12 8.85
8.12 8.85
8.12 8.85
8.31 8.85
8.31 8.85
8.31 8.85
9.40 8.85
9.40 8.85
9.40 8.85
9.95 8.85
9.95 8.85
9.95 8.85
10.68 8.85
10.68 8.85
10.68 8.85
10.86 8.85
10.86 8.85
10.86 8.85
7.58 9.04
7.58 9.04
7.58 9.04
7.76 9.04
7.76 9.04
7.76 9.04
8.12 9.04
8.12 9.04
8.12 9.04
9.04 9.04
9.04 9.04
9.04 9.04
9.22 9.04
9.22 9.04
9.22 9.04
9.40 9.04
9.40 9.04
9.40 9.04
10.68 9.04
10.68 9.04
10.68 9.04
10.86 9.04
10.86 9.04
10.86 9.04
11.05 9.04
11.05 9.04
11.05 9.04
7.94 9.22
7.94 9.22
7.94 9.22
8.67 9.22
8.67 9.22
8.67 9.22
8.85 9.22
8.85 9.22
8.85 9.22
9.04 9.22
9.04 9.22
9.04 9.22
9.22 9.22
9.22 9.22
9.22 9.22
9.40 9.22
9.40 9.22
9.40 9.22
10.50 9.22
10.50 9.22
10.50 9.22
10.68 9.22
10.68 9.22
10.68 9.22
10.86 9.22
10.86 9.22
10.86 9.22
11.05 9.22
11.05 9.22
11.05 9.22
7.39 9.40
7.39 9.40
7.39 9.40
7.94 9.40
7.94 9.40
7.94 9.40
8.49 9.40
8.49 9.40
8.49 9.40
8.67 9.40
8.67 9.40
8.67 9.40
8.85 9.40
8.85 9.40
8.85 9.40
9.04 9.40
9.04 9.40
9.04 9.40
9.22 9.40
9.22 9.40
9.22 9.40
9.59 9.40
9.59 9.40
9.59 9.40
9.77 9.40
9.77 9.40
9.77 9.40
9.95 9.40
9.95 9.40
9.95 9.40
10.13 9.40
10.13 9.40
10.13 9.40
10.32 9.40
10.32 9.40
10.32 9.40
10.50 9.40
10.50 9.40
10.50 9.40
10.68 9.40
10.68 9.40
10.68 9.40
10.86 9.40
10.86 9.40
10.86 9.40
11.05 9.40
11.05 9.40
11.05 9.40
8.12 9.59
8.12 9.59
8.12 9.59
8.31 9.59
8.31 9.59
8.31 9.59
9.59 9.59
9.59 9.59
9.59 9.59
9.77 9.59
9.77 9.59
9.77 9.59
9.95 9.59
9.95 9.59
9.95 9.59
10.13 9.59
10.13 9.59
10.13 9.59
11.05 9.59
11.05 9.59
11.05 9.59
7.58 9.77
7.58 9.77
7.58 9.77
7.76 9.77
7.76 9.77
7.76 9.77
8.49 9.77
8.49 9.77
8.49 9.77
8.67 9.77
8.67 9.77
8.67 9.77
8.85 9.77
8.85 9.77
8.85 9.77
10.32 9.77
10.32 9.77
10.32 9.77
10.50 9.77
10.50 9.77
10.50 9.77
10.68 9.77
10.68 9.77
10.68 9.77
10.86 9.77
10.86 9.77
10.86 9.77
9.40 9.95
9.40 9.95
9.40 9.95
10.13 9.95
10.13 9.95
10.13 9.95
10.32 9.95
10.32 9.95
10.32 9.95
10.50 9.95
10.50 9.95
10.50 9.95
10.68 9.95
10.68 9.95
10.68 9.95
10.86 9.95
10.86 9.95
10.86 9.95
11.05 9.95
11.05 9.95
11.05 9.95
7.39 10.13
7.39 10.13
7.39 10.13
7.58 10.13
7.58 10.13
7.58 10.13
8.12 10.13
8.12 10.13
8.12 10.13
8.31 10.13
8.31 10.13
8.31 10.13
8.49 10.13
8.49 10.13
8.49 10.13
8.67 10.13
8.67 10.13
8.67 10.13
9.22 10.13
9.22 10.13
9.22 10.13
9.40 10.13
9.40 10.13
9.40 10.13
9.59 10.13
9.59 10.13
9.59 10.13
9.77 10.13
9.77 10.13
9.77 10.13
9.95 10.13
9.95 10.13
9.95 10.13
10.13 10.13
10.13 10.13
10.13 10.13
10.32 10.13
10.32 10.13
10.32 10.13
10.50 10.13
10.50 10.13
10.50 10.13
10.68 10.13
10.68 10.13
10.68 10.13
10.86 10.13
10.86 10.13
10.86 10.13
11.05 10.13
11.05 10.13
11.05 10.13
11.78 10.13
11.78 10.13
11.78 10.13
7.94 10.32
7.94 10.32
7.94 10.32
8.67 10.32
8.67 10.32
8.67 10.32
8.85 10.32
8.85 10.32
8.85 10.32
9.04 10.32
9.04 10.32
9.04 10.32
9.22 10.32
9.22 10.32
9.22 10.32
9.59 10.32
9.59 10.32
9.59 10.32
9.77 10.32
9.77 10.32
9.77 10.32
9.95 10.32
9.95 10.32
9.95 10.32
10.13 10.32
10.13 10.32
10.13 10.32
11.41 10.32
11.41 10.32
11.41 10.32
11.59 10.32
11.59 10.32
11.59 10.32
11.78 10.32
11.78 10.32
11.78 10.32
7.58 10.50
7.58 10.50
7.58 10.50
8.12 10.50
8.12 10.50
8.12 10.50
8.31 10.50
8.31 10.50
8.31 10.50
9.04 10.50
9.04 10.50
9.04 10.50
9.22 10.50
9.22 10.50
9.22 10.50
9.40 10.50
9.40 10.50
9.40 10.50
11.05 10.50
11.05 10.50
11.05 10.50
11.23 10.50
11.23 10.50
11.23 10.50
11.41 10.50
11.41 10.50
11.41 10.50
8.31 10.68
8.31 10.68
8.31 10.68
8.49 10.68
8.49 10.68
8.49 10.68
8.67 10.68
8.67 10.68
8.67 10.68
8.85 10.68
8.85 10.68
8.85 10.68
11.59 10.68
11.59 10.68
11.59 10.68
11.78 10.68
11.78 10.68
11.78 10.68
8.85 10.86
8.85 10.86
8.85 10.86
9.04 10.86
9.04 10.86
9.04 10.86
9.59 10.86
9.59 10.86
9.59 10.86
9.77 10.86
9.77 10.86
9.77 10.86
9.95 10.86
9.95 10.86
9.95 10.86
10.13 10.86
10.13 10.86
10.13 10.86
10.32 10.86
10.32 10.86
10.32 10.86
10.50 10.86
10.50 10.86
10.50 10.86
10.68 10.86
10.68 10.86
10.68 10.86
10.86 10.86
10.86 10.86
10.86 10.86
11.23 10.86
11.23 10.86
11.23 10.86
11.78 10.86
11.78 10.86
11.78 10.86
8.85 11.05
8.85 11.05
8.85 11.05
9.04 11.05
9.04 11.05
9.04 11.05
9.22 11.05
9.22 11.05
9.22 11.05
9.40 11.05
9.40 11.05
9.40 11.05
9.77 11.05
9.77 11.05
9.77 11.05
9.95 11.05
9.95 11.05
9.95 11.05
10.13 11.05
10.13 11.05
10.13 11.05
10.68 11.05
10.68 11.05
10.68 11.05
10.86 11.05
10.86 11.05
10.86 11.05
11.05 11.05
11.05 11.05
11.05 11.05
11.59 11.05
11.59 11.05
11.59 11.05
9.59 11.23
9.59 11.23
9.59 11.23
9.77 11.23
9.77 11.23
9.77 11.23
9.95 11.23
9.95 11.23
9.95 11.23
10.32 11.23
10.32 11.23
10.32 11.23
10.50 11.23
10.50 11.23
10.50 11.23
10.68 11.23
10.68 11.23
10.68 11.23
11.23 11.23
11.23 11.23
11.23 11.23
11.41 11.23
11.41 11.23
11.41 11.23
11.59 11.23
11.59 11.23
11.59 11.23
12.32 11.23
12.32 11.23
12.32 11.23
12.51 11.23
12.51 11.23
12.51 11.23
9.04 11.41
9.04 11.41
9.04 11.41
9.95 11.41
9.95 11.41
9.95 11.41
10.13 11.41
10.13 11.41
10.13 11.41
10.32 11.41
10.32 11.41
10.32 11.41
10.86 11.41
10.86 11.41
10.86 11.41
11.05 11.41
11.05 11.41
11.05 11.41
11.23 11.41
11.23 11.41
11.23 11.41
11.41 11.41
11.41 11.41
11.41 11.41
8.67 11.59
8.67 11.59
8.67 11.59
9.04 11.59
9.04 11.59
9.04 11.59
9.22 11.59
9.22 11.59
9.22 11.59
9.40 11.59
9.40 11.59
9.40 11.59
9.59 11.59
9.59 11.59
9.59 11.59
9.77 11.59
9.77 11.59
9.77 11.59
10.32 11.59
10.32 11.59
10.32 11.59
10.50 11.59
10.50 11.59
10.50 11.59
10.86 11.59
10.86 11.59
10.86 11.59
11.05 11.59
11.05 11.59
11.05 11.59
12.14 11.59
12.14 11.59
12.14 11.59
12.32 11.59
12.32 11.59
12.32 11.59
9.95 11.78
9.95 11.78
9.95 11.78
10.32 11.78
10.32 11.78
10.32 11.78
10.50 11.78
10.50 11.78
10.50 11.78
10.68 11.78
10.68 11.78
10.68 11.78
11.23 11.78
11.23 11.78
11.23 11.78
11.41 11.78
11.41 11.78
11.41 11.78
11.59 11.78
11.59 11.78
11.59 11.78
11.78 11.78
11.78 11.78
11.78 11.78
12.51 11.78
12.51 11.78
12.51 11.78
12.87 11.78
12.87 11.78
12.87 11.78
13.05 11.78
13.05 11.78
13.05 11.78
9.22 11.96
9.22 11.96
9.22 11.96
9.59 11.96
9.59 11.96
9.59 11.96
9.77 11.96
9.77 11.96
9.77 11.96
9.95 11.96
9.95 11.96
9.95 11.96
10.13 11.96
10.13 11.96
10.13 11.96
10.32 11.96
10.32 11.96
10.32 11.96
10.86 11.96
10.86 11.96
10.86 11.96
11.05 11.96
11.05 11.96
11.05 11.96
11.23 11.96
11.23 11.96
11.23 11.96
11.96 11.96
11.96 11.96
11.96 11.96
12.14 11.96
12.14 11.96
12.14 11.96
12.51 11.96
12.51 11.96
12.51 11.96
12.69 11.96
12.69 11.96
12.69 11.96
9.40 12.14
9.40 12.14
9.40 12.14
10.86 12.14
10.86 12.14
10.86 12.14
12.32 12.14
12.32 12.14
12.32 12.14
12.69 12.14
12.69 12.14
12.69 12.14
9.95 12.32
9.95 12.32
9.95 12.32
10.13 12.32
10.13 12.32
10.13 12.32
10.50 12.32
10.50 12.32
10.50 12.32
10.68 12.32
10.68 12.32
10.68 12.32
12.87 12.32
12.87 12.32
12.87 12.32
9.95 12.51
9.95 12.51
9.95 12.51
10.13 12.51
10.13 12.51
10.13 12.51
10.50 12.51
10.50 12.51
10.50 12.51
10.68 12.51
10.68 12.51
10.68 12.51
11.05 12.51
11.05 12.51
11.05 12.51
11.23 12.51
11.23 12.51
11.23 12.51
11.41 12.51
11.41 12.51
11.41 12.51
11.59 12.51
11.59 12.51
11.59 12.51
11.78 12.51
11.78 12.51
11.78 12.51
12.51 12.51
12.51 12.51
12.51 12.51
12.87 12.51
12.87 12.51
12.87 12.51
10.13 12.69
10.13 12.69
10.13 12.69
10.32 12.69
10.32 12.69
10.32 12.69
10.86 12.69
10.86 12.69
10.86 12.69
12.87 12.69
12.87 12.69
12.87 12.69
13.05 12.69
13.05 12.69
13.05 12.69
13.78 12.69
13.78 12.69
13.78 12.69
9.95 12.87
9.95 12.87
9.95 12.87
10.13 12.87
10.13 12.87
10.13 12.87
10.32 12.87
10.32 12.87
10.32 12.87
12.14 12.87
12.14 12.87
12.14 12.87
12.32 12.87
12.32 12.87
12.32 12.87
12.51 12.87
12.51 12.87
12.51 12.87
12.69 12.87
12.69 12.87
12.69 12.87
12.87 12.87
12.87 12.87
12.87 12.87
13.42 12.87
13.42 12.87
13.42 12.87
13.60 12.87
13.60 12.87
13.60 12.87
13.78 12.87
13.78 12.87
13.78 12.87
10.68 13.05
10.68 13.05
10.68 13.05
12.32 13.05
12.32 13.05
12.32 13.05
12.69 13.05
12.69 13.05
12.69 13.05
12.87 13.05
12.87 13.05
12.87 13.05
13.42 13.05
13.42 13.05
13.42 13.05
10.86 13.24
10.86 13.24
10.86 13.24
11.05 13.24
11.05 13.24
11.05 13.24
11.23 13.24
11.23 13.24
11.23 13.24
13.05 13.24
13.05 13.24
13.05 13.24
13.24 13.24
13.24 13.24
13.24 13.24
13.42 13.24
13.42 13.24
13.42 13.24
13.60 13.24
13.60 13.24
13.60 13.24
13.78 13.24
13.78 13.24
13.78 13.24
10.68 13.42
10.68 13.42
10.68 13.42
10.86 13.42
10.86 13.42
10.86 13.42
11.05 13.42
11.05 13.42
11.05 13.42
11.23 13.42
11.23 13.42
11.23 13.42
11.41 13.42
11.41 13.42
11.41 13.42
11.59 13.42
11.59 13.42
11.59 13.42
12.51 13.42
12.51 13.42
12.51 13.42
13.97 13.42
13.97 13.42
13.97 13.42
10.68 13.60
10.68 13.60
10.68 13.60
10.86 13.60
10.86 13.60
10.86 13.60
11.41 13.60
11.41 13.60
11.41 13.60
11.59 13.60
11.59 13.60
11.59 13.60
11.78 13.60
11.78 13.60
11.78 13.60
11.96 13.60
11.96 13.60
11.96 13.60
12.14 13.60
12.14 13.60
12.14 13.60
12.51 13.60
12.51 13.60
12.51 13.60
13.60 13.60
13.60 13.60
13.60 13.60
13.78 13.60
13.78 13.60
13.78 13.60
14.15 13.60
14.15 13.60
14.15 13.60
14.33 13.60
14.33 13.60
14.33 13.60
10.86 13.78
10.86 13.78
10.86 13.78
11.78 13.78
11.78 13.78
11.78 13.78
11.96 13.78
11.96 13.78
11.96 13.78
12.14 13.78
12.14 13.78
12.14 13.78
12.32 13.78
12.32 13.78
12.32 13.78
12.69 13.78
12.69 13.78
12.69 13.78
12.87 13.78
12.87 13.78
12.87 13.78
13.05 13.78
13.05 13.78
13.05 13.78
13.24 13.78
13.24 13.78
13.24 13.78
13.42 13.78
13.42 13.78
13.42 13.78
13.60 13.78
13.60 13.78
13.60 13.78
13.78 13.78
13.78 13.78
13.78 13.78
13.97 13.78
13.97 13.78
13.97 13.78
11.23 13.97
11.23 13.97
11.23 13.97
11.59 13.97
11.59 13.97
11.59 13.97
12.32 13.97
12.32 13.97
12.32 13.97
12.51 13.97
12.51 13.97
12.51 13.97
12.87 13.97
12.87 13.97
12.87 13.97
13.05 13.97
13.05 13.97
13.05 13.97
13.24 13.97
13.24 13.97
13.24 13.97
13.97 13.97
13.97 13.97
13.97 13.97
14.88 13.97
14.88 13.97
14.88 13.97
15.06 13.97
15.06 13.97
15.06 13.97
11.41 14.15
11.41 14.15
11.41 14.15
11.59 14.15
11.59 14.15
11.59 14.15
11.78 14.15
11.78 14.15
11.78 14.15
11.96 14.15
11.96 14.15
11.96 14.15
12.14 14.15
12.14 14.15
12.14 14.15
12.51 14.15
12.51 14.15
12.51 14.15
13.42 14.15
13.42 14.15
13.42 14.15
13.60 14.15
13.60 14.15
13.60 14.15
13.97 14.15
13.97 14.15
13.97 14.15
14.15 14.15
14.15 14.15
14.15 14.15
14.70 14.15
14.70 14.15
14.70 14.15
11.41 14.33
11.41 14.33
11.41 14.33
12.32 14.33
12.32 14.33
12.32 14.33
12.87 14.33
12.87 14.33
12.87 14.33
13.05 14.33
13.05 14.33
13.05 14.33
13.60 14.33
13.60 14.33
13.60 14.33
13.78 14.33
13.78 14.33
13.78 14.33
13.97 14.33
13.97 14.33
13.97 14.33
14.33 14.33
14.33 14.33
14.33 14.33
14.51 14.33
14.51 14.33
14.51 14.33
14.70 14.33
14.70 14.33
14.70 14.33
14.88 14.33
14.88 14.33
14.88 14.33
11.96 14.51
11.96 14.51
11.96 14.51
12.14 14.51
12.14 14.51
12.14 14.51
12.69 14.51
12.69 14.51
12.69 14.51
13.60 14.51
13.60 14.51
13.60 14.51
13.97 14.51
13.97 14.51
13.97 14.51
11.96 14.70
11.96 14.70
11.96 14.70
13.05 14.70
13.05 14.70
13.05 14.70
13.24 14.70
13.24 14.70
13.24 14.70
13.60 14.70
13.60 14.70
13.60 14.70
13.78 14.70
13.78 14.70
13.78 14.70
14.15 14.70
14.15 14.70
14.15 14.70
14.88 14.70
14.88 14.70
14.88 14.70
15.06 14.70
15.06 14.70
15.06 14.70
11.96 14.88
11.96 14.88
11.96 14.88
12.14 14.88
12.14 14.88
12.14 14.88
12.32 14.88
12.32 14.88
12.32 14.88
12.51 14.88
12.51 14.88
12.51 14.88
12.69 14.88
12.69 14.88
12.69 14.88
13.60 14.88
13.60 14.88
13.60 14.88
13.97 14.88
13.97 14.88
13.97 14.88
14.51 14.88
14.51 14.88
14.51 14.88
15.06 14.88
15.06 14.88
15.06 14.88
15.25 14.88
15.25 14.88
15.25 14.88
15.61 14.88
15.61 14.88
15.61 14.88
12.14 15.06
12.14 15.06
12.14 15.06
12.69 15.06
12.69 15.06
12.69 15.06
12.87 15.06
12.87 15.06
12.87 15.06
14.70 15.06
14.70 15.06
14.70 15.06
14.88 15.06
14.88 15.06
14.88 15.06
15.06 15.06
15.06 15.06
15.06 15.06
15.43 15.06
15.43 15.06
15.43 15.06
15.61 15.06
15.61 15.06
15.61 15.06
12.14 15.25
12.14 15.25
12.14 15.25
12.51 15.25
12.51 15.25
12.51 15.25
12.69 15.25
12.69 15.25
12.69 15.25
13.05 15.25
13.05 15.25
13.05 15.25
14.51 15.25
14.51 15.25
14.51 15.25
15.25 15.25
15.25 15.25
15.25 15.25
15.61 15.25
15.61 15.25
15.61 15.25
11.96 15.43
11.96 15.43
11.96 15.43
12.32 15.43
12.32 15.43
12.32 15.43
12.51 15.43
12.51 15.43
12.51 15.43
13.05 15.43
13.05 15.43
13.05 15.43
11.96 15.61
11.96 15.61
11.96 15.61
12.32 15.61
12.32 15.61
12.32 15.61
12.69 15.61
12.69 15.61
12.69 15.61
13.42 15.61
13.42 15.61
13.42 15.61
13.60 15.61
13.60 15.61
13.60 15.61
14.15 15.61
14.15 15.61
14.15 15.61
14.33 15.61
14.33 15.61
14.33 15.61
14.88 15.61
14.88 15.61
14.88 15.61
15.06 15.61
15.06 15.61
15.06 15.61
15.61 15.61
15.61 15.61
15.61 15.61
12.51 15.79
12.51 15.79
12.51 15.79
12.87 15.79
12.87 15.79
12.87 15.79
13.42 15.79
13.42 15.79
13.42 15.79
13.60 15.79
13.60 15.79
13.60 15.79
13.78 15.79
13.78 15.79
13.78 15.79
13.97 15.79
13.97 15.79
13.97 15.79
14.15 15.79
14.15 15.79
14.15 15.79
14.33 15.79
14.33 15.79
14.33 15.79
14.51 15.79
14.51 15.79
14.51 15.79
14.70 15.79
14.70 15.79
14.70 15.79
14.88 15.79
14.88 15.79
14.88 15.79
15.61 15.79
15.61 15.79
15.61 15.79
12.87 15.98
12.87 15.98
12.87 15.98
13.05 15.98
13.05 15.98
13.05 15.98
13.78 15.98
13.78 15.98
13.78 15.98
14.33 15.98
14.33 15.98
14.33 15.98
14.51 15.98
14.51 15.98
14.51 15.98
14.70 15.98
14.70 15.98
14.70 15.98
15.25 15.98
15.25 15.98
15.25 15.98
15.79 15.98
15.79 15.98
15.79 15.98
15.98 15.98
15.98 15.98
15.98 15.98
16.16 15.98
16.16 15.98
16.16 15.98
16.34 15.98
16.34 15.98
16.34 15.98
12.51 16.16
12.51 16.16
12.51 16.16
13.24 16.16
13.24 16.16
13.24 16.16
13.42 16.16
13.42 16.16
13.42 16.16
13.97 16.16
13.97 16.16
13.97 16.16
14.15 16.16
14.15 16.16
14.15 16.16
14.33 16.16
14.33 16.16
14.33 16.16
14.70 16.16
14.70 16.16
14.70 16.16
14.88 16.16
14.88 16.16
14.88 16.16
15.25 16.16
15.25 16.16
15.25 16.16
15.43 16.16
15.43 16.16
15.43 16.16
15.61 16.16
15.61 16.16
15.61 16.16
15.79 16.16
15.79 16.16
15.79 16.16
16.89 16.16
16.89 16.16
16.89 16.16
13.60 16.34
13.60 16.34
13.60 16.34
13.78 16.34
13.78 16.34
13.78 16.34
14.15 16.34
14.15 16.34
14.15 16.34
14.70 16.34
14.70 16.34
14.70 16.34
14.88 16.34
14.88 16.34
14.88 16.34
15.61 16.34
15.61 16.34
15.61 16.34
15.79 16.34
15.79 16.34
15.79 16.34
16.16 16.34
16.16 16.34
16.16 16.34
16.52 16.34
16.52 16.34
16.52 16.34
16.71 16.34
16.71 16.34
16.71 16.34
13.24 16.52
13.24 16.52
13.24 16.52
13.42 16.52
13.42 16.52
13.42 16.52
13.97 16.52
13.97 16.52
13.97 16.52
14.15 16.52
14.15 16.52
14.15 16.52
14.33 16.52
14.33 16.52
14.33 16.52
15.25 16.52
15.25 16.52
15.25 16.52
15.98 16.52
15.98 16.52
15.98 16.52
16.16 16.52
16.16 16.52
16.16 16.52
16.34 16.52
16.34 16.52
16.34 16.52
16.52 16.52
16.52 16.52
16.52 16.52
16.71 16.52
16.71 16.52
16.71 16.52
16.89 16.52
16.89 16.52
16.89 16.52
17.62 16.52
17.62 16.52
17.62 16.52
13.42 16.71
13.42 16.71
13.42 16.71
13.60 16.71
13.60 16.71
13.60 16.71
13.78 16.71
13.78 16.71
13.78 16.71
13.97 16.71
13.97 16.71
13.97 16.71
14.15 16.71
14.15 16.71
14.15 16.71
14.51 16.71
14.51 16.71
14.51 16.71
14.70 16.71
14.70 16.71
14.70 16.71
15.61 16.71
15.61 16.71
15.61 16.71
16.52 16.71
16.52 16.71
16.52 16.71
16.71 16.71
16.71 16.71
16.71 16.71
16.89 16.71
16.89 16.71
16.89 16.71
17.25 16.71
17.25 16.71
17.25 16.71
13.97 16.89
13.97 16.89
13.97 16.89
14.51 16.89
14.51 16.89
14.51 16.89
15.79 16.89
15.79 16.89
15.79 16.89
15.98 16.89
15.98 16.89
15.98 16.89
16.16 16.89
16.16 16.89
16.16 16.89
16.34 16.89
16.34 16.89
16.34 16.89
16.52 16.89
16.52 16.89
16.52 16.89
17.62 16.89
17.62 16.89
17.62 16.89
14.15 17.07
14.15 17.07
14.15 17.07
14.33 17.07
14.33 17.07
14.33 17.07
14.51 17.07
14.51 17.07
14.51 17.07
15.06 17.07
15.06 17.07
15.06 17.07
15.43 17.07
15.43 17.07
15.43 17.07
15.61 17.07
15.61 17.07
15.61 17.07
15.79 17.07
15.79 17.07
15.79 17.07
15.98 17.07
15.98 17.07
15.98 17.07
17.25 17.07
17.25 17.07
17.25 17.07
17.44 17.07
17.44 17.07
17.44 17.07
17.62 17.07
17.62 17.07
17.62 17.07
15.06 17.25
15.06 17.25
15.06 17.25
15.43 17.25
15.43 17.25
15.43 17.25
16.89 17.25
16.89 17.25
16.89 17.25
17.07 17.25
17.07 17.25
17.07 17.25
17.62 17.25
17.62 17.25
17.62 17.25
15.25 17.44
15.25 17.44
15.25 17.44
15.43 17.44
15.43 17.44
15.43 17.44
17.07 17.44
17.07 17.44
17.07 17.44
17.25 17.44
17.25 17.44
17.25 17.44
14.51 17.62
14.51 17.62
14.51 17.62
14.70 17.62
14.70 17.62
14.70 17.62
14.88 17.62
14.88 17.62
14.88 17.62
15.06 17.62
15.06 17.62
15.06 17.62
15.43 17.62
15.43 17.62
15.43 17.62
15.61 17.62
15.61 17.62
15.61 17.62
15.79 17.62
15.79 17.62
15.79 17.62
15.98 17.62
15.98 17.62
15.98 17.62
16.16 17.62
16.16 17.62
16.16 17.62
16.34 17.62
16.34 17.62
16.34 17.62
16.52 17.62
16.52 17.62
16.52 17.62
16.71 17.62
16.71 17.62
16.71 17.62
17.44 17.62
17.44 17.62
17.44 17.62
17.62 17.62
17.62 17.62
17.62 17.62
14.70 17.80
14.70 17.80
14.70 17.80
15.61 17.80
15.61 17.80
15.61 17.80
15.79 17.80
15.79 17.80
15.79 17.80
15.98 17.80
15.98 17.80
15.98 17.80
16.16 17.80
16.16 17.80
16.16 17.80
16.34 17.80
16.34 17.80
16.34 17.80
16.89 17.80
16.89 17.80
16.89 17.80
17.07 17.80
17.07 17.80
17.07 17.80
17.25 17.80
17.25 17.80
17.25 17.80
17.44 17.80
17.44 17.80
17.44 17.80
14.51 17.98
14.51 17.98
14.51 17.98
14.70 17.98
14.70 17.98
14.70 17.98
14.88 17.98
14.88 17.98
14.88 17.98
15.06 17.98
15.06 17.98
15.06 17.98
15.25 17.98
15.25 17.98
15.25 17.98
15.79 17.98
15.79 17.98
15.79 17.98
15.98 17.98
15.98 17.98
15.98 17.98
16.16 17.98
16.16 17.98
16.16 17.98
17.62 17.98
17.62 17.98
17.62 17.98
17.98 17.98
17.98 17.98
17.98 17.98
18.17 17.98
18.17 17.98
18.17 17.98
18.35 17.98
18.35 17.98
18.35 17.98
15.43 18.17
15.43 18.17
15.43 18.17
15.61 18.17
15.61 18.17
15.61 18.17
15.79 18.17
15.79 18.17
15.79 18.17
15.98 18.17
15.98 18.17
15.98 18.17
16.16 18.17
16.16 18.17
16.16 18.17
16.34 18.17
16.34 18.17
16.34 18.17
16.52 18.17
16.52 18.17
16.52 18.17
16.71 18.17
16.71 18.17
16.71 18.17
17.07 18.17
17.07 18.17
17.07 18.17
17.25 18.17
17.25 18.17
17.25 18.17
17.80 18.17
17.80 18.17
17.80 18.17
17.98 18.17
17.98 18.17
17.98 18.17
18.35 18.17
18.35 18.17
18.35 18.17
15.43 18.35
15.43 18.35
15.43 18.35
17.07 18.35
17.07 18.35
17.07 18.35
17.25 18.35
17.25 18.35
17.25 18.35
17.44 18.35
17.44 18.35
17.44 18.35
18.17 18.35
18.17 18.35
18.17 18.35
18.35 18.35
18.35 18.35
18.35 18.35
16.89 18.53
16.89 18.53
16.89 18.53
17.07 18.53
17.07 18.53
17.07 18.53
17.25 18.53
17.25 18.53
17.25 18.53
17.44 18.53
17.44 18.53
17.44 18.53
17.62 18.53
17.62 18.53
17.62 18.53
17.80 18.53
17.80 18.53
17.80 18.53
17.98 18.53
17.98 18.53
17.98 18.53
18.17 18.53
18.17 18.53
18.17 18.53
16.52 18.71
16.52 18.71
16.52 18.71
16.71 18.71
16.71 18.71
16.71 18.71
16.89 18.71
16.89 18.71
16.89 18.71
17.07 18.71
17.07 18.71
17.07 18.71
17.25 18.71
17.25 18.71
17.25 18.71
18.17 18.71
18.17 18.71
18.17 18.71
18.35 18.71
18.35 18.71
18.35 18.71
15.25 18.90
15.25 18.90
15.25 18.90
15.43 18.90
15.43 18.90
15.43 18.90
15.61 18.90
15.61 18.90
15.61 18.90
15.79 18.90
15.79 18.90
15.79 18.90
15.98 18.90
15.98 18.90
15.98 18.90
16.16 18.90
16.16 18.90
16.16 18.90
16.34 18.90
16.34 18.90
16.34 18.90
16.52 18.90
16.52 18.90
16.52 18.90
16.71 18.90
16.71 18.90
16.71 18.90
16.89 18.90
16.89 18.90
16.89 18.90
15.25 19.08
15.25 19.08
15.25 19.08
15.43 19.08
15.43 19.08
15.43 19.08
15.61 19.08
15.61 19.08
15.61 19.08
15.79 19.08
15.79 19.08
15.79 19.08
15.98 19.08
15.98 19.08
15.98 19.08
16.52 19.08
16.52 19.08
16.52 19.08
16.71 19.08
16.71 19.08
16.71 19.08
16.89 19.08
16.89 19.08
16.89 19.08
17.07 19.08
17.07 19.08
17.07 19.08
18.35 19.08
18.35 19.08
18.35 19.08
18.71 19.08
18.71 19.08
18.71 19.08
18.90 19.08
18.90 19.08
18.90 19.08
15.25 19.26
15.25 19.26
15.25 19.26
15.43 19.26
15.43 19.26
15.43 19.26
15.61 19.26
15.61 19.26
15.61 19.26
15.79 19.26
15.79 19.26
15.79 19.26
15.98 19.26
15.98 19.26
15.98 19.26
16.16 19.26
16.16 19.26
16.16 19.26
16.34 19.26
16.34 19.26
16.34 19.26
16.52 19.26
16.52 19.26
16.52 19.26
16.71 19.26
16.71 19.26
16.71 19.26
16.89 19.26
16.89 19.26
16.89 19.26
17.07 19.26
17.07 19.26
17.07 19.26
15.43 19.44
15.43 19.44
15.43 19.44
15.61 19.44
15.61 19.44
15.61 19.44
15.79 19.44
15.79 19.44
15.79 19.44
15.98 19.44
15.98 19.44
15.98 19.44
16.16 19.44
16.16 19.44
16.16 19.44
16.34 19.44
16.34 19.44
16.34 19.44
16.52 19.44
16.52 19.44
16.52 19.44
16.71 19.44
16.71 19.44
16.71 19.44
18.53 19.44
18.53 19.44
18.53 19.44
18.71 19.44
18.71 19.44
18.71 19.44
15.25 19.63
15.25 19.63
15.25 19.63
16.34 19.63
16.34 19.63
16.34 19.63
16.52 19.63
16.52 19.63
16.52 19.63
16.71 19.63
16.71 19.63
16.71 19.63
17.62 19.63
17.62 19.63
17.62 19.63
17.80 19.63
17.80 19.63
17.80 19.63
18.35 19.63
18.35 19.63
18.35 19.63
16.16 19.81
16.16 19.81
16.16 19.81
16.34 19.81
16.34 19.81
16.34 19.81
16.52 19.81
16.52 19.81
16.52 19.81
16.71 19.81
16.71 19.81
16.71 19.81
17.62 19.81
17.62 19.81
17.62 19.81
17.80 19.81
17.80 19.81
17.80 19.81
17.98 19.81
17.98 19.81
17.98 19.81
18.17 19.81
18.17 19.81
18.17 19.81
18.71 19.81
18.71 19.81
18.71 19.81
19.63 19.81
19.63 19.81
19.63 19.81
15.43 19.99
15.43 19.99
15.43 19.99
15.79 19.99
15.79 19.99
15.79 19.99
16.34 19.99
16.34 19.99
16.34 19.99
17.44 19.99
17.44 19.99
17.44 19.99
17.62 19.99
17.62 19.99
17.62 19.99
17.80 19.99
17.80 19.99
17.80 19.99
17.98 19.99
17.98 19.99
17.98 19.99
18.17 19.99
18.17 19.99
18.17 19.99
18.35 19.99
18.35 19.99
18.35 19.99
18.90 19.99
18.90 19.99
18.90 19.99
19.08 19.99
19.08 19.99
19.08 19.99
19.63 19.99
19.63 19.99
19.63 19.99
15.79 20.17
15.79 20.17
15.79 20.17
16.16 20.17
16.16 20.17
16.16 20.17
16.34 20.17
16.34 20.17
16.34 20.17
16.71 20.17
16.71 20.17
16.71 20.17
17.44 20.17
17.44 20.17
17.44 20.17
17.62 20.17
17.62 20.17
17.62 20.17
17.80 20.17
17.80 20.17
17.80 20.17
17.98 20.17
17.98 20.17
17.98 20.17
18.17 20.17
18.17 20.17
18.17 20.17
18.53 20.17
18.53 20.17
18.53 20.17
18.71 20.17
18.71 20.17
18.71 20.17
18.90 20.17
18.90 20.17
18.90 20.17
19.08 20.17
19.08 20.17
19.08 20.17
19.26 20.17
19.26 20.17
19.26 20.17
19.44 20.17
19.44 20.17
19.44 20.17
17.98 20.36
17.98 20.36
17.98 20.36
18.17 20.36
18.17 20.36
18.17 20.36
18.53 20.36
18.53 20.36
18.53 20.36
18.71 20.36
18.71 20.36
18.71 20.36
16.52 20.54
16.52 20.54
16.52 20.54
16.89 20.54
16.89 20.54
16.89 20.54
17.07 20.54
17.07 20.54
17.07 20.54
18.35 20.54
18.35 20.54
18.35 20.54
16.71 20.72
16.71 20.72
16.71 20.72
16.89 20.72
16.89 20.72
16.89 20.72
17.07 20.72
17.07 20.72
17.07 20.72
18.35 20.72
18.35 20.72
18.35 20.72
19.08 20.72
19.08 20.72
19.08 20.72
16.52 20.91
16.52 20.91
16.52 20.91
18.17 20.91
18.17 20.91
18.17 20.91
18.35 20.91
18.35 20.91
18.35 20.91
18.53 20.91
18.53 20.91
18.53 20.91
18.71 20.91
18.71 20.91
18.71 20.91
18.90 20.91
18.90 20.91
18.90 20.91
16.52 21.09
16.52 21.09
16.52 21.09
17.44 21.09
17.44 21.09
17.44 21.09
17.62 21.09
17.62 21.09
17.62 21.09
17.80 21.09
17.80 21.09
17.80 21.09
17.98 21.09
17.98 21.09
17.98 21.09
18.17 21.09
18.17 21.09
18.17 21.09
18.53 21.09
18.53 21.09
18.53 21.09
18.71 21.09
18.71 21.09
18.71 21.09
19.26 21.09
19.26 21.09
19.26 21.09
19.44 21.09
19.44 21.09
19.44 21.09
19.63 21.09
19.63 21.09
19.63 21.09
16.71 21.27
16.71 21.27
16.71 21.27
17.07 21.27
17.07 21.27
17.07 21.27
17.44 21.27
17.44 21.27
17.44 21.27
17.80 21.27
17.80 21.27
17.80 21.27
17.98 21.27
17.98 21.27
17.98 21.27
19.26 21.27
19.26 21.27
19.26 21.27
19.44 21.27
19.44 21.27
19.44 21.27
19.63 21.27
19.63 21.27
19.63 21.27
16.52 21.45
16.52 21.45
16.52 21.45
16.89 21.45
16.89 21.45
16.89 21.45
17.44 21.45
17.44 21.45
17.44 21.45
17.80 21.45
17.80 21.45
17.80 21.45
16.52 21.64
16.52 21.64
16.52 21.64
16.71 21.64
16.71 21.64
16.71 21.64
17.07 21.64
17.07 21.64
17.07 21.64
17.44 21.64
17.44 21.64
17.44 21.64
17.80 21.64
17.80 21.64
17.80 21.64
18.35 21.64
18.35 21.64
18.35 21.64
18.53 21.64
18.53 21.64
18.53 21.64
18.71 21.64
18.71 21.64
18.71 21.64
18.90 21.64
18.90 21.64
18.90 21.64
19.08 21.64
19.08 21.64
19.08 21.64
17.07 21.82
17.07 21.82
17.07 21.82
17.25 21.82
17.25 21.82
17.25 21.82
17.80 21.82
17.80 21.82
17.80 21.82
18.17 21.82
18.17 21.82
18.17 21.82
18.35 21.82
18.35 21.82
18.35 21.82
18.53 21.82
18.53 21.82
18.53 21.82
18.71 21.82
18.71 21.82
18.71 21.82
18.90 21.82
18.90 21.82
18.90 21.82
19.08 21.82
19.08 21.82
19.08 21.82
17.25 22.00
17.25 22.00
17.25 22.00
18.17 22.00
18.17 22.00
18.17 22.00
18.35 22.00
18.35 22.00
18.35 22.00
17.07 22.18
17.07 22.18
17.07 22.18
18.35 22.18
18.35 22.18
18.35 22.18
18.53 22.18
18.53 22.18
18.53 22.18
19.63 22.18
19.63 22.18
19.63 22.18
20.17 22.18
20.17 22.18
20.17 22.18
17.07 22.37
17.07 22.37
17.07 22.37
17.98 22.37
17.98 22.37
17.98 22.37
18.35 22.37
18.35 22.37
18.35 22.37
18.53 22.37
18.53 22.37
18.53 22.37
18.71 22.37
18.71 22.37
18.71 22.37
18.90 22.37
18.90 22.37
18.90 22.37
19.08 22.37
19.08 22.37
19.08 22.37
19.26 22.37
19.26 22.37
19.26 22.37
19.44 22.37
19.44 22.37
19.44 22.37
19.63 22.37
19.63 22.37
19.63 22.37
19.81 22.37
19.81 22.37
19.81 22.37
19.99 22.37
19.99 22.37
19.99 22.37
20.17 22.37
20.17 22.37
20.17 22.37
17.25 22.55
17.25 22.55
17.25 22.55
17.44 22.55
17.44 22.55
17.44 22.55
17.98 22.55
17.98 22.55
17.98 22.55
18.17 22.55
18.17 22.55
18.17 22.55
18.35 22.55
18.35 22.55
18.35 22.55
18.53 22.55
18.53 22.55
18.53 22.55
18.71 22.55
18.71 22.55
18.71 22.55
18.90 22.55
18.90 22.55
18.90 22.55
19.08 22.55
19.08 22.55
19.08 22.55
19.26 22.55
19.26 22.55
19.26 22.55
19.44 22.55
19.44 22.55
19.44 22.55
19.63 22.55
19.63 22.55
19.63 22.55
19.81 22.55
19.81 22.55
19.81 22.55
19.99 22.55
19.99 22.55
19.99 22.55
20.17 22.55
20.17 22.55
20.17 22.55
17.07 22.73
17.07 22.73
17.07 22.73
17.25 22.73
17.25 22.73
17.25 22.73
17.44 22.73
17.44 22.73
17.44 22.73
17.80 22.73
17.80 22.73
17.80 22.73
18.35 22.73
18.35 22.73
18.35 22.73
18.53 22.73
18.53 22.73
18.53 22.73
18.71 22.73
18.71 22.73
18.71 22.73
18.90 22.73
18.90 22.73
18.90 22.73
19.08 22.73
19.08 22.73
19.08 22.73
19.81 22.73
19.81 22.73
19.81 22.73
19.99 22.73
19.99 22.73
19.99 22.73
17.80 22.91
17.80 22.91
17.80 22.91
17.98 22.91
17.98 22.91
17.98 22.91
18.17 22.91
18.17 22.91
18.17 22.91
18.35 22.91
18.35 22.91
18.35 22.91
18.53 22.91
18.53 22.91
18.53 22.91
18.71 22.91
18.71 22.91
18.71 22.91
18.90 22.91
18.90 22.91
18.90 22.91
19.08 22.91
19.08 22.91
19.08 22.91
19.26 22.91
19.26 22.91
19.26 22.91
19.44 22.91
19.44 22.91
19.44 22.91
17.80 23.10
17.80 23.10
17.80 23.10
17.98 23.10
17.98 23.10
17.98 23.10
19.08 23.10
19.08 23.10
19.08 23.10
19.26 23.10
19.26 23.10
19.26 23.10
19.44 23.10
19.44 23.10
19.44 23.10
19.63 23.10
19.63 23.10
19.63 23.10
20.91 23.10
20.91 23.10
20.91 23.10
17.80 23.28
17.80 23.28
17.80 23.28
19.08 23.28
19.08 23.28
19.08 23.28
19.26 23.28
19.26 23.28
19.26 23.28
19.44 23.28
19.44 23.28
19.44 23.28
19.63 23.28
19.63 23.28
19.63 23.28
19.99 23.28
19.99 23.28
19.99 23.28
20.17 23.28
20.17 23.28
20.17 23.28
20.36 23.28
20.36 23.28
20.36 23.28
20.54 23.28
20.54 23.28
20.54 23.28
18.17 23.46
18.17 23.46
18.17 23.46
18.90 23.46
18.90 23.46
18.90 23.46
19.08 23.46
19.08 23.46
19.08 23.46
19.26 23.46
19.26 23.46
19.26 23.46
19.44 23.46
19.44 23.46
19.44 23.46
19.63 23.46
19.63 23.46
19.63 23.46
19.81 23.46
19.81 23.46
19.81 23.46
20.17 23.46
20.17 23.46
20.17 23.46
20.72 23.46
20.72 23.46
20.72 23.46
18.35 23.64
18.35 23.64
18.35 23.64
18.53 23.64
18.53 23.64
18.53 23.64
18.71 23.64
18.71 23.64
18.71 23.64
19.81 23.64
19.81 23.64
19.81 23.64
19.99 23.64
19.99 23.64
19.99 23.64
20.36 23.64
20.36 23.64
20.36 23.64
17.80 23.83
17.80 23.83
17.80 23.83
18.35 23.83
18.35 23.83
18.35 23.83
19.99 23.83
19.99 23.83
19.99 23.83
20.72 23.83
20.72 23.83
20.72 23.83
20.91 23.83
20.91 23.83
20.91 23.83
18.17 24.01
18.17 24.01
18.17 24.01
19.44 24.01
19.44 24.01
19.44 24.01
19.63 24.01
19.63 24.01
19.63 24.01
19.81 24.01
19.81 24.01
19.81 24.01
20.36 24.01
20.36 24.01
20.36 24.01
17.80 24.19
17.80 24.19
17.80 24.19
17.98 24.19
17.98 24.19
17.98 24.19
18.17 24.19
18.17 24.19
18.17 24.19
18.35 24.19
18.35 24.19
18.35 24.19
18.53 24.19
18.53 24.19
18.53 24.19
19.26 24.19
19.26 24.19
19.26 24.19
19.44 24.19
19.44 24.19
19.44 24.19
19.63 24.19
19.63 24.19
19.63 24.19
19.99 24.19
19.99 24.19
19.99 24.19
20.17 24.19
20.17 24.19
20.17 24.19
20.36 24.19
20.36 24.19
20.36 24.19
17.80 24.37
17.80 24.37
17.80 24.37
17.98 24.37
17.98 24.37
17.98 24.37
18.17 24.37
18.17 24.37
18.17 24.37
18.35 24.37
18.35 24.37
18.35 24.37
18.53 24.37
18.53 24.37
18.53 24.37
18.71 24.37
18.71 24.37
18.71 24.37
18.90 24.37
18.90 24.37
18.90 24.37
19.08 24.37
19.08 24.37
19.08 24.37
19.26 24.37
19.26 24.37
19.26 24.37
19.44 24.37
19.44 24.37
19.44 24.37
19.63 24.37
19.63 24.37
19.63 24.37
19.81 24.37
19.81 24.37
19.81 24.37
20.54 24.37
20.54 24.37
20.54 24.37
20.91 24.37
20.91 24.37
20.91 24.37
17.80 24.56
17.80 24.56
17.80 24.56
18.35 24.56
18.35 24.56
18.35 24.56
18.53 24.56
18.53 24.56
18.53 24.56
18.71 24.56
18.71 24.56
18.71 24.56
18.90 24.56
18.90 24.56
18.90 24.56
19.08 24.56
19.08 24.56
19.08 24.56
19.26 24.56
19.26 24.56
19.26 24.56
19.44 24.56
19.44 24.56
19.44 24.56
19.63 24.56
19.63 24.56
19.63 24.56
19.99 24.56
19.99 24.56
19.99 24.56
20.17 24.56
20.17 24.56
20.17 24.56
17.80 24.74
17.80 24.74
17.80 24.74
17.98 24.74
17.98 24.74
17.98 24.74
18.17 24.74
18.17 24.74
18.17 24.74
18.35 24.74
18.35 24.74
18.35 24.74
18.53 24.74
18.53 24.74
18.53 24.74
18.71 24.74
18.71 24.74
18.71 24.74
19.81 24.74
19.81 24.74
19.81 24.74
20.36 24.74
20.36 24.74
20.36 24.74
20.54 24.74
20.54 24.74
20.54 24.74
18.17 24.92
18.17 24.92
18.17 24.92
18.35 24.92
18.35 24.92
18.35 24.92
18.53 24.92
18.53 24.92
18.53 24.92
20.17 24.92
20.17 24.92
20.17 24.92
18.17 25.10
18.17 25.10
18.17 25.10
18.35 25.10
18.35 25.10
18.35 25.10
18.53 25.10
18.53 25.10
18.53 25.10
18.71 25.10
18.71 25.10
18.71 25.10
19.63 25.10
19.63 25.10
19.63 25.10
19.99 25.10
19.99 25.10
19.99 25.10
17.80 25.29
17.80 25.29
17.80 25.29
18.35 25.29
18.35 25.29
18.35 25.29
18.53 25.29
18.53 25.29
18.53 25.29
18.71 25.29
18.71 25.29
18.71 25.29
18.53 25.65
18.53 25.65
18.53 25.65
18.90 25.65
18.90 25.65
18.90 25.65
18.90 25.83
18.90 25.83
18.90 25.83
18.35 26.02
18.35 26.02
18.35 26.02
18.35 26.56
18.35 26.56
18.35 26.56
