-0.27 2.65
-0.27 2.65
-0.27 2.65
1.73 4.11
1.73 4.11
1.73 4.11
2.10 4.11
2.10 4.11
2.10 4.11
4.47 4.11
4.47 4.11
4.47 4.11
4.66 4.11
4.66 4.11
4.66 4.11
5.02 4.11
5.02 4.11
5.02 4.11
2.10 4.29
2.10 4.29
2.10 4.29
2.28 4.29
2.28 4.29
2.28 4.29
4.47 4.29
4.47 4.29
4.47 4.29
4.66 4.29
4.66 4.29
4.66 4.29
4.84 4.29
4.84 4.29
4.84 4.29
5.20 4.47
5.20 4.47
5.20 4.47
5.39 4.47
5.39 4.47
5.39 4.47
5.57 4.47
5.57 4.47
5.57 4.47
2.46 4.66
2.46 4.66
2.46 4.66
2.65 4.66
2.65 4.66
2.65 4.66
3.01 4.66
3.01 4.66
3.01 4.66
2.46 4.84
2.46 4.84
2.46 4.84
3.01 4.84
3.01 4.84
3.01 4.84
5.20 4.84
5.20 4.84
5.20 4.84
5.39 4.84
5.39 4.84
5.39 4.84
5.57 4.84
5.57 4.84
5.57 4.84
2.65 5.02
2.65 5.02
2.65 5.02
2.83 5.02
2.83 5.02
2.83 5.02
2.46 5.20
2.46 5.20
2.46 5.20
2.65 5.20
2.65 5.20
2.65 5.20
2.83 5.20
2.83 5.20
2.83 5.20
3.38 5.20
3.38 5.20
3.38 5.20
3.74 5.20
3.74 5.20
3.74 5.20
3.20 5.39
3.20 5.39
3.20 5.39
3.38 5.39
3.38 5.39
3.38 5.39
3.56 5.39
3.56 5.39
3.56 5.39
3.74 5.39
3.74 5.39
3.74 5.39
4.11 5.39
4.11 5.39
4.11 5.39
3.74 5.57
3.74 5.57
3.74 5.57
3.93 5.57
3.93 5.57
3.93 5.57
4.29 5.57
4.29 5.57
4.29 5.57
6.30 5.57
6.30 5.57
6.30 5.57
3.20 5.75
3.20 5.75
3.20 5.75
3.93 5.75
3.93 5.75
3.93 5.75
4.11 5.75
4.11 5.75
4.11 5.75
6.48 5.75
6.48 5.75
6.48 5.75
6.66 5.75
6.66 5.75
6.66 5.75
7.03 5.75
7.03 5.75
7.03 5.75
4.29 5.93
4.29 5.93
4.29 5.93
4.84 5.93
4.84 5.93
4.84 5.93
6.66 5.93
6.66 5.93
6.66 5.93
7.03 5.93
7.03 5.93
7.03 5.93
7.39 5.93
7.39 5.93
7.39 5.93
7.58 5.93
7.58 5.93
7.58 5.93
3.74 6.12
3.74 6.12
3.74 6.12
4.11 6.12
4.11 6.12
4.11 6.12
4.29 6.12
4.29 6.12
4.29 6.12
4.66 6.12
4.66 6.12
4.66 6.12
4.84 6.12
4.84 6.12
4.84 6.12
5.02 6.12
5.02 6.12
5.02 6.12
7.21 6.12
7.21 6.12
7.21 6.12
7.39 6.12
7.39 6.12
7.39 6.12
4.47 6.30
4.47 6.30
4.47 6.30
4.66 6.30
4.66 6.30
4.66 6.30
6.85 6.30
6.85 6.30
6.85 6.30
7.21 6.30
7.21 6.30
7.21 6.30
7.39 6.30
7.39 6.30
7.39 6.30
7.58 6.30
7.58 6.30
7.58 6.30
4.66 6.48
4.66 6.48
4.66 6.48
5.75 6.48
5.75 6.48
5.75 6.48
6.12 6.48
6.12 6.48
6.12 6.48
7.03 6.48
7.03 6.48
7.03 6.48
7.39 6.48
7.39 6.48
7.39 6.48
7.58 6.48
7.58 6.48
7.58 6.48
4.66 6.66
4.66 6.66
4.66 6.66
6.85 6.66
6.85 6.66
6.85 6.66
7.39 6.66
7.39 6.66
7.39 6.66
7.58 6.66
7.58 6.66
7.58 6.66
4.47 6.85
4.47 6.85
4.47 6.85
4.66 6.85
4.66 6.85
4.66 6.85
4.84 6.85
4.84 6.85
4.84 6.85
5.02 6.85
5.02 6.85
5.02 6.85
5.57 6.85
5.57 6.85
5.57 6.85
6.85 6.85
6.85 6.85
6.85 6.85
7.03 6.85
7.03 6.85
7.03 6.85
7.58 6.85
7.58 6.85
7.58 6.85
8.12 6.85
8.12 6.85
8.12 6.85
5.20 7.03
5.20 7.03
5.20 7.03
5.39 7.03
5.39 7.03
5.39 7.03
5.75 7.03
5.75 7.03
5.75 7.03
5.93 7.03
5.93 7.03
5.93 7.03
6.12 7.03
6.12 7.03
6.12 7.03
6.30 7.03
6.30 7.03
6.30 7.03
6.48 7.03
6.48 7.03
6.48 7.03
7.03 7.03
7.03 7.03
7.03 7.03
7.76 7.03
7.76 7.03
7.76 7.03
7.94 7.03
7.94 7.03
7.94 7.03
5.02 7.21
5.02 7.21
5.02 7.21
5.20 7.21
5.20 7.21
5.20 7.21
6.12 7.21
6.12 7.21
6.12 7.21
6.30 7.21
6.30 7.21
6.30 7.21
6.48 7.21
6.48 7.21
6.48 7.21
6.66 7.21
6.66 7.21
6.66 7.21
7.21 7.21
7.21 7.21
7.21 7.21
7.39 7.21
7.39 7.21
7.39 7.21
7.58 7.21
7.58 7.21
7.58 7.21
8.31 7.21
8.31 7.21
8.31 7.21
4.66 7.39
4.66 7.39
4.66 7.39
5.02 7.39
5.02 7.39
5.02 7.39
6.66 7.39
6.66 7.39
6.66 7.39
6.85 7.39
6.85 7.39
6.85 7.39
7.03 7.39
7.03 7.39
7.03 7.39
7.21 7.39
7.21 7.39
7.21 7.39
7.58 7.39
7.58 7.39
7.58 7.39
7.76 7.39
7.76 7.39
7.76 7.39
7.94 7.39
7.94 7.39
7.94 7.39
8.12 7.39
8.12 7.39
8.12 7.39
8.67 7.39
8.67 7.39
8.67 7.39
7.03 7.58
7.03 7.58
7.03 7.58
7.58 7.58
7.58 7.58
7.58 7.58
7.76 7.58
7.76 7.58
7.76 7.58
7.94 7.58
7.94 7.58
7.94 7.58
8.12 7.58
8.12 7.58
8.12 7.58
8.49 7.58
8.49 7.58
8.49 7.58
8.67 7.58
8.67 7.58
8.67 7.58
5.57 7.76
5.57 7.76
5.57 7.76
5.75 7.76
5.75 7.76
5.75 7.76
5.93 7.76
5.93 7.76
5.93 7.76
6.66 7.76
6.66 7.76
6.66 7.76
6.85 7.76
6.85 7.76
6.85 7.76
7.03 7.76
7.03 7.76
7.03 7.76
7.21 7.76
7.21 7.76
7.21 7.76
7.39 7.76
7.39 7.76
7.39 7.76
7.58 7.76
7.58 7.76
7.58 7.76
7.76 7.76
7.76 7.76
7.76 7.76
8.85 7.76
8.85 7.76
8.85 7.76
5.57 7.94
5.57 7.94
5.57 7.94
5.75 7.94
5.75 7.94
5.75 7.94
5.93 7.94
5.93 7.94
5.93 7.94
6.12 7.94
6.12 7.94
6.12 7.94
6.30 7.94
6.30 7.94
6.30 7.94
6.66 7.94
6.66 7.94
6.66 7.94
6.85 7.94
6.85 7.94
6.85 7.94
7.03 7.94
7.03 7.94
7.03 7.94
7.21 7.94
7.21 7.94
7.21 7.94
7.39 7.94
7.39 7.94
7.39 7.94
7.76 7.94
7.76 7.94
7.76 7.94
7.94 7.94
7.94 7.94
7.94 7.94
8.31 7.94
8.31 7.94
8.31 7.94
8.85 7.94
8.85 7.94
8.85 7.94
5.93 8.12
5.93 8.12
5.93 8.12
6.12 8.12
6.12 8.12
6.12 8.12
6.48 8.12
6.48 8.12
6.48 8.12
6.85 8.12
6.85 8.12
6.85 8.12
7.03 8.12
7.03 8.12
7.03 8.12
8.67 8.12
8.67 8.12
8.67 8.12
8.85 8.12
8.85 8.12
8.85 8.12
9.40 8.12
9.40 8.12
9.40 8.12
9.59 8.12
9.59 8.12
9.59 8.12
5.75 8.31
5.75 8.31
5.75 8.31
6.12 8.31
6.12 8.31
6.12 8.31
6.30 8.31
6.30 8.31
6.30 8.31
6.48 8.31
6.48 8.31
6.48 8.31
6.66 8.31
6.66 8.31
6.66 8.31
6.85 8.31
6.85 8.31
6.85 8.31
8.49 8.31
8.49 8.31
8.49 8.31
9.04 8.31
9.04 8.31
9.04 8.31
9.59 8.31
9.59 8.31
9.59 8.31
5.75 8.49
5.75 8.49
5.75 8.49
5.93 8.49
5.93 8.49
5.93 8.49
6.12 8.49
6.12 8.49
6.12 8.49
6.66 8.49
6.66 8.49
6.66 8.49
7.03 8.49
7.03 8.49
7.03 8.49
8.67 8.49
8.67 8.49
8.67 8.49
8.85 8.49
8.85 8.49
8.85 8.49
9.04 8.49
9.04 8.49
9.04 8.49
9.22 8.49
9.22 8.49
9.22 8.49
9.40 8.49
9.40 8.49
9.40 8.49
9.77 8.49
9.77 8.49
9.77 8.49
9.95 8.49
9.95 8.49
9.95 8.49
10.32 8.49
10.32 8.49
10.32 8.49
6.48 8.67
6.48 8.67
6.48 8.67
6.85 8.67
6.85 8.67
6.85 8.67
7.03 8.67
7.03 8.67
7.03 8.67
7.76 8.67
7.76 8.67
7.76 8.67
8.12 8.67
8.12 8.67
8.12 8.67
8.31 8.67
8.31 8.67
8.31 8.67
9.22 8.67
9.22 8.67
9.22 8.67
9.59 8.67
9.59 8.67
9.59 8.67
10.13 8.67
10.13 8.67
10.13 8.67
10.68 8.67
10.68 8.67
10.68 8.67
6.66 8.85
6.66 8.85
6.66 8.85
6.85 8.85
6.85 8.85
6.85 8.85
7.39 8.85
7.39 8.85
7.39 8.85
8.31 8.85
8.31 8.85
8.31 8.85
8.49 8.85
8.49 8.85
8.49 8.85
8.67 8.85
8.67 8.85
8.67 8.85
8.85 8.85
8.85 8.85
8.85 8.85
9.40 8.85
9.40 8.85
9.40 8.85
9.77 8.85
9.77 8.85
9.77 8.85
9.95 8.85
9.95 8.85
9.95 8.85
10.13 8.85
10.13 8.85
10.13 8.85
10.68 8.85
10.68 8.85
10.68 8.85
10.86 8.85
10.86 8.85
10.86 8.85
6.48 9.04
6.48 9.04
6.48 9.04
6.66 9.04
6.66 9.04
6.66 9.04
7.03 9.04
7.03 9.04
7.03 9.04
7.39 9.04
7.39 9.04
7.39 9.04
7.76 9.04
7.76 9.04
7.76 9.04
7.94 9.04
7.94 9.04
7.94 9.04
8.12 9.04
8.12 9.04
8.12 9.04
8.85 9.04
8.85 9.04
8.85 9.04
9.40 9.04
9.40 9.04
9.40 9.04
9.59 9.04
9.59 9.04
9.59 9.04
10.32 9.04
10.32 9.04
10.32 9.04
10.50 9.04
10.50 9.04
10.50 9.04
10.68 9.04
10.68 9.04
10.68 9.04
6.48 9.22
6.48 9.22
6.48 9.22
6.66 9.22
6.66 9.22
6.66 9.22
6.85 9.22
6.85 9.22
6.85 9.22
7.39 9.22
7.39 9.22
7.39 9.22
7.76 9.22
7.76 9.22
7.76 9.22
7.94 9.22
7.94 9.22
7.94 9.22
8.12 9.22
8.12 9.22
8.12 9.22
8.49 9.22
8.49 9.22
8.49 9.22
8.67 9.22
8.67 9.22
8.67 9.22
9.22 9.22
9.22 9.22
9.22 9.22
9.95 9.22
9.95 9.22
9.95 9.22
10.13 9.22
10.13 9.22
10.13 9.22
10.32 9.22
10.32 9.22
10.32 9.22
10.68 9.22
10.68 9.22
10.68 9.22
7.21 9.40
7.21 9.40
7.21 9.40
7.76 9.40
7.76 9.40
7.76 9.40
7.94 9.40
7.94 9.40
7.94 9.40
8.12 9.40
8.12 9.40
8.12 9.40
8.49 9.40
8.49 9.40
8.49 9.40
8.85 9.40
8.85 9.40
8.85 9.40
9.95 9.40
9.95 9.40
9.95 9.40
10.13 9.40
10.13 9.40
10.13 9.40
10.50 9.40
10.50 9.40
10.50 9.40
10.86 9.40
10.86 9.40
10.86 9.40
7.21 9.59
7.21 9.59
7.21 9.59
7.39 9.59
7.39 9.59
7.39 9.59
8.12 9.59
8.12 9.59
8.12 9.59
8.31 9.59
8.31 9.59
8.31 9.59
9.95 9.59
9.95 9.59
9.95 9.59
10.32 9.59
10.32 9.59
10.32 9.59
10.50 9.59
10.50 9.59
10.50 9.59
10.68 9.59
10.68 9.59
10.68 9.59
7.39 9.77
7.39 9.77
7.39 9.77
7.76 9.77
7.76 9.77
7.76 9.77
7.94 9.77
7.94 9.77
7.94 9.77
8.12 9.77
8.12 9.77
8.12 9.77
9.77 9.77
9.77 9.77
9.77 9.77
9.95 9.77
9.95 9.77
9.95 9.77
10.32 9.77
10.32 9.77
10.32 9.77
10.68 9.77
10.68 9.77
10.68 9.77
7.21 9.95
7.21 9.95
7.21 9.95
7.39 9.95
7.39 9.95
7.39 9.95
7.76 9.95
7.76 9.95
7.76 9.95
7.94 9.95
7.94 9.95
7.94 9.95
9.77 9.95
9.77 9.95
9.77 9.95
10.32 9.95
10.32 9.95
10.32 9.95
10.68 9.95
10.68 9.95
10.68 9.95
10.86 9.95
10.86 9.95
10.86 9.95
7.58 10.13
7.58 10.13
7.58 10.13
7.76 10.13
7.76 10.13
7.76 10.13
8.12 10.13
8.12 10.13
8.12 10.13
8.31 10.13
8.31 10.13
8.31 10.13
8.49 10.13
8.49 10.13
8.49 10.13
8.67 10.13
8.67 10.13
8.67 10.13
9.22 10.13
9.22 10.13
9.22 10.13
9.59 10.13
9.59 10.13
9.59 10.13
9.77 10.13
9.77 10.13
9.77 10.13
10.68 10.13
10.68 10.13
10.68 10.13
7.21 10.32
7.21 10.32
7.21 10.32
7.39 10.32
7.39 10.32
7.39 10.32
7.58 10.32
7.58 10.32
7.58 10.32
7.76 10.32
7.76 10.32
7.76 10.32
7.94 10.32
7.94 10.32
7.94 10.32
8.67 10.32
8.67 10.32
8.67 10.32
8.85 10.32
8.85 10.32
8.85 10.32
9.04 10.32
9.04 10.32
9.04 10.32
9.40 10.32
9.40 10.32
9.40 10.32
9.59 10.32
9.59 10.32
9.59 10.32
9.77 10.32
9.77 10.32
9.77 10.32
9.95 10.32
9.95 10.32
9.95 10.32
10.13 10.32
10.13 10.32
10.13 10.32
10.50 10.32
10.50 10.32
10.50 10.32
10.68 10.32
10.68 10.32
10.68 10.32
7.39 10.50
7.39 10.50
7.39 10.50
7.76 10.50
7.76 10.50
7.76 10.50
8.12 10.50
8.12 10.50
8.12 10.50
8.31 10.50
8.31 10.50
8.31 10.50
8.49 10.50
8.49 10.50
8.49 10.50
9.40 10.50
9.40 10.50
9.40 10.50
9.95 10.50
9.95 10.50
9.95 10.50
10.13 10.50
10.13 10.50
10.13 10.50
10.50 10.50
10.50 10.50
10.50 10.50
10.68 10.50
10.68 10.50
10.68 10.50
7.94 10.68
7.94 10.68
7.94 10.68
8.67 10.68
8.67 10.68
8.67 10.68
8.85 10.68
8.85 10.68
8.85 10.68
9.22 10.68
9.22 10.68
9.22 10.68
11.05 10.68
11.05 10.68
11.05 10.68
11.59 10.68
11.59 10.68
11.59 10.68
8.49 10.86
8.49 10.86
8.49 10.86
8.85 10.86
8.85 10.86
8.85 10.86
9.04 10.86
9.04 10.86
9.04 10.86
9.22 10.86
9.22 10.86
9.22 10.86
9.40 10.86
9.40 10.86
9.40 10.86
9.59 10.86
9.59 10.86
9.59 10.86
10.32 10.86
10.32 10.86
10.32 10.86
10.86 10.86
10.86 10.86
10.86 10.86
11.41 10.86
11.41 10.86
11.41 10.86
11.59 10.86
11.59 10.86
11.59 10.86
8.49 11.05
8.49 11.05
8.49 11.05
9.04 11.05
9.04 11.05
9.04 11.05
9.40 11.05
9.40 11.05
9.40 11.05
9.59 11.05
9.59 11.05
9.59 11.05
9.77 11.05
9.77 11.05
9.77 11.05
10.13 11.05
10.13 11.05
10.13 11.05
10.68 11.05
10.68 11.05
10.68 11.05
11.05 11.05
11.05 11.05
11.05 11.05
11.41 11.05
11.41 11.05
11.41 11.05
11.59 11.05
11.59 11.05
11.59 11.05
8.67 11.23
8.67 11.23
8.67 11.23
9.04 11.23
9.04 11.23
9.04 11.23
9.40 11.23
9.40 11.23
9.40 11.23
9.77 11.23
9.77 11.23
9.77 11.23
9.95 11.23
9.95 11.23
9.95 11.23
10.13 11.23
10.13 11.23
10.13 11.23
10.50 11.23
10.50 11.23
10.50 11.23
10.68 11.23
10.68 11.23
10.68 11.23
11.23 11.23
11.23 11.23
11.23 11.23
11.41 11.23
11.41 11.23
11.41 11.23
11.59 11.23
11.59 11.23
11.59 11.23
9.40 11.41
9.40 11.41
9.40 11.41
9.59 11.41
9.59 11.41
9.59 11.41
9.77 11.41
9.77 11.41
9.77 11.41
10.13 11.41
10.13 11.41
10.13 11.41
10.32 11.41
10.32 11.41
10.32 11.41
10.68 11.41
10.68 11.41
10.68 11.41
10.86 11.41
10.86 11.41
10.86 11.41
11.05 11.41
11.05 11.41
11.05 11.41
11.23 11.41
11.23 11.41
11.23 11.41
11.78 11.41
11.78 11.41
11.78 11.41
12.14 11.41
12.14 11.41
12.14 11.41
8.67 11.59
8.67 11.59
8.67 11.59
8.85 11.59
8.85 11.59
8.85 11.59
9.04 11.59
9.04 11.59
9.04 11.59
9.22 11.59
9.22 11.59
9.22 11.59
9.40 11.59
9.40 11.59
9.40 11.59
9.59 11.59
9.59 11.59
9.59 11.59
9.77 11.59
9.77 11.59
9.77 11.59
9.95 11.59
9.95 11.59
9.95 11.59
10.32 11.59
10.32 11.59
10.32 11.59
10.50 11.59
10.50 11.59
10.50 11.59
10.68 11.59
10.68 11.59
10.68 11.59
11.59 11.59
11.59 11.59
11.59 11.59
11.78 11.59
11.78 11.59
11.78 11.59
12.14 11.59
12.14 11.59
12.14 11.59
8.49 11.78
8.49 11.78
8.49 11.78
9.04 11.78
9.04 11.78
9.04 11.78
9.59 11.78
9.59 11.78
9.59 11.78
9.77 11.78
9.77 11.78
9.77 11.78
9.95 11.78
9.95 11.78
9.95 11.78
10.32 11.78
10.32 11.78
10.32 11.78
9.04 11.96
9.04 11.96
9.04 11.96
9.22 11.96
9.22 11.96
9.22 11.96
9.40 11.96
9.40 11.96
9.40 11.96
9.59 11.96
9.59 11.96
9.59 11.96
9.95 11.96
9.95 11.96
9.95 11.96
12.87 11.96
12.87 11.96
12.87 11.96
9.22 12.14
9.22 12.14
9.22 12.14
10.13 12.14
10.13 12.14
10.13 12.14
10.32 12.14
10.32 12.14
10.32 12.14
11.41 12.14
11.41 12.14
11.41 12.14
12.32 12.14
12.32 12.14
12.32 12.14
12.87 12.14
12.87 12.14
12.87 12.14
9.04 12.32
9.04 12.32
9.04 12.32
9.40 12.32
9.40 12.32
9.40 12.32
9.77 12.32
9.77 12.32
9.77 12.32
10.32 12.32
10.32 12.32
10.32 12.32
10.50 12.32
10.50 12.32
10.50 12.32
10.86 12.32
10.86 12.32
10.86 12.32
11.05 12.32
11.05 12.32
11.05 12.32
11.78 12.32
11.78 12.32
11.78 12.32
12.87 12.32
12.87 12.32
12.87 12.32
9.77 12.51
9.77 12.51
9.77 12.51
10.13 12.51
10.13 12.51
10.13 12.51
10.50 12.51
10.50 12.51
10.50 12.51
10.68 12.51
10.68 12.51
10.68 12.51
11.41 12.51
11.41 12.51
11.41 12.51
11.59 12.51
11.59 12.51
11.59 12.51
9.95 12.69
9.95 12.69
9.95 12.69
10.13 12.69
10.13 12.69
10.13 12.69
10.68 12.69
10.68 12.69
10.68 12.69
10.86 12.69
10.86 12.69
10.86 12.69
13.24 12.69
13.24 12.69
13.24 12.69
13.42 12.69
13.42 12.69
13.42 12.69
9.77 12.87
9.77 12.87
9.77 12.87
9.95 12.87
9.95 12.87
9.95 12.87
10.50 12.87
10.50 12.87
10.50 12.87
10.68 12.87
10.68 12.87
10.68 12.87
11.41 12.87
11.41 12.87
11.41 12.87
11.59 12.87
11.59 12.87
11.59 12.87
11.78 12.87
11.78 12.87
11.78 12.87
11.96 12.87
11.96 12.87
11.96 12.87
12.14 12.87
12.14 12.87
12.14 12.87
12.32 12.87
12.32 12.87
12.32 12.87
12.51 12.87
12.51 12.87
12.51 12.87
12.69 12.87
12.69 12.87
12.69 12.87
12.87 12.87
12.87 12.87
12.87 12.87
13.24 12.87
13.24 12.87
13.24 12.87
10.86 13.05
10.86 13.05
10.86 13.05
11.05 13.05
11.05 13.05
11.05 13.05
11.23 13.05
11.23 13.05
11.23 13.05
11.41 13.05
11.41 13.05
11.41 13.05
11.59 13.05
11.59 13.05
11.59 13.05
11.78 13.05
11.78 13.05
11.78 13.05
11.96 13.05
11.96 13.05
11.96 13.05
12.14 13.05
12.14 13.05
12.14 13.05
12.32 13.05
12.32 13.05
12.32 13.05
12.51 13.05
12.51 13.05
12.51 13.05
12.69 13.05
12.69 13.05
12.69 13.05
12.87 13.05
12.87 13.05
12.87 13.05
13.05 13.05
13.05 13.05
13.05 13.05
13.24 13.05
13.24 13.05
13.24 13.05
10.50 13.24
10.50 13.24
10.50 13.24
10.68 13.24
10.68 13.24
10.68 13.24
10.86 13.24
10.86 13.24
10.86 13.24
12.51 13.24
12.51 13.24
12.51 13.24
13.05 13.24
13.05 13.24
13.05 13.24
13.24 13.24
13.24 13.24
13.24 13.24
10.50 13.42
10.50 13.42
10.50 13.42
12.14 13.42
12.14 13.42
12.14 13.42
12.32 13.42
12.32 13.42
12.32 13.42
12.51 13.42
12.51 13.42
12.51 13.42
12.69 13.42
12.69 13.42
12.69 13.42
11.05 13.60
11.05 13.60
11.05 13.60
11.23 13.60
11.23 13.60
11.23 13.60
11.41 13.60
11.41 13.60
11.41 13.60
11.59 13.60
11.59 13.60
11.59 13.60
11.78 13.60
11.78 13.60
11.78 13.60
11.96 13.60
11.96 13.60
11.96 13.60
12.14 13.60
12.14 13.60
12.14 13.60
12.32 13.60
12.32 13.60
12.32 13.60
12.69 13.60
12.69 13.60
12.69 13.60
12.87 13.60
12.87 13.60
12.87 13.60
11.05 13.78
11.05 13.78
11.05 13.78
11.23 13.78
11.23 13.78
11.23 13.78
11.41 13.78
11.41 13.78
11.41 13.78
11.59 13.78
11.59 13.78
11.59 13.78
12.14 13.78
12.14 13.78
12.14 13.78
12.32 13.78
12.32 13.78
12.32 13.78
12.51 13.78
12.51 13.78
12.51 13.78
13.24 13.78
13.24 13.78
13.24 13.78
13.60 13.78
13.60 13.78
13.60 13.78
13.78 13.78
13.78 13.78
13.78 13.78
13.97 13.78
13.97 13.78
13.97 13.78
14.15 13.78
14.15 13.78
14.15 13.78
11.05 13.97
11.05 13.97
11.05 13.97
11.41 13.97
11.41 13.97
11.41 13.97
11.59 13.97
11.59 13.97
11.59 13.97
11.78 13.97
11.78 13.97
11.78 13.97
11.96 13.97
11.96 13.97
11.96 13.97
12.32 13.97
12.32 13.97
12.32 13.97
12.51 13.97
12.51 13.97
12.51 13.97
13.05 13.97
13.05 13.97
13.05 13.97
13.24 13.97
13.24 13.97
13.24 13.97
13.60 13.97
13.60 13.97
13.60 13.97
13.78 13.97
13.78 13.97
13.78 13.97
14.15 13.97
14.15 13.97
14.15 13.97
11.23 14.15
11.23 14.15
11.23 14.15
11.41 14.15
11.41 14.15
11.41 14.15
12.14 14.15
12.14 14.15
12.14 14.15
12.32 14.15
12.32 14.15
12.32 14.15
12.69 14.15
12.69 14.15
12.69 14.15
12.87 14.15
12.87 14.15
12.87 14.15
13.42 14.15
13.42 14.15
13.42 14.15
13.60 14.15
13.60 14.15
13.60 14.15
13.78 14.15
13.78 14.15
13.78 14.15
13.97 14.15
13.97 14.15
13.97 14.15
11.78 14.33
11.78 14.33
11.78 14.33
11.96 14.33
11.96 14.33
11.96 14.33
12.51 14.33
12.51 14.33
12.51 14.33
12.69 14.33
12.69 14.33
12.69 14.33
12.87 14.33
12.87 14.33
12.87 14.33
13.05 14.33
13.05 14.33
13.05 14.33
13.24 14.33
13.24 14.33
13.24 14.33
11.78 14.51
11.78 14.51
11.78 14.51
11.96 14.51
11.96 14.51
11.96 14.51
12.32 14.51
12.32 14.51
12.32 14.51
12.69 14.51
12.69 14.51
12.69 14.51
13.05 14.51
13.05 14.51
13.05 14.51
13.60 14.51
13.60 14.51
13.60 14.51
13.78 14.51
13.78 14.51
13.78 14.51
12.14 14.88
12.14 14.88
12.14 14.88
12.87 14.88
12.87 14.88
12.87 14.88
11.78 15.06
11.78 15.06
11.78 15.06
12.14 15.06
12.14 15.06
12.14 15.06
12.32 15.06
12.32 15.06
12.32 15.06
12.69 15.06
12.69 15.06
12.69 15.06
12.87 15.06
12.87 15.06
12.87 15.06
14.33 15.06
14.33 15.06
14.33 15.06
14.51 15.06
14.51 15.06
14.51 15.06
11.78 15.25
11.78 15.25
11.78 15.25
12.14 15.25
12.14 15.25
12.14 15.25
14.33 15.25
14.33 15.25
14.33 15.25
14.70 15.25
14.70 15.25
14.70 15.25
15.43 15.25
15.43 15.25
15.43 15.25
12.69 15.43
12.69 15.43
12.69 15.43
14.15 15.43
14.15 15.43
14.15 15.43
14.33 15.43
14.33 15.43
14.33 15.43
14.51 15.43
14.51 15.43
14.51 15.43
14.88 15.43
14.88 15.43
14.88 15.43
15.25 15.43
15.25 15.43
15.25 15.43
15.43 15.43
15.43 15.43
15.43 15.43
11.78 15.61
11.78 15.61
11.78 15.61
12.32 15.61
12.32 15.61
12.32 15.61
12.51 15.61
12.51 15.61
12.51 15.61
12.69 15.61
12.69 15.61
12.69 15.61
12.87 15.61
12.87 15.61
12.87 15.61
13.24 15.61
13.24 15.61
13.24 15.61
13.42 15.61
13.42 15.61
13.42 15.61
13.78 15.61
13.78 15.61
13.78 15.61
13.97 15.61
13.97 15.61
13.97 15.61
15.06 15.61
15.06 15.61
15.06 15.61
15.25 15.61
15.25 15.61
15.25 15.61
12.51 15.79
12.51 15.79
12.51 15.79
12.87 15.79
12.87 15.79
12.87 15.79
13.05 15.79
13.05 15.79
13.05 15.79
14.33 15.79
14.33 15.79
14.33 15.79
14.70 15.79
14.70 15.79
14.70 15.79
15.43 15.79
15.43 15.79
15.43 15.79
15.98 15.79
15.98 15.79
15.98 15.79
13.05 15.98
13.05 15.98
13.05 15.98
13.24 15.98
13.24 15.98
13.24 15.98
13.42 15.98
13.42 15.98
13.42 15.98
13.60 15.98
13.60 15.98
13.60 15.98
13.97 15.98
13.97 15.98
13.97 15.98
14.33 15.98
14.33 15.98
14.33 15.98
15.06 15.98
15.06 15.98
15.06 15.98
15.25 15.98
15.25 15.98
15.25 15.98
15.61 15.98
15.61 15.98
15.61 15.98
13.05 16.16
13.05 16.16
13.05 16.16
13.78 16.16
13.78 16.16
13.78 16.16
13.97 16.16
13.97 16.16
13.97 16.16
14.51 16.16
14.51 16.16
14.51 16.16
15.25 16.16
15.25 16.16
15.25 16.16
15.43 16.16
15.43 16.16
15.43 16.16
15.79 16.16
15.79 16.16
15.79 16.16
15.98 16.16
15.98 16.16
15.98 16.16
13.05 16.34
13.05 16.34
13.05 16.34
13.42 16.34
13.42 16.34
13.42 16.34
13.60 16.34
13.60 16.34
13.60 16.34
14.15 16.34
14.15 16.34
14.15 16.34
14.33 16.34
14.33 16.34
14.33 16.34
14.51 16.34
14.51 16.34
14.51 16.34
14.88 16.34
14.88 16.34
14.88 16.34
15.25 16.34
15.25 16.34
15.25 16.34
15.61 16.34
15.61 16.34
15.61 16.34
15.79 16.34
15.79 16.34
15.79 16.34
16.16 16.34
16.16 16.34
16.16 16.34
16.34 16.34
16.34 16.34
16.34 16.34
16.52 16.34
16.52 16.34
16.52 16.34
16.71 16.34
16.71 16.34
16.71 16.34
13.60 16.52
13.60 16.52
13.60 16.52
13.97 16.52
13.97 16.52
13.97 16.52
14.15 16.52
14.15 16.52
14.15 16.52
14.70 16.52
14.70 16.52
14.70 16.52
15.61 16.52
15.61 16.52
15.61 16.52
16.16 16.52
16.16 16.52
16.16 16.52
16.71 16.52
16.71 16.52
16.71 16.52
13.05 16.71
13.05 16.71
13.05 16.71
13.24 16.71
13.24 16.71
13.24 16.71
13.78 16.71
13.78 16.71
13.78 16.71
15.61 16.71
15.61 16.71
15.61 16.71
15.79 16.71
15.79 16.71
15.79 16.71
16.16 16.71
16.16 16.71
16.16 16.71
16.34 16.71
16.34 16.71
16.34 16.71
16.52 16.71
16.52 16.71
16.52 16.71
13.78 16.89
13.78 16.89
13.78 16.89
13.97 16.89
13.97 16.89
13.97 16.89
15.79 16.89
15.79 16.89
15.79 16.89
15.98 16.89
15.98 16.89
15.98 16.89
16.34 16.89
16.34 16.89
16.34 16.89
16.52 16.89
16.52 16.89
16.52 16.89
13.60 17.07
13.60 17.07
13.60 17.07
15.61 17.07
15.61 17.07
15.61 17.07
15.79 17.07
15.79 17.07
15.79 17.07
13.60 17.25
13.60 17.25
13.60 17.25
13.97 17.25
13.97 17.25
13.97 17.25
14.15 17.25
14.15 17.25
14.15 17.25
14.33 17.25
14.33 17.25
14.33 17.25
14.88 17.25
14.88 17.25
14.88 17.25
15.43 17.25
15.43 17.25
15.43 17.25
15.61 17.25
15.61 17.25
15.61 17.25
13.60 17.44
13.60 17.44
13.60 17.44
13.78 17.44
13.78 17.44
13.78 17.44
13.97 17.44
13.97 17.44
13.97 17.44
14.33 17.44
14.33 17.44
14.33 17.44
14.51 17.44
14.51 17.44
14.51 17.44
14.88 17.44
14.88 17.44
14.88 17.44
15.25 17.44
15.25 17.44
15.25 17.44
16.52 17.44
16.52 17.44
16.52 17.44
16.71 17.44
16.71 17.44
16.71 17.44
14.33 17.62
14.33 17.62
14.33 17.62
14.51 17.62
14.51 17.62
14.51 17.62
14.88 17.62
14.88 17.62
14.88 17.62
15.06 17.62
15.06 17.62
15.06 17.62
15.98 17.62
15.98 17.62
15.98 17.62
16.16 17.62
16.16 17.62
16.16 17.62
16.71 17.62
16.71 17.62
16.71 17.62
13.60 17.80
13.60 17.80
13.60 17.80
14.15 17.80
14.15 17.80
14.15 17.80
14.33 17.80
14.33 17.80
14.33 17.80
14.51 17.80
14.51 17.80
14.51 17.80
14.70 17.80
14.70 17.80
14.70 17.80
15.06 17.80
15.06 17.80
15.06 17.80
16.71 17.80
16.71 17.80
16.71 17.80
13.78 17.98
13.78 17.98
13.78 17.98
13.97 17.98
13.97 17.98
13.97 17.98
14.70 17.98
14.70 17.98
14.70 17.98
15.06 17.98
15.06 17.98
15.06 17.98
16.52 17.98
16.52 17.98
16.52 17.98
16.71 17.98
16.71 17.98
16.71 17.98
13.60 18.17
13.60 18.17
13.60 18.17
13.78 18.17
13.78 18.17
13.78 18.17
14.33 18.17
14.33 18.17
14.33 18.17
14.51 18.17
14.51 18.17
14.51 18.17
14.70 18.17
14.70 18.17
14.70 18.17
14.88 18.17
14.88 18.17
14.88 18.17
15.25 18.17
15.25 18.17
15.25 18.17
15.43 18.17
15.43 18.17
15.43 18.17
15.61 18.17
15.61 18.17
15.61 18.17
15.79 18.17
15.79 18.17
15.79 18.17
15.98 18.17
15.98 18.17
15.98 18.17
16.16 18.17
16.16 18.17
16.16 18.17
16.34 18.17
16.34 18.17
16.34 18.17
16.52 18.17
16.52 18.17
16.52 18.17
16.89 18.17
16.89 18.17
16.89 18.17
17.25 18.17
17.25 18.17
17.25 18.17
14.51 18.35
14.51 18.35
14.51 18.35
15.25 18.35
15.25 18.35
15.25 18.35
15.43 18.35
15.43 18.35
15.43 18.35
15.61 18.35
15.61 18.35
15.61 18.35
15.79 18.35
15.79 18.35
15.79 18.35
15.98 18.35
15.98 18.35
15.98 18.35
16.16 18.35
16.16 18.35
16.16 18.35
16.34 18.35
16.34 18.35
16.34 18.35
16.52 18.35
16.52 18.35
16.52 18.35
16.71 18.35
16.71 18.35
16.71 18.35
16.89 18.35
16.89 18.35
16.89 18.35
17.07 18.35
17.07 18.35
17.07 18.35
17.44 18.35
17.44 18.35
17.44 18.35
17.80 18.35
17.80 18.35
17.80 18.35
17.98 18.35
17.98 18.35
17.98 18.35
15.06 18.53
15.06 18.53
15.06 18.53
15.43 18.53
15.43 18.53
15.43 18.53
15.61 18.53
15.61 18.53
15.61 18.53
15.79 18.53
15.79 18.53
15.79 18.53
15.98 18.53
15.98 18.53
15.98 18.53
16.16 18.53
16.16 18.53
16.16 18.53
16.34 18.53
16.34 18.53
16.34 18.53
16.52 18.53
16.52 18.53
16.52 18.53
16.71 18.53
16.71 18.53
16.71 18.53
17.25 18.53
17.25 18.53
17.25 18.53
17.62 18.53
17.62 18.53
17.62 18.53
17.80 18.53
17.80 18.53
17.80 18.53
17.98 18.53
17.98 18.53
17.98 18.53
14.88 18.71
14.88 18.71
14.88 18.71
15.06 18.71
15.06 18.71
15.06 18.71
15.43 18.71
15.43 18.71
15.43 18.71
15.61 18.71
15.61 18.71
15.61 18.71
15.79 18.71
15.79 18.71
15.79 18.71
15.98 18.71
15.98 18.71
15.98 18.71
16.16 18.71
16.16 18.71
16.16 18.71
16.89 18.71
16.89 18.71
16.89 18.71
17.25 18.71
17.25 18.71
17.25 18.71
17.62 18.71
17.62 18.71
17.62 18.71
17.80 18.71
17.80 18.71
17.80 18.71
15.25 18.90
15.25 18.90
15.25 18.90
15.43 18.90
15.43 18.90
15.43 18.90
15.61 18.90
15.61 18.90
15.61 18.90
15.79 18.90
15.79 18.90
15.79 18.90
15.98 18.90
15.98 18.90
15.98 18.90
16.16 18.90
16.16 18.90
16.16 18.90
16.34 18.90
16.34 18.90
16.34 18.90
17.25 18.90
17.25 18.90
17.25 18.90
17.44 18.90
17.44 18.90
17.44 18.90
15.06 19.08
15.06 19.08
15.06 19.08
15.43 19.08
15.43 19.08
15.43 19.08
15.61 19.08
15.61 19.08
15.61 19.08
15.79 19.08
15.79 19.08
15.79 19.08
15.98 19.08
15.98 19.08
15.98 19.08
16.16 19.08
16.16 19.08
16.16 19.08
16.34 19.08
16.34 19.08
16.34 19.08
16.52 19.08
16.52 19.08
16.52 19.08
16.71 19.08
16.71 19.08
16.71 19.08
16.89 19.08
16.89 19.08
16.89 19.08
17.07 19.08
17.07 19.08
17.07 19.08
17.25 19.08
17.25 19.08
17.25 19.08
15.06 19.26
15.06 19.26
15.06 19.26
15.25 19.26
15.25 19.26
15.25 19.26
15.98 19.26
15.98 19.26
15.98 19.26
16.16 19.26
16.16 19.26
16.16 19.26
16.34 19.26
16.34 19.26
16.34 19.26
14.88 19.44
14.88 19.44
14.88 19.44
15.06 19.44
15.06 19.44
15.06 19.44
16.89 19.44
16.89 19.44
16.89 19.44
15.25 19.63
15.25 19.63
15.25 19.63
15.98 19.63
15.98 19.63
15.98 19.63
16.16 19.63
16.16 19.63
16.16 19.63
16.34 19.63
16.34 19.63
16.34 19.63
16.52 19.63
16.52 19.63
16.52 19.63
16.71 19.63
16.71 19.63
16.71 19.63
14.88 19.81
14.88 19.81
14.88 19.81
15.25 19.81
15.25 19.81
15.25 19.81
15.43 19.81
15.43 19.81
15.43 19.81
15.79 19.81
15.79 19.81
15.79 19.81
16.52 19.81
16.52 19.81
16.52 19.81
15.25 19.99
15.25 19.99
15.25 19.99
15.43 19.99
15.43 19.99
15.43 19.99
15.61 19.99
15.61 19.99
15.61 19.99
16.16 19.99
16.16 19.99
16.16 19.99
15.06 20.17
15.06 20.17
15.06 20.17
15.25 20.17
15.25 20.17
15.25 20.17
15.61 20.17
15.61 20.17
15.61 20.17
15.98 20.17
15.98 20.17
15.98 20.17
14.88 20.36
14.88 20.36
14.88 20.36
15.98 20.36
15.98 20.36
15.98 20.36
14.88 20.54
14.88 20.54
14.88 20.54
15.79 20.54
15.79 20.54
15.79 20.54
15.98 20.54
15.98 20.54
15.98 20.54
15.61 21.09
15.61 21.09
15.61 21.09
15.98 21.09
15.98 21.09
15.98 21.09
