1.55 4.66
1.55 4.66
1.55 4.66
1.73 4.66
1.73 4.66
1.73 4.66
1.92 4.66
1.92 4.66
1.92 4.66
1.92 4.84
1.92 4.84
1.92 4.84
1.73 5.02
1.73 5.02
1.73 5.02
1.92 5.02
1.92 5.02
1.92 5.02
1.55 5.20
1.55 5.20
1.55 5.20
2.46 5.20
2.46 5.20
2.46 5.20
2.65 5.20
2.65 5.20
2.65 5.20
4.84 5.20
4.84 5.20
4.84 5.20
5.20 5.20
5.20 5.20
5.20 5.20
2.10 5.39
2.10 5.39
2.10 5.39
2.28 5.39
2.28 5.39
2.28 5.39
2.46 5.39
2.46 5.39
2.46 5.39
2.65 5.39
2.65 5.39
2.65 5.39
4.84 5.39
4.84 5.39
4.84 5.39
5.20 5.39
5.20 5.39
5.20 5.39
5.39 5.39
5.39 5.39
5.39 5.39
5.93 5.39
5.93 5.39
5.93 5.39
2.83 5.57
2.83 5.57
2.83 5.57
3.01 5.57
3.01 5.57
3.01 5.57
3.38 5.57
3.38 5.57
3.38 5.57
4.11 5.57
4.11 5.57
4.11 5.57
4.29 5.57
4.29 5.57
4.29 5.57
5.02 5.57
5.02 5.57
5.02 5.57
5.93 5.57
5.93 5.57
5.93 5.57
3.56 5.75
3.56 5.75
3.56 5.75
3.93 5.75
3.93 5.75
3.93 5.75
4.47 5.75
4.47 5.75
4.47 5.75
4.66 5.75
4.66 5.75
4.66 5.75
5.39 5.75
5.39 5.75
5.39 5.75
5.57 5.75
5.57 5.75
5.57 5.75
5.93 5.75
5.93 5.75
5.93 5.75
3.74 5.93
3.74 5.93
3.74 5.93
3.93 5.93
3.93 5.93
3.93 5.93
5.57 5.93
5.57 5.93
5.57 5.93
6.30 5.93
6.30 5.93
6.30 5.93
6.48 5.93
6.48 5.93
6.48 5.93
3.56 6.12
3.56 6.12
3.56 6.12
3.93 6.12
3.93 6.12
3.93 6.12
5.39 6.12
5.39 6.12
5.39 6.12
5.57 6.12
5.57 6.12
5.57 6.12
5.75 6.12
5.75 6.12
5.75 6.12
6.12 6.12
6.12 6.12
6.12 6.12
5.39 6.30
5.39 6.30
5.39 6.30
5.75 6.30
5.75 6.30
5.75 6.30
6.48 6.30
6.48 6.30
6.48 6.30
7.21 6.30
7.21 6.30
7.21 6.30
4.11 6.48
4.11 6.48
4.11 6.48
5.20 6.48
5.20 6.48
5.20 6.48
5.39 6.48
5.39 6.48
5.39 6.48
5.57 6.48
5.57 6.48
5.57 6.48
5.75 6.48
5.75 6.48
5.75 6.48
6.30 6.48
6.30 6.48
6.30 6.48
6.85 6.48
6.85 6.48
6.85 6.48
4.11 6.66
4.11 6.66
4.11 6.66
4.84 6.66
4.84 6.66
4.84 6.66
5.20 6.66
5.20 6.66
5.20 6.66
6.85 6.66
6.85 6.66
6.85 6.66
4.84 6.85
4.84 6.85
4.84 6.85
5.20 6.85
5.20 6.85
5.20 6.85
5.39 6.85
5.39 6.85
5.39 6.85
6.85 6.85
6.85 6.85
6.85 6.85
7.03 6.85
7.03 6.85
7.03 6.85
7.21 6.85
7.21 6.85
7.21 6.85
7.21 7.03
7.21 7.03
7.21 7.03
5.02 7.21
5.02 7.21
5.02 7.21
5.20 7.21
5.20 7.21
5.20 7.21
5.39 7.21
5.39 7.21
5.39 7.21
5.57 7.21
5.57 7.21
5.57 7.21
6.12 7.21
6.12 7.21
6.12 7.21
6.66 7.21
6.66 7.21
6.66 7.21
7.03 7.21
7.03 7.21
7.03 7.21
5.75 7.39
5.75 7.39
5.75 7.39
5.93 7.39
5.93 7.39
5.93 7.39
6.12 7.39
6.12 7.39
6.12 7.39
6.30 7.39
6.30 7.39
6.30 7.39
6.48 7.39
6.48 7.39
6.48 7.39
6.85 7.39
6.85 7.39
6.85 7.39
7.03 7.39
7.03 7.39
7.03 7.39
7.21 7.39
7.21 7.39
7.21 7.39
7.39 7.39
7.39 7.39
7.39 7.39
7.94 7.39
7.94 7.39
7.94 7.39
5.57 7.58
5.57 7.58
5.57 7.58
5.75 7.58
5.75 7.58
5.75 7.58
6.30 7.58
6.30 7.58
6.30 7.58
6.66 7.58
6.66 7.58
6.66 7.58
6.85 7.58
6.85 7.58
6.85 7.58
7.58 7.58
7.58 7.58
7.58 7.58
7.76 7.58
7.76 7.58
7.76 7.58
5.93 7.76
5.93 7.76
5.93 7.76
6.12 7.76
6.12 7.76
6.12 7.76
6.48 7.76
6.48 7.76
6.48 7.76
6.66 7.76
6.66 7.76
6.66 7.76
7.03 7.76
7.03 7.76
7.03 7.76
7.21 7.76
7.21 7.76
7.21 7.76
7.76 7.76
7.76 7.76
7.76 7.76
7.94 7.76
7.94 7.76
7.94 7.76
5.39 7.94
5.39 7.94
5.39 7.94
5.93 7.94
5.93 7.94
5.93 7.94
6.12 7.94
6.12 7.94
6.12 7.94
6.48 7.94
6.48 7.94
6.48 7.94
6.66 7.94
6.66 7.94
6.66 7.94
6.85 7.94
6.85 7.94
6.85 7.94
8.12 7.94
8.12 7.94
8.12 7.94
8.31 7.94
8.31 7.94
8.31 7.94
8.49 7.94
8.49 7.94
8.49 7.94
5.39 8.12
5.39 8.12
5.39 8.12
6.12 8.12
6.12 8.12
6.12 8.12
6.30 8.12
6.30 8.12
6.30 8.12
8.12 8.12
8.12 8.12
8.12 8.12
9.04 8.12
9.04 8.12
9.04 8.12
9.22 8.12
9.22 8.12
9.22 8.12
8.49 8.31
8.49 8.31
8.49 8.31
8.85 8.31
8.85 8.31
8.85 8.31
9.04 8.31
9.04 8.31
9.04 8.31
6.12 8.49
6.12 8.49
6.12 8.49
8.67 8.49
8.67 8.49
8.67 8.49
8.85 8.49
8.85 8.49
8.85 8.49
9.22 8.49
9.22 8.49
9.22 8.49
7.39 8.67
7.39 8.67
7.39 8.67
7.58 8.67
7.58 8.67
7.58 8.67
7.94 8.67
7.94 8.67
7.94 8.67
8.67 8.67
8.67 8.67
8.67 8.67
8.85 8.67
8.85 8.67
8.85 8.67
9.22 8.67
9.22 8.67
9.22 8.67
9.40 8.67
9.40 8.67
9.40 8.67
9.59 8.67
9.59 8.67
9.59 8.67
9.77 8.67
9.77 8.67
9.77 8.67
9.95 8.67
9.95 8.67
9.95 8.67
7.21 8.85
7.21 8.85
7.21 8.85
8.85 8.85
8.85 8.85
8.85 8.85
9.04 8.85
9.04 8.85
9.04 8.85
9.77 8.85
9.77 8.85
9.77 8.85
9.95 8.85
9.95 8.85
9.95 8.85
6.85 9.04
6.85 9.04
6.85 9.04
8.85 9.04
8.85 9.04
8.85 9.04
9.40 9.04
9.40 9.04
9.40 9.04
9.59 9.04
9.59 9.04
9.59 9.04
9.77 9.04
9.77 9.04
9.77 9.04
6.85 9.22
6.85 9.22
6.85 9.22
7.21 9.22
7.21 9.22
7.21 9.22
8.67 9.22
8.67 9.22
8.67 9.22
8.85 9.22
8.85 9.22
8.85 9.22
9.04 9.22
9.04 9.22
9.04 9.22
9.59 9.22
9.59 9.22
9.59 9.22
9.77 9.22
9.77 9.22
9.77 9.22
9.95 9.22
9.95 9.22
9.95 9.22
7.03 9.40
7.03 9.40
7.03 9.40
8.49 9.40
8.49 9.40
8.49 9.40
8.85 9.40
8.85 9.40
8.85 9.40
9.22 9.40
9.22 9.40
9.22 9.40
9.40 9.40
9.40 9.40
9.40 9.40
9.59 9.40
9.59 9.40
9.59 9.40
9.95 9.40
9.95 9.40
9.95 9.40
8.31 9.59
8.31 9.59
8.31 9.59
8.49 9.59
8.49 9.59
8.49 9.59
9.04 9.59
9.04 9.59
9.04 9.59
9.22 9.59
9.22 9.59
9.22 9.59
9.40 9.59
9.40 9.59
9.40 9.59
9.59 9.59
9.59 9.59
9.59 9.59
9.77 9.59
9.77 9.59
9.77 9.59
7.76 9.77
7.76 9.77
7.76 9.77
7.94 9.77
7.94 9.77
7.94 9.77
8.12 9.77
8.12 9.77
8.12 9.77
8.31 9.77
8.31 9.77
8.31 9.77
8.49 9.77
8.49 9.77
8.49 9.77
9.04 9.77
9.04 9.77
9.04 9.77
9.22 9.77
9.22 9.77
9.22 9.77
9.95 9.77
9.95 9.77
9.95 9.77
10.32 9.77
10.32 9.77
10.32 9.77
7.39 9.95
7.39 9.95
7.39 9.95
7.94 9.95
7.94 9.95
7.94 9.95
8.12 9.95
8.12 9.95
8.12 9.95
8.31 9.95
8.31 9.95
8.31 9.95
9.59 9.95
9.59 9.95
9.59 9.95
9.77 9.95
9.77 9.95
9.77 9.95
10.32 9.95
10.32 9.95
10.32 9.95
8.12 10.13
8.12 10.13
8.12 10.13
9.04 10.13
9.04 10.13
9.04 10.13
9.22 10.13
9.22 10.13
9.22 10.13
9.40 10.13
9.40 10.13
9.40 10.13
8.49 10.32
8.49 10.32
8.49 10.32
8.67 10.32
8.67 10.32
8.67 10.32
8.85 10.32
8.85 10.32
8.85 10.32
9.04 10.32
9.04 10.32
9.04 10.32
9.22 10.32
9.22 10.32
9.22 10.32
9.40 10.32
9.40 10.32
9.40 10.32
9.59 10.32
9.59 10.32
9.59 10.32
10.13 10.32
10.13 10.32
10.13 10.32
10.68 10.32
10.68 10.32
10.68 10.32
8.49 10.50
8.49 10.50
8.49 10.50
8.67 10.50
8.67 10.50
8.67 10.50
8.85 10.50
8.85 10.50
8.85 10.50
9.40 10.50
9.40 10.50
9.40 10.50
10.68 10.50
10.68 10.50
10.68 10.50
11.05 10.50
11.05 10.50
11.05 10.50
11.23 10.50
11.23 10.50
11.23 10.50
8.85 10.68
8.85 10.68
8.85 10.68
9.95 10.68
9.95 10.68
9.95 10.68
10.13 10.68
10.13 10.68
10.13 10.68
10.50 10.68
10.50 10.68
10.50 10.68
10.68 10.68
10.68 10.68
10.68 10.68
11.23 10.68
11.23 10.68
11.23 10.68
9.04 10.86
9.04 10.86
9.04 10.86
9.59 10.86
9.59 10.86
9.59 10.86
10.68 10.86
10.68 10.86
10.68 10.86
11.05 10.86
11.05 10.86
11.05 10.86
11.23 10.86
11.23 10.86
11.23 10.86
11.78 10.86
11.78 10.86
11.78 10.86
8.67 11.05
8.67 11.05
8.67 11.05
8.85 11.05
8.85 11.05
8.85 11.05
9.22 11.05
9.22 11.05
9.22 11.05
9.59 11.05
9.59 11.05
9.59 11.05
10.32 11.05
10.32 11.05
10.32 11.05
10.50 11.05
10.50 11.05
10.50 11.05
11.78 11.05
11.78 11.05
11.78 11.05
9.04 11.23
9.04 11.23
9.04 11.23
9.22 11.23
9.22 11.23
9.22 11.23
9.59 11.23
9.59 11.23
9.59 11.23
9.77 11.23
9.77 11.23
9.77 11.23
10.32 11.23
10.32 11.23
10.32 11.23
10.50 11.23
10.50 11.23
10.50 11.23
10.68 11.23
10.68 11.23
10.68 11.23
11.23 11.23
11.23 11.23
11.23 11.23
11.41 11.23
11.41 11.23
11.41 11.23
11.78 11.23
11.78 11.23
11.78 11.23
9.22 11.41
9.22 11.41
9.22 11.41
10.50 11.41
10.50 11.41
10.50 11.41
10.68 11.41
10.68 11.41
10.68 11.41
10.86 11.41
10.86 11.41
10.86 11.41
11.05 11.41
11.05 11.41
11.05 11.41
11.23 11.41
11.23 11.41
11.23 11.41
11.78 11.41
11.78 11.41
11.78 11.41
8.67 11.59
8.67 11.59
8.67 11.59
8.85 11.59
8.85 11.59
8.85 11.59
9.22 11.59
9.22 11.59
9.22 11.59
9.40 11.59
9.40 11.59
9.40 11.59
10.50 11.59
10.50 11.59
10.50 11.59
10.68 11.59
10.68 11.59
10.68 11.59
10.86 11.59
10.86 11.59
10.86 11.59
11.05 11.59
11.05 11.59
11.05 11.59
10.32 11.78
10.32 11.78
10.32 11.78
10.50 11.78
10.50 11.78
10.50 11.78
10.68 11.78
10.68 11.78
10.68 11.78
10.86 11.78
10.86 11.78
10.86 11.78
9.59 11.96
9.59 11.96
9.59 11.96
9.77 11.96
9.77 11.96
9.77 11.96
9.95 11.96
9.95 11.96
9.95 11.96
10.13 11.96
10.13 11.96
10.13 11.96
10.32 11.96
10.32 11.96
10.32 11.96
10.50 11.96
10.50 11.96
10.50 11.96
11.05 11.96
11.05 11.96
11.05 11.96
11.23 11.96
11.23 11.96
11.23 11.96
11.41 11.96
11.41 11.96
11.41 11.96
12.32 11.96
12.32 11.96
12.32 11.96
12.51 11.96
12.51 11.96
12.51 11.96
9.59 12.14
9.59 12.14
9.59 12.14
9.77 12.14
9.77 12.14
9.77 12.14
9.95 12.14
9.95 12.14
9.95 12.14
11.41 12.14
11.41 12.14
11.41 12.14
11.59 12.14
11.59 12.14
11.59 12.14
11.78 12.14
11.78 12.14
11.78 12.14
11.96 12.14
11.96 12.14
11.96 12.14
12.32 12.14
12.32 12.14
12.32 12.14
12.51 12.14
12.51 12.14
12.51 12.14
10.68 12.32
10.68 12.32
10.68 12.32
10.86 12.32
10.86 12.32
10.86 12.32
11.05 12.32
11.05 12.32
11.05 12.32
11.96 12.32
11.96 12.32
11.96 12.32
12.51 12.32
12.51 12.32
12.51 12.32
9.40 12.51
9.40 12.51
9.40 12.51
10.13 12.51
10.13 12.51
10.13 12.51
10.86 12.51
10.86 12.51
10.86 12.51
11.05 12.51
11.05 12.51
11.05 12.51
11.23 12.51
11.23 12.51
11.23 12.51
12.69 12.51
12.69 12.51
12.69 12.51
13.05 12.51
13.05 12.51
13.05 12.51
10.32 12.69
10.32 12.69
10.32 12.69
10.68 12.69
10.68 12.69
10.68 12.69
11.05 12.69
11.05 12.69
11.05 12.69
11.23 12.69
11.23 12.69
11.23 12.69
11.41 12.69
11.41 12.69
11.41 12.69
11.59 12.69
11.59 12.69
11.59 12.69
9.95 12.87
9.95 12.87
9.95 12.87
10.32 12.87
10.32 12.87
10.32 12.87
10.68 12.87
10.68 12.87
10.68 12.87
11.05 12.87
11.05 12.87
11.05 12.87
11.23 12.87
11.23 12.87
11.23 12.87
11.41 12.87
11.41 12.87
11.41 12.87
11.59 12.87
11.59 12.87
11.59 12.87
11.78 12.87
11.78 12.87
11.78 12.87
12.69 12.87
12.69 12.87
12.69 12.87
12.87 12.87
12.87 12.87
12.87 12.87
13.05 12.87
13.05 12.87
13.05 12.87
10.86 13.05
10.86 13.05
10.86 13.05
11.59 13.05
11.59 13.05
11.59 13.05
11.78 13.05
11.78 13.05
11.78 13.05
11.96 13.05
11.96 13.05
11.96 13.05
12.14 13.05
12.14 13.05
12.14 13.05
12.32 13.05
12.32 13.05
12.32 13.05
12.51 13.05
12.51 13.05
12.51 13.05
12.69 13.05
12.69 13.05
12.69 13.05
13.05 13.05
13.05 13.05
13.05 13.05
10.32 13.24
10.32 13.24
10.32 13.24
10.50 13.24
10.50 13.24
10.50 13.24
11.96 13.24
11.96 13.24
11.96 13.24
12.14 13.24
12.14 13.24
12.14 13.24
12.32 13.24
12.32 13.24
12.32 13.24
12.51 13.24
12.51 13.24
12.51 13.24
12.69 13.24
12.69 13.24
12.69 13.24
12.87 13.24
12.87 13.24
12.87 13.24
13.05 13.24
13.05 13.24
13.05 13.24
9.95 13.42
9.95 13.42
9.95 13.42
10.13 13.42
10.13 13.42
10.13 13.42
10.32 13.42
10.32 13.42
10.32 13.42
10.68 13.42
10.68 13.42
10.68 13.42
12.14 13.42
12.14 13.42
12.14 13.42
12.32 13.42
12.32 13.42
12.32 13.42
12.69 13.42
12.69 13.42
12.69 13.42
12.87 13.42
12.87 13.42
12.87 13.42
10.13 13.60
10.13 13.60
10.13 13.60
10.32 13.60
10.32 13.60
10.32 13.60
10.68 13.60
10.68 13.60
10.68 13.60
12.14 13.60
12.14 13.60
12.14 13.60
12.32 13.60
12.32 13.60
12.32 13.60
12.51 13.60
12.51 13.60
12.51 13.60
13.05 13.60
13.05 13.60
13.05 13.60
13.24 13.60
13.24 13.60
13.24 13.60
10.86 13.78
10.86 13.78
10.86 13.78
11.78 13.78
11.78 13.78
11.78 13.78
11.96 13.78
11.96 13.78
11.96 13.78
12.14 13.78
12.14 13.78
12.14 13.78
12.32 13.78
12.32 13.78
12.32 13.78
12.69 13.78
12.69 13.78
12.69 13.78
12.87 13.78
12.87 13.78
12.87 13.78
13.24 13.78
13.24 13.78
13.24 13.78
13.42 13.78
13.42 13.78
13.42 13.78
13.60 13.78
13.60 13.78
13.60 13.78
13.78 13.78
13.78 13.78
13.78 13.78
11.59 14.15
11.59 14.15
11.59 14.15
11.96 14.15
11.96 14.15
11.96 14.15
12.32 14.15
12.32 14.15
12.32 14.15
12.51 14.15
12.51 14.15
12.51 14.15
12.69 14.15
12.69 14.15
12.69 14.15
13.97 14.15
13.97 14.15
13.97 14.15
14.33 14.15
14.33 14.15
14.33 14.15
11.41 14.33
11.41 14.33
11.41 14.33
11.78 14.33
11.78 14.33
11.78 14.33
11.96 14.33
11.96 14.33
11.96 14.33
12.32 14.33
12.32 14.33
12.32 14.33
12.51 14.33
12.51 14.33
12.51 14.33
12.69 14.33
12.69 14.33
12.69 14.33
13.60 14.33
13.60 14.33
13.60 14.33
13.78 14.33
13.78 14.33
13.78 14.33
11.41 14.51
11.41 14.51
11.41 14.51
11.96 14.51
11.96 14.51
11.96 14.51
12.14 14.51
12.14 14.51
12.14 14.51
12.32 14.51
12.32 14.51
12.32 14.51
12.87 14.51
12.87 14.51
12.87 14.51
13.05 14.51
13.05 14.51
13.05 14.51
13.24 14.51
13.24 14.51
13.24 14.51
13.42 14.51
13.42 14.51
13.42 14.51
14.33 14.51
14.33 14.51
14.33 14.51
11.59 14.70
11.59 14.70
11.59 14.70
12.14 14.70
12.14 14.70
12.14 14.70
12.69 14.70
12.69 14.70
12.69 14.70
12.87 14.70
12.87 14.70
12.87 14.70
13.05 14.70
13.05 14.70
13.05 14.70
13.24 14.70
13.24 14.70
13.24 14.70
14.15 14.70
14.15 14.70
14.15 14.70
14.33 14.70
14.33 14.70
14.33 14.70
11.96 14.88
11.96 14.88
11.96 14.88
12.32 14.88
12.32 14.88
12.32 14.88
12.51 14.88
12.51 14.88
12.51 14.88
12.69 14.88
12.69 14.88
12.69 14.88
12.87 14.88
12.87 14.88
12.87 14.88
13.05 14.88
13.05 14.88
13.05 14.88
13.24 14.88
13.24 14.88
13.24 14.88
13.97 14.88
13.97 14.88
13.97 14.88
12.14 15.06
12.14 15.06
12.14 15.06
12.32 15.06
12.32 15.06
12.32 15.06
13.24 15.06
13.24 15.06
13.24 15.06
13.42 15.06
13.42 15.06
13.42 15.06
13.60 15.06
13.60 15.06
13.60 15.06
13.78 15.06
13.78 15.06
13.78 15.06
13.97 15.06
13.97 15.06
13.97 15.06
14.33 15.06
14.33 15.06
14.33 15.06
11.96 15.25
11.96 15.25
11.96 15.25
12.14 15.25
12.14 15.25
12.14 15.25
13.05 15.25
13.05 15.25
13.05 15.25
13.24 15.25
13.24 15.25
13.24 15.25
13.42 15.25
13.42 15.25
13.42 15.25
13.60 15.25
13.60 15.25
13.60 15.25
13.78 15.25
13.78 15.25
13.78 15.25
13.97 15.25
13.97 15.25
13.97 15.25
14.15 15.25
14.15 15.25
14.15 15.25
14.33 15.25
14.33 15.25
14.33 15.25
11.96 15.43
11.96 15.43
11.96 15.43
12.14 15.43
12.14 15.43
12.14 15.43
12.32 15.43
12.32 15.43
12.32 15.43
12.51 15.43
12.51 15.43
12.51 15.43
13.24 15.43
13.24 15.43
13.24 15.43
13.42 15.43
13.42 15.43
13.42 15.43
13.60 15.43
13.60 15.43
13.60 15.43
13.78 15.43
13.78 15.43
13.78 15.43
13.97 15.43
13.97 15.43
13.97 15.43
14.33 15.43
14.33 15.43
14.33 15.43
12.51 15.61
12.51 15.61
12.51 15.61
12.69 15.61
12.69 15.61
12.69 15.61
12.87 15.61
12.87 15.61
12.87 15.61
13.97 15.61
13.97 15.61
13.97 15.61
14.33 15.61
14.33 15.61
14.33 15.61
14.51 15.61
14.51 15.61
14.51 15.61
11.96 15.79
11.96 15.79
11.96 15.79
12.14 15.79
12.14 15.79
12.14 15.79
12.32 15.79
12.32 15.79
12.32 15.79
12.69 15.79
12.69 15.79
12.69 15.79
12.87 15.79
12.87 15.79
12.87 15.79
13.78 15.79
13.78 15.79
13.78 15.79
14.51 15.79
14.51 15.79
14.51 15.79
15.06 15.79
15.06 15.79
15.06 15.79
13.60 15.98
13.60 15.98
13.60 15.98
13.78 15.98
13.78 15.98
13.78 15.98
13.97 15.98
13.97 15.98
13.97 15.98
14.15 15.98
14.15 15.98
14.15 15.98
14.51 15.98
14.51 15.98
14.51 15.98
14.70 15.98
14.70 15.98
14.70 15.98
13.24 16.16
13.24 16.16
13.24 16.16
13.60 16.16
13.60 16.16
13.60 16.16
13.78 16.16
13.78 16.16
13.78 16.16
13.97 16.16
13.97 16.16
13.97 16.16
14.15 16.16
14.15 16.16
14.15 16.16
14.51 16.16
14.51 16.16
14.51 16.16
14.70 16.16
14.70 16.16
14.70 16.16
14.88 16.16
14.88 16.16
14.88 16.16
15.06 16.16
15.06 16.16
15.06 16.16
12.87 16.34
12.87 16.34
12.87 16.34
13.05 16.34
13.05 16.34
13.05 16.34
13.24 16.34
13.24 16.34
13.24 16.34
14.15 16.34
14.15 16.34
14.15 16.34
14.33 16.34
14.33 16.34
14.33 16.34
15.06 16.34
15.06 16.34
15.06 16.34
15.25 16.34
15.25 16.34
15.25 16.34
15.43 16.34
15.43 16.34
15.43 16.34
12.87 16.52
12.87 16.52
12.87 16.52
13.24 16.52
13.24 16.52
13.24 16.52
14.15 16.52
14.15 16.52
14.15 16.52
14.33 16.52
14.33 16.52
14.33 16.52
14.51 16.52
14.51 16.52
14.51 16.52
14.70 16.52
14.70 16.52
14.70 16.52
14.88 16.52
14.88 16.52
14.88 16.52
15.25 16.52
15.25 16.52
15.25 16.52
13.24 16.71
13.24 16.71
13.24 16.71
13.60 16.71
13.60 16.71
13.60 16.71
14.15 16.71
14.15 16.71
14.15 16.71
14.70 16.71
14.70 16.71
14.70 16.71
15.61 16.71
15.61 16.71
15.61 16.71
13.05 16.89
13.05 16.89
13.05 16.89
13.42 16.89
13.42 16.89
13.42 16.89
13.78 16.89
13.78 16.89
13.78 16.89
15.61 16.89
15.61 16.89
15.61 16.89
13.24 17.07
13.24 17.07
13.24 17.07
13.42 17.07
13.42 17.07
13.42 17.07
13.78 17.07
13.78 17.07
13.78 17.07
15.43 17.25
15.43 17.25
15.43 17.25
13.24 17.44
13.24 17.44
13.24 17.44
13.42 17.44
13.42 17.44
13.42 17.44
13.60 17.44
13.60 17.44
13.60 17.44
15.79 17.44
15.79 17.44
15.79 17.44
16.16 17.44
16.16 17.44
16.16 17.44
13.60 17.62
13.60 17.62
13.60 17.62
13.78 17.62
13.78 17.62
13.78 17.62
13.97 17.62
13.97 17.62
13.97 17.62
14.15 17.62
14.15 17.62
14.15 17.62
14.33 17.62
14.33 17.62
14.33 17.62
14.51 17.62
14.51 17.62
14.51 17.62
15.43 17.62
15.43 17.62
15.43 17.62
15.79 17.62
15.79 17.62
15.79 17.62
15.98 17.62
15.98 17.62
15.98 17.62
16.16 17.62
16.16 17.62
16.16 17.62
13.24 17.80
13.24 17.80
13.24 17.80
13.42 17.80
13.42 17.80
13.42 17.80
13.60 17.80
13.60 17.80
13.60 17.80
13.97 17.80
13.97 17.80
13.97 17.80
14.15 17.80
14.15 17.80
14.15 17.80
14.33 17.80
14.33 17.80
14.33 17.80
14.51 17.80
14.51 17.80
14.51 17.80
15.79 17.80
15.79 17.80
15.79 17.80
16.34 17.80
16.34 17.80
16.34 17.80
13.42 17.98
13.42 17.98
13.42 17.98
13.60 17.98
13.60 17.98
13.60 17.98
13.97 17.98
13.97 17.98
13.97 17.98
14.15 17.98
14.15 17.98
14.15 17.98
14.33 17.98
14.33 17.98
14.33 17.98
14.51 17.98
14.51 17.98
14.51 17.98
15.43 17.98
15.43 17.98
15.43 17.98
15.61 17.98
15.61 17.98
15.61 17.98
15.98 17.98
15.98 17.98
15.98 17.98
14.70 18.17
14.70 18.17
14.70 18.17
14.88 18.17
14.88 18.17
14.88 18.17
15.06 18.17
15.06 18.17
15.06 18.17
15.25 18.17
15.25 18.17
15.25 18.17
15.61 18.17
15.61 18.17
15.61 18.17
16.34 18.17
16.34 18.17
16.34 18.17
13.97 18.35
13.97 18.35
13.97 18.35
14.15 18.35
14.15 18.35
14.15 18.35
14.88 18.35
14.88 18.35
14.88 18.35
15.61 18.35
15.61 18.35
15.61 18.35
15.79 18.35
15.79 18.35
15.79 18.35
15.98 18.35
15.98 18.35
15.98 18.35
14.15 18.53
14.15 18.53
14.15 18.53
14.51 18.53
14.51 18.53
14.51 18.53
14.70 18.53
14.70 18.53
14.70 18.53
15.25 18.53
15.25 18.53
15.25 18.53
15.61 18.53
15.61 18.53
15.61 18.53
13.97 18.71
13.97 18.71
13.97 18.71
14.15 18.71
14.15 18.71
14.15 18.71
15.06 18.71
15.06 18.71
15.06 18.71
15.43 18.71
15.43 18.71
15.43 18.71
13.97 18.90
13.97 18.90
13.97 18.90
14.15 18.90
14.15 18.90
14.15 18.90
14.88 18.90
14.88 18.90
14.88 18.90
15.06 18.90
15.06 18.90
15.06 18.90
13.60 19.08
13.60 19.08
13.60 19.08
13.78 19.08
13.78 19.08
13.78 19.08
13.97 19.08
13.97 19.08
13.97 19.08
14.33 19.08
14.33 19.08
14.33 19.08
14.51 19.08
14.51 19.08
14.51 19.08
14.88 19.08
14.88 19.08
14.88 19.08
13.24 19.26
13.24 19.26
13.24 19.26
13.42 19.26
13.42 19.26
13.42 19.26
13.97 19.26
13.97 19.26
13.97 19.26
14.33 19.26
14.33 19.26
14.33 19.26
14.51 19.26
14.51 19.26
14.51 19.26
14.88 19.26
14.88 19.26
14.88 19.26
13.97 19.44
13.97 19.44
13.97 19.44
14.51 19.44
14.51 19.44
14.51 19.44
14.88 19.44
14.88 19.44
14.88 19.44
15.06 19.44
15.06 19.44
15.06 19.44
14.15 19.63
14.15 19.63
14.15 19.63
14.70 19.63
14.70 19.63
14.70 19.63
14.88 19.63
14.88 19.63
14.88 19.63
