1.55 5.20
1.55 5.20
1.55 5.20
1.73 5.20
1.73 5.20
1.73 5.20
1.92 5.39
1.92 5.39
1.92 5.39
2.10 5.39
2.10 5.39
2.10 5.39
2.28 5.39
2.28 5.39
2.28 5.39
2.46 5.57
2.46 5.57
2.46 5.57
2.65 5.57
2.65 5.57
2.65 5.57
2.83 5.57
2.83 5.57
2.83 5.57
3.01 5.57
3.01 5.57
3.01 5.57
2.46 5.93
2.46 5.93
2.46 5.93
2.65 5.93
2.65 5.93
2.65 5.93
2.83 5.93
2.83 5.93
2.83 5.93
3.01 5.93
3.01 5.93
3.01 5.93
5.75 5.93
5.75 5.93
5.75 5.93
2.46 6.12
2.46 6.12
2.46 6.12
3.20 6.12
3.20 6.12
3.20 6.12
3.38 6.12
3.38 6.12
3.38 6.12
3.74 6.12
3.74 6.12
3.74 6.12
6.30 6.12
6.30 6.12
6.30 6.12
2.65 6.30
2.65 6.30
2.65 6.30
2.83 6.30
2.83 6.30
2.83 6.30
3.38 6.30
3.38 6.30
3.38 6.30
3.56 6.30
3.56 6.30
3.56 6.30
4.11 6.30
4.11 6.30
4.11 6.30
4.29 6.30
4.29 6.30
4.29 6.30
5.75 6.30
5.75 6.30
5.75 6.30
5.93 6.30
5.93 6.30
5.93 6.30
6.30 6.30
6.30 6.30
6.30 6.30
3.56 6.48
3.56 6.48
3.56 6.48
3.74 6.48
3.74 6.48
3.74 6.48
3.93 6.48
3.93 6.48
3.93 6.48
5.75 6.48
5.75 6.48
5.75 6.48
6.12 6.48
6.12 6.48
6.12 6.48
3.38 6.66
3.38 6.66
3.38 6.66
3.93 6.66
3.93 6.66
3.93 6.66
4.29 6.66
4.29 6.66
4.29 6.66
5.93 6.66
5.93 6.66
5.93 6.66
3.20 6.85
3.20 6.85
3.20 6.85
3.56 6.85
3.56 6.85
3.56 6.85
3.74 6.85
3.74 6.85
3.74 6.85
3.93 6.85
3.93 6.85
3.93 6.85
4.11 6.85
4.11 6.85
4.11 6.85
3.93 7.03
3.93 7.03
3.93 7.03
4.11 7.03
4.11 7.03
4.11 7.03
8.12 7.03
8.12 7.03
8.12 7.03
8.31 7.03
8.31 7.03
8.31 7.03
4.47 7.21
4.47 7.21
4.47 7.21
4.66 7.21
4.66 7.21
4.66 7.21
6.85 7.21
6.85 7.21
6.85 7.21
7.39 7.21
7.39 7.21
7.39 7.21
7.58 7.21
7.58 7.21
7.58 7.21
4.47 7.39
4.47 7.39
4.47 7.39
6.85 7.39
6.85 7.39
6.85 7.39
7.21 7.39
7.21 7.39
7.21 7.39
7.76 7.39
7.76 7.39
7.76 7.39
8.12 7.39
8.12 7.39
8.12 7.39
7.39 7.58
7.39 7.58
7.39 7.58
7.58 7.58
7.58 7.58
7.58 7.58
5.20 7.76
5.20 7.76
5.20 7.76
5.39 7.76
5.39 7.76
5.39 7.76
5.57 7.76
5.57 7.76
5.57 7.76
5.75 7.76
5.75 7.76
5.75 7.76
7.58 7.76
7.58 7.76
7.58 7.76
7.76 7.76
7.76 7.76
7.76 7.76
7.94 7.76
7.94 7.76
7.94 7.76
8.12 7.76
8.12 7.76
8.12 7.76
8.31 7.76
8.31 7.76
8.31 7.76
5.39 7.94
5.39 7.94
5.39 7.94
7.21 7.94
7.21 7.94
7.21 7.94
7.58 7.94
7.58 7.94
7.58 7.94
8.12 7.94
8.12 7.94
8.12 7.94
8.31 7.94
8.31 7.94
8.31 7.94
5.20 8.12
5.20 8.12
5.20 8.12
5.39 8.12
5.39 8.12
5.39 8.12
5.57 8.12
5.57 8.12
5.57 8.12
5.75 8.12
5.75 8.12
5.75 8.12
6.85 8.12
6.85 8.12
6.85 8.12
7.39 8.12
7.39 8.12
7.39 8.12
8.12 8.12
8.12 8.12
8.12 8.12
5.75 8.31
5.75 8.31
5.75 8.31
5.93 8.31
5.93 8.31
5.93 8.31
6.30 8.31
6.30 8.31
6.30 8.31
6.85 8.31
6.85 8.31
6.85 8.31
7.03 8.31
7.03 8.31
7.03 8.31
7.21 8.31
7.21 8.31
7.21 8.31
7.58 8.31
7.58 8.31
7.58 8.31
8.49 8.31
8.49 8.31
8.49 8.31
8.85 8.31
8.85 8.31
8.85 8.31
9.04 8.31
9.04 8.31
9.04 8.31
6.30 8.49
6.30 8.49
6.30 8.49
6.48 8.49
6.48 8.49
6.48 8.49
6.66 8.49
6.66 8.49
6.66 8.49
8.49 8.49
8.49 8.49
8.49 8.49
8.67 8.49
8.67 8.49
8.67 8.49
8.85 8.49
8.85 8.49
8.85 8.49
5.75 8.67
5.75 8.67
5.75 8.67
5.93 8.67
5.93 8.67
5.93 8.67
6.12 8.67
6.12 8.67
6.12 8.67
6.85 8.67
6.85 8.67
6.85 8.67
7.03 8.67
7.03 8.67
7.03 8.67
8.67 8.67
8.67 8.67
8.67 8.67
6.48 8.85
6.48 8.85
6.48 8.85
6.66 8.85
6.66 8.85
6.66 8.85
6.85 8.85
6.85 8.85
6.85 8.85
7.03 8.85
7.03 8.85
7.03 8.85
8.67 8.85
8.67 8.85
8.67 8.85
8.85 8.85
8.85 8.85
8.85 8.85
6.66 9.04
6.66 9.04
6.66 9.04
7.03 9.04
7.03 9.04
7.03 9.04
8.49 9.04
8.49 9.04
8.49 9.04
9.04 9.04
9.04 9.04
9.04 9.04
9.40 9.04
9.40 9.04
9.40 9.04
9.59 9.04
9.59 9.04
9.59 9.04
7.03 9.22
7.03 9.22
7.03 9.22
7.94 9.22
7.94 9.22
7.94 9.22
8.31 9.22
8.31 9.22
8.31 9.22
8.49 9.22
8.49 9.22
8.49 9.22
9.04 9.22
9.04 9.22
9.04 9.22
9.40 9.22
9.40 9.22
9.40 9.22
7.21 9.40
7.21 9.40
7.21 9.40
7.39 9.40
7.39 9.40
7.39 9.40
7.94 9.40
7.94 9.40
7.94 9.40
8.12 9.40
8.12 9.40
8.12 9.40
8.31 9.40
8.31 9.40
8.31 9.40
8.67 9.40
8.67 9.40
8.67 9.40
8.85 9.40
8.85 9.40
8.85 9.40
9.22 9.40
9.22 9.40
9.22 9.40
9.40 9.40
9.40 9.40
9.40 9.40
9.59 9.40
9.59 9.40
9.59 9.40
6.48 9.59
6.48 9.59
6.48 9.59
6.85 9.59
6.85 9.59
6.85 9.59
7.21 9.59
7.21 9.59
7.21 9.59
7.39 9.59
7.39 9.59
7.39 9.59
7.76 9.59
7.76 9.59
7.76 9.59
7.94 9.59
7.94 9.59
7.94 9.59
8.31 9.59
8.31 9.59
8.31 9.59
8.49 9.59
8.49 9.59
8.49 9.59
8.67 9.59
8.67 9.59
8.67 9.59
8.85 9.59
8.85 9.59
8.85 9.59
9.04 9.59
9.04 9.59
9.04 9.59
9.22 9.59
9.22 9.59
9.22 9.59
7.39 9.77
7.39 9.77
7.39 9.77
7.58 9.77
7.58 9.77
7.58 9.77
8.12 9.77
8.12 9.77
8.12 9.77
8.31 9.77
8.31 9.77
8.31 9.77
8.49 9.77
8.49 9.77
8.49 9.77
8.67 9.77
8.67 9.77
8.67 9.77
8.85 9.77
8.85 9.77
8.85 9.77
7.21 9.95
7.21 9.95
7.21 9.95
7.39 9.95
7.39 9.95
7.39 9.95
7.58 9.95
7.58 9.95
7.58 9.95
7.76 9.95
7.76 9.95
7.76 9.95
7.94 9.95
7.94 9.95
7.94 9.95
8.12 9.95
8.12 9.95
8.12 9.95
8.31 9.95
8.31 9.95
8.31 9.95
8.49 9.95
8.49 9.95
8.49 9.95
8.67 9.95
8.67 9.95
8.67 9.95
9.22 9.95
9.22 9.95
9.22 9.95
9.40 9.95
9.40 9.95
9.40 9.95
9.77 9.95
9.77 9.95
9.77 9.95
10.13 9.95
10.13 9.95
10.13 9.95
7.76 10.13
7.76 10.13
7.76 10.13
8.12 10.13
8.12 10.13
8.12 10.13
8.31 10.13
8.31 10.13
8.31 10.13
8.49 10.13
8.49 10.13
8.49 10.13
8.67 10.13
8.67 10.13
8.67 10.13
8.85 10.13
8.85 10.13
8.85 10.13
9.04 10.13
9.04 10.13
9.04 10.13
9.22 10.13
9.22 10.13
9.22 10.13
9.40 10.13
9.40 10.13
9.40 10.13
9.77 10.13
9.77 10.13
9.77 10.13
7.94 10.32
7.94 10.32
7.94 10.32
8.12 10.32
8.12 10.32
8.12 10.32
8.31 10.32
8.31 10.32
8.31 10.32
8.49 10.32
8.49 10.32
8.49 10.32
8.67 10.32
8.67 10.32
8.67 10.32
8.85 10.32
8.85 10.32
8.85 10.32
9.59 10.32
9.59 10.32
9.59 10.32
9.77 10.32
9.77 10.32
9.77 10.32
10.32 10.32
10.32 10.32
10.32 10.32
8.12 10.50
8.12 10.50
8.12 10.50
8.31 10.50
8.31 10.50
8.31 10.50
8.49 10.50
8.49 10.50
8.49 10.50
7.76 10.68
7.76 10.68
7.76 10.68
7.94 10.68
7.94 10.68
7.94 10.68
8.12 10.68
8.12 10.68
8.12 10.68
8.31 10.68
8.31 10.68
8.31 10.68
10.13 10.68
10.13 10.68
10.13 10.68
10.32 10.68
10.32 10.68
10.32 10.68
7.76 10.86
7.76 10.86
7.76 10.86
8.12 10.86
8.12 10.86
8.12 10.86
9.22 10.86
9.22 10.86
9.22 10.86
9.40 10.86
9.40 10.86
9.40 10.86
9.59 10.86
9.59 10.86
9.59 10.86
9.77 10.86
9.77 10.86
9.77 10.86
10.68 10.86
10.68 10.86
10.68 10.86
10.86 10.86
10.86 10.86
10.86 10.86
8.49 11.05
8.49 11.05
8.49 11.05
8.85 11.05
8.85 11.05
8.85 11.05
9.22 11.05
9.22 11.05
9.22 11.05
9.59 11.05
9.59 11.05
9.59 11.05
9.77 11.05
9.77 11.05
9.77 11.05
10.68 11.05
10.68 11.05
10.68 11.05
10.86 11.05
10.86 11.05
10.86 11.05
8.49 11.23
8.49 11.23
8.49 11.23
9.22 11.23
9.22 11.23
9.22 11.23
9.40 11.23
9.40 11.23
9.40 11.23
10.32 11.23
10.32 11.23
10.32 11.23
10.50 11.23
10.50 11.23
10.50 11.23
10.68 11.23
10.68 11.23
10.68 11.23
10.86 11.23
10.86 11.23
10.86 11.23
11.05 11.23
11.05 11.23
11.05 11.23
11.41 11.23
11.41 11.23
11.41 11.23
8.49 11.41
8.49 11.41
8.49 11.41
8.67 11.41
8.67 11.41
8.67 11.41
9.04 11.41
9.04 11.41
9.04 11.41
9.22 11.41
9.22 11.41
9.22 11.41
10.13 11.41
10.13 11.41
10.13 11.41
10.32 11.41
10.32 11.41
10.32 11.41
10.50 11.41
10.50 11.41
10.50 11.41
10.68 11.41
10.68 11.41
10.68 11.41
10.86 11.41
10.86 11.41
10.86 11.41
11.05 11.41
11.05 11.41
11.05 11.41
11.41 11.41
11.41 11.41
11.41 11.41
9.04 11.59
9.04 11.59
9.04 11.59
9.22 11.59
9.22 11.59
9.22 11.59
9.40 11.59
9.40 11.59
9.40 11.59
10.32 11.59
10.32 11.59
10.32 11.59
10.50 11.59
10.50 11.59
10.50 11.59
10.68 11.59
10.68 11.59
10.68 11.59
11.05 11.59
11.05 11.59
11.05 11.59
11.23 11.59
11.23 11.59
11.23 11.59
11.41 11.59
11.41 11.59
11.41 11.59
11.59 11.59
11.59 11.59
11.59 11.59
9.04 11.78
9.04 11.78
9.04 11.78
11.78 11.78
11.78 11.78
11.78 11.78
11.96 11.78
11.96 11.78
11.96 11.78
12.14 11.78
12.14 11.78
12.14 11.78
9.40 11.96
9.40 11.96
9.40 11.96
9.59 11.96
9.59 11.96
9.59 11.96
11.05 11.96
11.05 11.96
11.05 11.96
11.23 11.96
11.23 11.96
11.23 11.96
11.41 11.96
11.41 11.96
11.41 11.96
11.78 11.96
11.78 11.96
11.78 11.96
11.96 11.96
11.96 11.96
11.96 11.96
12.14 11.96
12.14 11.96
12.14 11.96
9.59 12.14
9.59 12.14
9.59 12.14
9.77 12.14
9.77 12.14
9.77 12.14
10.86 12.14
10.86 12.14
10.86 12.14
11.41 12.14
11.41 12.14
11.41 12.14
9.04 12.32
9.04 12.32
9.04 12.32
9.22 12.32
9.22 12.32
9.22 12.32
9.40 12.32
9.40 12.32
9.40 12.32
9.59 12.32
9.59 12.32
9.59 12.32
10.68 12.32
10.68 12.32
10.68 12.32
10.86 12.32
10.86 12.32
10.86 12.32
11.05 12.32
11.05 12.32
11.05 12.32
11.23 12.32
11.23 12.32
11.23 12.32
9.04 12.51
9.04 12.51
9.04 12.51
9.22 12.51
9.22 12.51
9.22 12.51
10.13 12.51
10.13 12.51
10.13 12.51
10.50 12.51
10.50 12.51
10.50 12.51
10.68 12.51
10.68 12.51
10.68 12.51
11.05 12.51
11.05 12.51
11.05 12.51
9.95 12.69
9.95 12.69
9.95 12.69
10.13 12.69
10.13 12.69
10.13 12.69
10.32 12.69
10.32 12.69
10.32 12.69
10.68 12.69
10.68 12.69
10.68 12.69
11.05 12.69
11.05 12.69
11.05 12.69
11.23 12.69
11.23 12.69
11.23 12.69
11.41 12.69
11.41 12.69
11.41 12.69
11.59 12.69
11.59 12.69
11.59 12.69
11.78 12.69
11.78 12.69
11.78 12.69
11.96 12.69
11.96 12.69
11.96 12.69
12.14 12.69
12.14 12.69
12.14 12.69
12.51 12.69
12.51 12.69
12.51 12.69
10.32 12.87
10.32 12.87
10.32 12.87
10.50 12.87
10.50 12.87
10.50 12.87
10.68 12.87
10.68 12.87
10.68 12.87
10.86 12.87
10.86 12.87
10.86 12.87
11.41 12.87
11.41 12.87
11.41 12.87
11.59 12.87
11.59 12.87
11.59 12.87
11.78 12.87
11.78 12.87
11.78 12.87
11.96 12.87
11.96 12.87
11.96 12.87
12.14 12.87
12.14 12.87
12.14 12.87
12.51 12.87
12.51 12.87
12.51 12.87
12.87 12.87
12.87 12.87
12.87 12.87
9.77 13.05
9.77 13.05
9.77 13.05
9.95 13.05
9.95 13.05
9.95 13.05
10.13 13.05
10.13 13.05
10.13 13.05
12.87 13.05
12.87 13.05
12.87 13.05
10.50 13.24
10.50 13.24
10.50 13.24
11.41 13.24
11.41 13.24
11.41 13.24
12.32 13.24
12.32 13.24
12.32 13.24
13.05 13.24
13.05 13.24
13.05 13.24
13.24 13.24
13.24 13.24
13.24 13.24
10.68 13.42
10.68 13.42
10.68 13.42
12.14 13.42
12.14 13.42
12.14 13.42
12.32 13.42
12.32 13.42
12.32 13.42
12.69 13.42
12.69 13.42
12.69 13.42
12.87 13.42
12.87 13.42
12.87 13.42
13.42 13.42
13.42 13.42
13.42 13.42
11.59 13.60
11.59 13.60
11.59 13.60
11.78 13.60
11.78 13.60
11.78 13.60
13.24 13.60
13.24 13.60
13.24 13.60
13.42 13.60
13.42 13.60
13.42 13.60
11.41 13.78
11.41 13.78
11.41 13.78
11.59 13.78
11.59 13.78
11.59 13.78
11.78 13.78
11.78 13.78
11.78 13.78
11.96 13.78
11.96 13.78
11.96 13.78
12.69 13.78
12.69 13.78
12.69 13.78
13.24 13.78
13.24 13.78
13.24 13.78
10.68 13.97
10.68 13.97
10.68 13.97
11.05 13.97
11.05 13.97
11.05 13.97
11.23 13.97
11.23 13.97
11.23 13.97
11.41 13.97
11.41 13.97
11.41 13.97
11.59 13.97
11.59 13.97
11.59 13.97
12.69 13.97
12.69 13.97
12.69 13.97
13.24 13.97
13.24 13.97
13.24 13.97
13.42 13.97
13.42 13.97
13.42 13.97
10.68 14.15
10.68 14.15
10.68 14.15
10.86 14.15
10.86 14.15
10.86 14.15
11.05 14.15
11.05 14.15
11.05 14.15
11.23 14.15
11.23 14.15
11.23 14.15
11.41 14.15
11.41 14.15
11.41 14.15
11.59 14.15
11.59 14.15
11.59 14.15
12.14 14.15
12.14 14.15
12.14 14.15
12.32 14.15
12.32 14.15
12.32 14.15
10.50 14.33
10.50 14.33
10.50 14.33
10.68 14.33
10.68 14.33
10.68 14.33
10.86 14.33
10.86 14.33
10.86 14.33
11.05 14.33
11.05 14.33
11.05 14.33
11.23 14.33
11.23 14.33
11.23 14.33
11.41 14.33
11.41 14.33
11.41 14.33
12.14 14.33
12.14 14.33
12.14 14.33
12.32 14.33
12.32 14.33
12.32 14.33
12.87 14.33
12.87 14.33
12.87 14.33
13.05 14.33
13.05 14.33
13.05 14.33
13.24 14.33
13.24 14.33
13.24 14.33
13.42 14.33
13.42 14.33
13.42 14.33
10.50 14.51
10.50 14.51
10.50 14.51
10.86 14.51
10.86 14.51
10.86 14.51
11.05 14.51
11.05 14.51
11.05 14.51
11.23 14.51
11.23 14.51
11.23 14.51
11.41 14.51
11.41 14.51
11.41 14.51
12.51 14.51
12.51 14.51
12.51 14.51
12.87 14.51
12.87 14.51
12.87 14.51
13.05 14.51
13.05 14.51
13.05 14.51
13.42 14.51
13.42 14.51
13.42 14.51
10.50 14.70
10.50 14.70
10.50 14.70
10.68 14.70
10.68 14.70
10.68 14.70
10.86 14.70
10.86 14.70
10.86 14.70
11.05 14.70
11.05 14.70
11.05 14.70
11.23 14.70
11.23 14.70
11.23 14.70
11.41 14.70
11.41 14.70
11.41 14.70
12.51 14.70
12.51 14.70
12.51 14.70
12.69 14.70
12.69 14.70
12.69 14.70
12.87 14.70
12.87 14.70
12.87 14.70
10.86 14.88
10.86 14.88
10.86 14.88
11.05 14.88
11.05 14.88
11.05 14.88
12.14 14.88
12.14 14.88
12.14 14.88
12.32 14.88
12.32 14.88
12.32 14.88
12.51 14.88
12.51 14.88
12.51 14.88
13.05 14.88
13.05 14.88
13.05 14.88
13.24 14.88
13.24 14.88
13.24 14.88
13.60 14.88
13.60 14.88
13.60 14.88
14.15 14.88
14.15 14.88
14.15 14.88
14.33 14.88
14.33 14.88
14.33 14.88
11.05 15.06
11.05 15.06
11.05 15.06
12.14 15.06
12.14 15.06
12.14 15.06
12.32 15.06
12.32 15.06
12.32 15.06
12.51 15.06
12.51 15.06
12.51 15.06
13.05 15.06
13.05 15.06
13.05 15.06
13.78 15.06
13.78 15.06
13.78 15.06
13.97 15.06
13.97 15.06
13.97 15.06
14.33 15.06
14.33 15.06
14.33 15.06
14.70 15.06
14.70 15.06
14.70 15.06
11.05 15.25
11.05 15.25
11.05 15.25
11.23 15.25
11.23 15.25
11.23 15.25
12.69 15.25
12.69 15.25
12.69 15.25
12.87 15.25
12.87 15.25
12.87 15.25
13.05 15.25
13.05 15.25
13.05 15.25
13.42 15.25
13.42 15.25
13.42 15.25
13.60 15.25
13.60 15.25
13.60 15.25
13.97 15.25
13.97 15.25
13.97 15.25
14.33 15.25
14.33 15.25
14.33 15.25
14.70 15.25
14.70 15.25
14.70 15.25
11.05 15.43
11.05 15.43
11.05 15.43
11.23 15.43
11.23 15.43
11.23 15.43
12.14 15.43
12.14 15.43
12.14 15.43
14.51 15.43
14.51 15.43
14.51 15.43
14.70 15.43
14.70 15.43
14.70 15.43
11.78 15.61
11.78 15.61
11.78 15.61
12.14 15.61
12.14 15.61
12.14 15.61
12.32 15.61
12.32 15.61
12.32 15.61
14.88 15.61
14.88 15.61
14.88 15.61
15.06 15.61
15.06 15.61
15.06 15.61
14.15 15.79
14.15 15.79
14.15 15.79
14.33 15.79
14.33 15.79
14.33 15.79
14.51 15.79
14.51 15.79
14.51 15.79
15.25 15.79
15.25 15.79
15.25 15.79
15.43 15.79
15.43 15.79
15.43 15.79
12.14 15.98
12.14 15.98
12.14 15.98
12.32 15.98
12.32 15.98
12.32 15.98
12.51 15.98
12.51 15.98
12.51 15.98
12.69 15.98
12.69 15.98
12.69 15.98
12.87 15.98
12.87 15.98
12.87 15.98
13.05 15.98
13.05 15.98
13.05 15.98
14.51 15.98
14.51 15.98
14.51 15.98
14.70 15.98
14.70 15.98
14.70 15.98
14.88 15.98
14.88 15.98
14.88 15.98
15.06 15.98
15.06 15.98
15.06 15.98
15.25 15.98
15.25 15.98
15.25 15.98
12.14 16.16
12.14 16.16
12.14 16.16
12.32 16.16
12.32 16.16
12.32 16.16
12.51 16.16
12.51 16.16
12.51 16.16
12.69 16.16
12.69 16.16
12.69 16.16
12.87 16.16
12.87 16.16
12.87 16.16
13.05 16.16
13.05 16.16
13.05 16.16
13.78 16.16
13.78 16.16
13.78 16.16
13.97 16.16
13.97 16.16
13.97 16.16
14.15 16.16
14.15 16.16
14.15 16.16
15.25 16.16
15.25 16.16
15.25 16.16
15.43 16.16
15.43 16.16
15.43 16.16
13.60 16.34
13.60 16.34
13.60 16.34
13.78 16.34
13.78 16.34
13.78 16.34
13.97 16.34
13.97 16.34
13.97 16.34
14.15 16.34
14.15 16.34
14.15 16.34
14.33 16.34
14.33 16.34
14.33 16.34
14.51 16.34
14.51 16.34
14.51 16.34
14.70 16.34
14.70 16.34
14.70 16.34
14.88 16.34
14.88 16.34
14.88 16.34
15.25 16.34
15.25 16.34
15.25 16.34
13.42 16.52
13.42 16.52
13.42 16.52
13.60 16.52
13.60 16.52
13.60 16.52
13.78 16.52
13.78 16.52
13.78 16.52
13.97 16.52
13.97 16.52
13.97 16.52
14.88 16.52
14.88 16.52
14.88 16.52
13.05 16.71
13.05 16.71
13.05 16.71
13.24 16.71
13.24 16.71
13.24 16.71
13.42 16.71
13.42 16.71
13.42 16.71
13.60 16.71
13.60 16.71
13.60 16.71
13.78 16.71
13.78 16.71
13.78 16.71
13.97 16.71
13.97 16.71
13.97 16.71
14.15 16.71
14.15 16.71
14.15 16.71
14.33 16.71
14.33 16.71
14.33 16.71
14.51 16.71
14.51 16.71
14.51 16.71
15.43 16.71
15.43 16.71
15.43 16.71
13.05 16.89
13.05 16.89
13.05 16.89
13.97 16.89
13.97 16.89
13.97 16.89
14.15 16.89
14.15 16.89
14.15 16.89
15.43 16.89
15.43 16.89
15.43 16.89
13.05 17.07
13.05 17.07
13.05 17.07
13.24 17.07
13.24 17.07
13.24 17.07
13.60 17.07
13.60 17.07
13.60 17.07
13.97 17.07
13.97 17.07
13.97 17.07
14.15 17.07
14.15 17.07
14.15 17.07
14.33 17.07
14.33 17.07
14.33 17.07
15.06 17.07
15.06 17.07
15.06 17.07
15.25 17.07
15.25 17.07
15.25 17.07
15.43 17.07
15.43 17.07
15.43 17.07
13.24 17.25
13.24 17.25
13.24 17.25
13.60 17.25
13.60 17.25
13.60 17.25
13.97 17.25
13.97 17.25
13.97 17.25
14.15 17.25
14.15 17.25
14.15 17.25
14.33 17.25
14.33 17.25
14.33 17.25
14.51 17.25
14.51 17.25
14.51 17.25
14.70 17.25
14.70 17.25
14.70 17.25
14.88 17.25
14.88 17.25
14.88 17.25
15.06 17.25
15.06 17.25
15.06 17.25
15.25 17.25
15.25 17.25
15.25 17.25
15.43 17.25
15.43 17.25
15.43 17.25
13.05 17.44
13.05 17.44
13.05 17.44
13.24 17.44
13.24 17.44
13.24 17.44
13.60 17.44
13.60 17.44
13.60 17.44
13.78 17.44
13.78 17.44
13.78 17.44
13.97 17.44
13.97 17.44
13.97 17.44
14.15 17.44
14.15 17.44
14.15 17.44
14.33 17.44
14.33 17.44
14.33 17.44
14.51 17.44
14.51 17.44
14.51 17.44
14.70 17.44
14.70 17.44
14.70 17.44
14.88 17.44
14.88 17.44
14.88 17.44
15.06 17.44
15.06 17.44
15.06 17.44
15.25 17.44
15.25 17.44
15.25 17.44
13.24 17.62
13.24 17.62
13.24 17.62
13.60 17.62
13.60 17.62
13.60 17.62
14.88 17.62
14.88 17.62
14.88 17.62
15.06 17.62
15.06 17.62
15.06 17.62
15.25 17.62
15.25 17.62
15.25 17.62
13.78 17.80
13.78 17.80
13.78 17.80
14.88 17.80
14.88 17.80
14.88 17.80
15.06 17.80
15.06 17.80
15.06 17.80
15.25 17.80
15.25 17.80
15.25 17.80
13.60 17.98
13.60 17.98
13.60 17.98
15.06 17.98
15.06 17.98
15.06 17.98
15.25 17.98
15.25 17.98
15.25 17.98
15.43 17.98
15.43 17.98
15.43 17.98
13.60 18.17
13.60 18.17
13.60 18.17
15.43 18.17
15.43 18.17
15.43 18.17
14.15 18.35
14.15 18.35
14.15 18.35
14.51 18.35
14.51 18.35
14.51 18.35
14.70 18.53
14.70 18.53
14.70 18.53
14.15 18.71
14.15 18.71
14.15 18.71
14.33 18.71
14.33 18.71
14.33 18.71
13.60 18.90
13.60 18.90
13.60 18.90
13.78 18.90
13.78 18.90
13.78 18.90
13.60 19.08
13.60 19.08
13.60 19.08
13.78 19.08
13.78 19.08
13.78 19.08
13.97 19.08
13.97 19.08
13.97 19.08
14.15 19.08
14.15 19.08
14.15 19.08
13.60 19.63
13.60 19.63
13.60 19.63
13.97 19.63
13.97 19.63
13.97 19.63
