1.92 5.02
1.92 5.02
1.92 5.02
2.10 5.02
2.10 5.02
2.10 5.02
1.92 5.20
1.92 5.20
1.92 5.20
2.10 5.20
2.10 5.20
2.10 5.20
2.46 5.57
2.46 5.57
2.46 5.57
2.65 5.57
2.65 5.57
2.65 5.57
2.46 5.75
2.46 5.75
2.46 5.75
3.01 5.75
3.01 5.75
3.01 5.75
2.65 5.93
2.65 5.93
2.65 5.93
2.83 5.93
2.83 5.93
2.83 5.93
3.38 5.93
3.38 5.93
3.38 5.93
3.56 5.93
3.56 5.93
3.56 5.93
3.74 5.93
3.74 5.93
3.74 5.93
2.65 6.12
2.65 6.12
2.65 6.12
2.83 6.12
2.83 6.12
2.83 6.12
3.20 6.12
3.20 6.12
3.20 6.12
3.38 6.12
3.38 6.12
3.38 6.12
5.75 6.12
5.75 6.12
5.75 6.12
6.30 6.12
6.30 6.12
6.30 6.12
2.65 6.30
2.65 6.30
2.65 6.30
3.38 6.30
3.38 6.30
3.38 6.30
3.56 6.30
3.56 6.30
3.56 6.30
3.74 6.30
3.74 6.30
3.74 6.30
5.75 6.30
5.75 6.30
5.75 6.30
6.30 6.30
6.30 6.30
6.30 6.30
6.85 6.30
6.85 6.30
6.85 6.30
3.93 6.48
3.93 6.48
3.93 6.48
4.11 6.48
4.11 6.48
4.11 6.48
6.48 6.48
6.48 6.48
6.48 6.48
6.66 6.48
6.66 6.48
6.66 6.48
7.03 6.48
7.03 6.48
7.03 6.48
3.20 6.66
3.20 6.66
3.20 6.66
4.11 6.66
4.11 6.66
4.11 6.66
4.29 6.66
4.29 6.66
4.29 6.66
6.48 6.66
6.48 6.66
6.48 6.66
6.85 6.66
6.85 6.66
6.85 6.66
7.03 6.66
7.03 6.66
7.03 6.66
3.93 6.85
3.93 6.85
3.93 6.85
4.29 6.85
4.29 6.85
4.29 6.85
4.84 6.85
4.84 6.85
4.84 6.85
5.02 6.85
5.02 6.85
5.02 6.85
6.66 6.85
6.66 6.85
6.66 6.85
7.03 6.85
7.03 6.85
7.03 6.85
4.47 7.03
4.47 7.03
4.47 7.03
4.66 7.03
4.66 7.03
4.66 7.03
4.47 7.21
4.47 7.21
4.47 7.21
4.66 7.21
4.66 7.21
4.66 7.21
4.84 7.21
4.84 7.21
4.84 7.21
5.02 7.21
5.02 7.21
5.02 7.21
7.21 7.21
7.21 7.21
7.21 7.21
7.58 7.21
7.58 7.21
7.58 7.21
4.66 7.39
4.66 7.39
4.66 7.39
5.39 7.39
5.39 7.39
5.39 7.39
5.57 7.39
5.57 7.39
5.57 7.39
5.75 7.39
5.75 7.39
5.75 7.39
7.21 7.39
7.21 7.39
7.21 7.39
7.39 7.39
7.39 7.39
7.39 7.39
7.58 7.39
7.58 7.39
7.58 7.39
5.39 7.58
5.39 7.58
5.39 7.58
5.75 7.58
5.75 7.58
5.75 7.58
6.30 7.58
6.30 7.58
6.30 7.58
6.66 7.58
6.66 7.58
6.66 7.58
7.03 7.58
7.03 7.58
7.03 7.58
7.94 7.76
7.94 7.76
7.94 7.76
8.31 7.76
8.31 7.76
8.31 7.76
5.20 7.94
5.20 7.94
5.20 7.94
5.57 7.94
5.57 7.94
5.57 7.94
6.12 7.94
6.12 7.94
6.12 7.94
7.76 7.94
7.76 7.94
7.76 7.94
8.12 7.94
8.12 7.94
8.12 7.94
5.93 8.12
5.93 8.12
5.93 8.12
7.94 8.12
7.94 8.12
7.94 8.12
8.12 8.12
8.12 8.12
8.12 8.12
8.31 8.12
8.31 8.12
8.31 8.12
6.30 8.31
6.30 8.31
6.30 8.31
7.58 8.31
7.58 8.31
7.58 8.31
8.67 8.31
8.67 8.31
8.67 8.31
5.93 8.49
5.93 8.49
5.93 8.49
6.66 8.49
6.66 8.49
6.66 8.49
7.03 8.49
7.03 8.49
7.03 8.49
8.49 8.49
8.49 8.49
8.49 8.49
8.67 8.49
8.67 8.49
8.67 8.49
8.85 8.49
8.85 8.49
8.85 8.49
6.48 8.67
6.48 8.67
6.48 8.67
6.85 8.67
6.85 8.67
6.85 8.67
7.03 8.67
7.03 8.67
7.03 8.67
8.49 8.67
8.49 8.67
8.49 8.67
8.85 8.67
8.85 8.67
8.85 8.67
9.04 8.67
9.04 8.67
9.04 8.67
6.85 8.85
6.85 8.85
6.85 8.85
7.03 8.85
7.03 8.85
7.03 8.85
8.49 8.85
8.49 8.85
8.49 8.85
8.67 8.85
8.67 8.85
8.67 8.85
9.40 8.85
9.40 8.85
9.40 8.85
6.48 9.04
6.48 9.04
6.48 9.04
7.21 9.04
7.21 9.04
7.21 9.04
7.39 9.04
7.39 9.04
7.39 9.04
7.76 9.04
7.76 9.04
7.76 9.04
8.67 9.04
8.67 9.04
8.67 9.04
8.85 9.04
8.85 9.04
8.85 9.04
9.04 9.04
9.04 9.04
9.04 9.04
7.94 9.22
7.94 9.22
7.94 9.22
8.31 9.22
8.31 9.22
8.31 9.22
8.49 9.22
8.49 9.22
8.49 9.22
9.04 9.22
9.04 9.22
9.04 9.22
9.22 9.22
9.22 9.22
9.22 9.22
9.40 9.22
9.40 9.22
9.40 9.22
9.59 9.22
9.59 9.22
9.59 9.22
7.76 9.40
7.76 9.40
7.76 9.40
8.12 9.40
8.12 9.40
8.12 9.40
8.67 9.40
8.67 9.40
8.67 9.40
8.85 9.40
8.85 9.40
8.85 9.40
9.22 9.40
9.22 9.40
9.22 9.40
9.40 9.40
9.40 9.40
9.40 9.40
9.59 9.40
9.59 9.40
9.59 9.40
7.21 9.59
7.21 9.59
7.21 9.59
7.76 9.59
7.76 9.59
7.76 9.59
8.12 9.59
8.12 9.59
8.12 9.59
8.49 9.59
8.49 9.59
8.49 9.59
8.67 9.59
8.67 9.59
8.67 9.59
9.04 9.59
9.04 9.59
9.04 9.59
9.22 9.59
9.22 9.59
9.22 9.59
9.59 9.59
9.59 9.59
9.59 9.59
9.77 9.59
9.77 9.59
9.77 9.59
10.13 9.59
10.13 9.59
10.13 9.59
10.32 9.59
10.32 9.59
10.32 9.59
8.31 9.77
8.31 9.77
8.31 9.77
8.49 9.77
8.49 9.77
8.49 9.77
8.67 9.77
8.67 9.77
8.67 9.77
8.85 9.77
8.85 9.77
8.85 9.77
9.04 9.77
9.04 9.77
9.04 9.77
9.77 9.77
9.77 9.77
9.77 9.77
10.13 9.77
10.13 9.77
10.13 9.77
7.76 9.95
7.76 9.95
7.76 9.95
7.94 9.95
7.94 9.95
7.94 9.95
8.12 9.95
8.12 9.95
8.12 9.95
8.49 9.95
8.49 9.95
8.49 9.95
9.22 9.95
9.22 9.95
9.22 9.95
10.13 9.95
10.13 9.95
10.13 9.95
10.32 9.95
10.32 9.95
10.32 9.95
7.76 10.13
7.76 10.13
7.76 10.13
8.31 10.13
8.31 10.13
8.31 10.13
9.77 10.13
9.77 10.13
9.77 10.13
9.95 10.13
9.95 10.13
9.95 10.13
10.32 10.13
10.32 10.13
10.32 10.13
10.50 10.13
10.50 10.13
10.50 10.13
7.94 10.32
7.94 10.32
7.94 10.32
8.12 10.32
8.12 10.32
8.12 10.32
9.77 10.32
9.77 10.32
9.77 10.32
10.32 10.32
10.32 10.32
10.32 10.32
7.94 10.50
7.94 10.50
7.94 10.50
10.32 10.50
10.32 10.50
10.32 10.50
10.68 10.50
10.68 10.50
10.68 10.50
7.94 10.68
7.94 10.68
7.94 10.68
8.12 10.68
8.12 10.68
8.12 10.68
8.31 10.68
8.31 10.68
8.31 10.68
8.49 10.68
8.49 10.68
8.49 10.68
8.85 10.68
8.85 10.68
8.85 10.68
10.86 10.68
10.86 10.68
10.86 10.68
11.05 10.68
11.05 10.68
11.05 10.68
8.49 10.86
8.49 10.86
8.49 10.86
8.67 10.86
8.67 10.86
8.67 10.86
10.32 10.86
10.32 10.86
10.32 10.86
10.50 10.86
10.50 10.86
10.50 10.86
10.68 10.86
10.68 10.86
10.68 10.86
10.86 10.86
10.86 10.86
10.86 10.86
11.59 10.86
11.59 10.86
11.59 10.86
8.49 11.05
8.49 11.05
8.49 11.05
8.85 11.05
8.85 11.05
8.85 11.05
10.86 11.05
10.86 11.05
10.86 11.05
11.05 11.05
11.05 11.05
11.05 11.05
11.41 11.05
11.41 11.05
11.41 11.05
8.85 11.23
8.85 11.23
8.85 11.23
9.40 11.23
9.40 11.23
9.40 11.23
9.59 11.23
9.59 11.23
9.59 11.23
9.77 11.23
9.77 11.23
9.77 11.23
9.95 11.23
9.95 11.23
9.95 11.23
10.68 11.23
10.68 11.23
10.68 11.23
10.86 11.23
10.86 11.23
10.86 11.23
11.41 11.23
11.41 11.23
11.41 11.23
11.59 11.23
11.59 11.23
11.59 11.23
11.96 11.23
11.96 11.23
11.96 11.23
8.85 11.41
8.85 11.41
8.85 11.41
9.04 11.41
9.04 11.41
9.04 11.41
9.22 11.41
9.22 11.41
9.22 11.41
9.40 11.41
9.40 11.41
9.40 11.41
9.59 11.41
9.59 11.41
9.59 11.41
10.32 11.41
10.32 11.41
10.32 11.41
10.50 11.41
10.50 11.41
10.50 11.41
10.68 11.41
10.68 11.41
10.68 11.41
10.86 11.41
10.86 11.41
10.86 11.41
11.05 11.41
11.05 11.41
11.05 11.41
11.23 11.41
11.23 11.41
11.23 11.41
11.41 11.41
11.41 11.41
11.41 11.41
11.96 11.41
11.96 11.41
11.96 11.41
9.04 11.59
9.04 11.59
9.04 11.59
9.77 11.59
9.77 11.59
9.77 11.59
9.95 11.59
9.95 11.59
9.95 11.59
10.13 11.59
10.13 11.59
10.13 11.59
11.23 11.59
11.23 11.59
11.23 11.59
11.59 11.59
11.59 11.59
11.59 11.59
11.78 11.59
11.78 11.59
11.78 11.59
11.96 11.59
11.96 11.59
11.96 11.59
12.14 11.59
12.14 11.59
12.14 11.59
9.04 11.78
9.04 11.78
9.04 11.78
9.40 11.78
9.40 11.78
9.40 11.78
10.68 11.78
10.68 11.78
10.68 11.78
10.86 11.78
10.86 11.78
10.86 11.78
11.05 11.78
11.05 11.78
11.05 11.78
11.23 11.78
11.23 11.78
11.23 11.78
11.59 11.78
11.59 11.78
11.59 11.78
11.78 11.78
11.78 11.78
11.78 11.78
12.51 11.78
12.51 11.78
12.51 11.78
9.40 11.96
9.40 11.96
9.40 11.96
9.59 11.96
9.59 11.96
9.59 11.96
9.77 11.96
9.77 11.96
9.77 11.96
9.95 11.96
9.95 11.96
9.95 11.96
10.13 11.96
10.13 11.96
10.13 11.96
10.32 11.96
10.32 11.96
10.32 11.96
10.50 11.96
10.50 11.96
10.50 11.96
11.96 11.96
11.96 11.96
11.96 11.96
12.14 11.96
12.14 11.96
12.14 11.96
12.32 11.96
12.32 11.96
12.32 11.96
12.51 11.96
12.51 11.96
12.51 11.96
12.69 11.96
12.69 11.96
12.69 11.96
12.87 11.96
12.87 11.96
12.87 11.96
9.04 12.14
9.04 12.14
9.04 12.14
9.22 12.14
9.22 12.14
9.22 12.14
9.40 12.14
9.40 12.14
9.40 12.14
9.77 12.14
9.77 12.14
9.77 12.14
9.95 12.14
9.95 12.14
9.95 12.14
11.41 12.14
11.41 12.14
11.41 12.14
12.14 12.14
12.14 12.14
12.14 12.14
12.32 12.14
12.32 12.14
12.32 12.14
12.51 12.14
12.51 12.14
12.51 12.14
9.04 12.32
9.04 12.32
9.04 12.32
9.59 12.32
9.59 12.32
9.59 12.32
9.77 12.32
9.77 12.32
9.77 12.32
10.50 12.32
10.50 12.32
10.50 12.32
11.41 12.32
11.41 12.32
11.41 12.32
11.59 12.32
11.59 12.32
11.59 12.32
11.78 12.32
11.78 12.32
11.78 12.32
11.96 12.32
11.96 12.32
11.96 12.32
9.77 12.51
9.77 12.51
9.77 12.51
10.50 12.51
10.50 12.51
10.50 12.51
10.86 12.51
10.86 12.51
10.86 12.51
11.05 12.51
11.05 12.51
11.05 12.51
11.23 12.51
11.23 12.51
11.23 12.51
11.41 12.51
11.41 12.51
11.41 12.51
11.59 12.51
11.59 12.51
11.59 12.51
9.95 12.69
9.95 12.69
9.95 12.69
10.13 12.69
10.13 12.69
10.13 12.69
10.32 12.69
10.32 12.69
10.32 12.69
10.50 12.69
10.50 12.69
10.50 12.69
12.51 12.69
12.51 12.69
12.51 12.69
9.77 12.87
9.77 12.87
9.77 12.87
9.95 12.87
9.95 12.87
9.95 12.87
10.68 12.87
10.68 12.87
10.68 12.87
12.51 12.87
12.51 12.87
12.51 12.87
12.87 12.87
12.87 12.87
12.87 12.87
9.77 13.05
9.77 13.05
9.77 13.05
10.32 13.05
10.32 13.05
10.32 13.05
10.68 13.05
10.68 13.05
10.68 13.05
11.05 13.05
11.05 13.05
11.05 13.05
11.23 13.05
11.23 13.05
11.23 13.05
12.69 13.05
12.69 13.05
12.69 13.05
12.87 13.05
12.87 13.05
12.87 13.05
9.77 13.24
9.77 13.24
9.77 13.24
9.95 13.24
9.95 13.24
9.95 13.24
10.68 13.24
10.68 13.24
10.68 13.24
10.86 13.24
10.86 13.24
10.86 13.24
12.51 13.24
12.51 13.24
12.51 13.24
12.69 13.24
12.69 13.24
12.69 13.24
10.32 13.42
10.32 13.42
10.32 13.42
12.14 13.42
12.14 13.42
12.14 13.42
12.32 13.42
12.32 13.42
12.32 13.42
10.32 13.60
10.32 13.60
10.32 13.60
11.78 13.60
11.78 13.60
11.78 13.60
11.96 13.60
11.96 13.60
11.96 13.60
12.14 13.60
12.14 13.60
12.14 13.60
12.32 13.60
12.32 13.60
12.32 13.60
12.51 13.60
12.51 13.60
12.51 13.60
12.87 13.60
12.87 13.60
12.87 13.60
13.42 13.60
13.42 13.60
13.42 13.60
10.32 13.78
10.32 13.78
10.32 13.78
10.50 13.78
10.50 13.78
10.50 13.78
10.68 13.78
10.68 13.78
10.68 13.78
11.41 13.78
11.41 13.78
11.41 13.78
11.59 13.78
11.59 13.78
11.59 13.78
11.78 13.78
11.78 13.78
11.78 13.78
11.96 13.78
11.96 13.78
11.96 13.78
12.69 13.78
12.69 13.78
12.69 13.78
13.24 13.78
13.24 13.78
13.24 13.78
10.32 13.97
10.32 13.97
10.32 13.97
11.05 13.97
11.05 13.97
11.05 13.97
11.41 13.97
11.41 13.97
11.41 13.97
11.96 13.97
11.96 13.97
11.96 13.97
12.32 13.97
12.32 13.97
12.32 13.97
12.51 13.97
12.51 13.97
12.51 13.97
12.69 13.97
12.69 13.97
12.69 13.97
13.05 13.97
13.05 13.97
13.05 13.97
13.24 13.97
13.24 13.97
13.24 13.97
13.60 13.97
13.60 13.97
13.60 13.97
14.15 13.97
14.15 13.97
14.15 13.97
11.41 14.15
11.41 14.15
11.41 14.15
11.78 14.15
11.78 14.15
11.78 14.15
12.32 14.15
12.32 14.15
12.32 14.15
12.51 14.15
12.51 14.15
12.51 14.15
12.87 14.15
12.87 14.15
12.87 14.15
13.05 14.15
13.05 14.15
13.05 14.15
13.24 14.15
13.24 14.15
13.24 14.15
13.42 14.15
13.42 14.15
13.42 14.15
14.15 14.15
14.15 14.15
14.15 14.15
11.23 14.33
11.23 14.33
11.23 14.33
11.41 14.33
11.41 14.33
11.41 14.33
11.78 14.33
11.78 14.33
11.78 14.33
12.32 14.33
12.32 14.33
12.32 14.33
12.51 14.33
12.51 14.33
12.51 14.33
12.69 14.33
12.69 14.33
12.69 14.33
13.78 14.33
13.78 14.33
13.78 14.33
14.15 14.33
14.15 14.33
14.15 14.33
11.05 14.51
11.05 14.51
11.05 14.51
11.78 14.51
11.78 14.51
11.78 14.51
12.14 14.51
12.14 14.51
12.14 14.51
13.60 14.51
13.60 14.51
13.60 14.51
13.97 14.51
13.97 14.51
13.97 14.51
11.78 14.70
11.78 14.70
11.78 14.70
11.96 14.70
11.96 14.70
11.96 14.70
11.96 14.88
11.96 14.88
11.96 14.88
12.14 14.88
12.14 14.88
12.14 14.88
13.60 14.88
13.60 14.88
13.60 14.88
13.78 14.88
13.78 14.88
13.78 14.88
14.15 14.88
14.15 14.88
14.15 14.88
14.33 14.88
14.33 14.88
14.33 14.88
12.14 15.06
12.14 15.06
12.14 15.06
12.87 15.06
12.87 15.06
12.87 15.06
13.05 15.06
13.05 15.06
13.05 15.06
13.42 15.06
13.42 15.06
13.42 15.06
13.60 15.06
13.60 15.06
13.60 15.06
11.78 15.25
11.78 15.25
11.78 15.25
11.96 15.25
11.96 15.25
11.96 15.25
12.69 15.25
12.69 15.25
12.69 15.25
13.05 15.25
13.05 15.25
13.05 15.25
13.24 15.25
13.24 15.25
13.24 15.25
13.60 15.25
13.60 15.25
13.60 15.25
13.97 15.25
13.97 15.25
13.97 15.25
14.15 15.25
14.15 15.25
14.15 15.25
14.51 15.25
14.51 15.25
14.51 15.25
11.78 15.43
11.78 15.43
11.78 15.43
12.51 15.43
12.51 15.43
12.51 15.43
12.69 15.43
12.69 15.43
12.69 15.43
13.24 15.43
13.24 15.43
13.24 15.43
13.42 15.43
13.42 15.43
13.42 15.43
13.97 15.43
13.97 15.43
13.97 15.43
14.15 15.43
14.15 15.43
14.15 15.43
14.70 15.43
14.70 15.43
14.70 15.43
12.32 15.61
12.32 15.61
12.32 15.61
15.25 15.61
15.25 15.61
15.25 15.61
15.43 15.61
15.43 15.61
15.43 15.61
12.51 15.79
12.51 15.79
12.51 15.79
12.87 15.79
12.87 15.79
12.87 15.79
13.05 15.79
13.05 15.79
13.05 15.79
14.51 15.79
14.51 15.79
14.51 15.79
14.70 15.79
14.70 15.79
14.70 15.79
14.88 15.79
14.88 15.79
14.88 15.79
15.06 15.79
15.06 15.79
15.06 15.79
15.25 15.79
15.25 15.79
15.25 15.79
15.43 15.79
15.43 15.79
15.43 15.79
12.51 15.98
12.51 15.98
12.51 15.98
13.05 15.98
13.05 15.98
13.05 15.98
13.24 15.98
13.24 15.98
13.24 15.98
14.33 15.98
14.33 15.98
14.33 15.98
15.06 15.98
15.06 15.98
15.06 15.98
15.43 15.98
15.43 15.98
15.43 15.98
12.51 16.16
12.51 16.16
12.51 16.16
12.87 16.16
12.87 16.16
12.87 16.16
13.24 16.16
13.24 16.16
13.24 16.16
13.97 16.16
13.97 16.16
13.97 16.16
14.33 16.16
14.33 16.16
14.33 16.16
14.51 16.16
14.51 16.16
14.51 16.16
15.06 16.16
15.06 16.16
15.06 16.16
15.25 16.16
15.25 16.16
15.25 16.16
13.78 16.34
13.78 16.34
13.78 16.34
13.97 16.34
13.97 16.34
13.97 16.34
14.33 16.34
14.33 16.34
14.33 16.34
14.51 16.34
14.51 16.34
14.51 16.34
14.88 16.34
14.88 16.34
14.88 16.34
15.06 16.34
15.06 16.34
15.06 16.34
15.43 16.34
15.43 16.34
15.43 16.34
13.24 16.52
13.24 16.52
13.24 16.52
13.78 16.52
13.78 16.52
13.78 16.52
14.33 16.52
14.33 16.52
14.33 16.52
13.42 16.71
13.42 16.71
13.42 16.71
13.97 16.71
13.97 16.71
13.97 16.71
14.15 16.71
14.15 16.71
14.15 16.71
14.33 16.71
14.33 16.71
14.33 16.71
13.60 16.89
13.60 16.89
13.60 16.89
13.78 16.89
13.78 16.89
13.78 16.89
14.15 16.89
14.15 16.89
14.15 16.89
14.70 16.89
14.70 16.89
14.70 16.89
13.24 17.07
13.24 17.07
13.24 17.07
13.60 17.07
13.60 17.07
13.60 17.07
13.78 17.07
13.78 17.07
13.78 17.07
13.97 17.07
13.97 17.07
13.97 17.07
14.15 17.07
14.15 17.07
14.15 17.07
14.51 17.07
14.51 17.07
14.51 17.07
14.70 17.07
14.70 17.07
14.70 17.07
13.42 17.25
13.42 17.25
13.42 17.25
13.60 17.25
13.60 17.25
13.60 17.25
14.70 17.25
14.70 17.25
14.70 17.25
13.60 17.44
13.60 17.44
13.60 17.44
13.78 17.44
13.78 17.44
13.78 17.44
13.97 17.44
13.97 17.44
13.97 17.44
14.15 17.44
14.15 17.44
14.15 17.44
14.33 17.44
14.33 17.44
14.33 17.44
13.78 17.62
13.78 17.62
13.78 17.62
13.97 17.62
13.97 17.62
13.97 17.62
14.51 17.62
14.51 17.62
14.51 17.62
14.70 17.62
14.70 17.62
14.70 17.62
14.15 17.80
14.15 17.80
14.15 17.80
13.78 17.98
13.78 17.98
13.78 17.98
14.15 17.98
14.15 17.98
14.15 17.98
13.60 18.35
13.60 18.35
13.60 18.35
13.60 18.53
13.60 18.53
13.60 18.53
13.97 18.53
13.97 18.53
13.97 18.53
13.60 18.71
13.60 18.71
13.60 18.71
13.78 18.71
13.78 18.71
13.78 18.71
