2.65 5.20
2.65 5.20
2.65 5.20
2.46 5.39
2.46 5.39
2.46 5.39
3.01 5.93
3.01 5.93
3.01 5.93
3.20 5.93
3.20 5.93
3.20 5.93
3.38 5.93
3.38 5.93
3.38 5.93
2.83 6.12
2.83 6.12
2.83 6.12
3.38 6.12
3.38 6.12
3.38 6.12
3.56 6.12
3.56 6.12
3.56 6.12
3.74 6.12
3.74 6.12
3.74 6.12
3.93 6.12
3.93 6.12
3.93 6.12
4.11 6.12
4.11 6.12
4.11 6.12
2.83 6.30
2.83 6.30
2.83 6.30
3.38 6.30
3.38 6.30
3.38 6.30
3.93 6.30
3.93 6.30
3.93 6.30
6.12 6.30
6.12 6.30
6.12 6.30
6.66 6.30
6.66 6.30
6.66 6.30
3.74 6.48
3.74 6.48
3.74 6.48
6.30 6.48
6.30 6.48
6.30 6.48
6.48 6.48
6.48 6.48
6.48 6.48
4.29 6.66
4.29 6.66
4.29 6.66
4.47 6.66
4.47 6.66
4.47 6.66
6.85 6.66
6.85 6.66
6.85 6.66
7.21 6.66
7.21 6.66
7.21 6.66
4.29 6.85
4.29 6.85
4.29 6.85
4.66 6.85
4.66 6.85
4.66 6.85
7.03 6.85
7.03 6.85
7.03 6.85
7.21 6.85
7.21 6.85
7.21 6.85
7.39 6.85
7.39 6.85
7.39 6.85
4.29 7.03
4.29 7.03
4.29 7.03
4.66 7.03
4.66 7.03
4.66 7.03
5.20 7.03
5.20 7.03
5.20 7.03
5.39 7.03
5.39 7.03
5.39 7.03
7.39 7.03
7.39 7.03
7.39 7.03
7.94 7.03
7.94 7.03
7.94 7.03
5.20 7.21
5.20 7.21
5.20 7.21
7.21 7.21
7.21 7.21
7.21 7.21
7.58 7.21
7.58 7.21
7.58 7.21
7.76 7.21
7.76 7.21
7.76 7.21
7.94 7.21
7.94 7.21
7.94 7.21
6.85 7.39
6.85 7.39
6.85 7.39
7.03 7.39
7.03 7.39
7.03 7.39
7.21 7.39
7.21 7.39
7.21 7.39
7.58 7.39
7.58 7.39
7.58 7.39
7.76 7.39
7.76 7.39
7.76 7.39
5.75 7.58
5.75 7.58
5.75 7.58
6.30 7.58
6.30 7.58
6.30 7.58
6.66 7.58
6.66 7.58
6.66 7.58
6.85 7.58
6.85 7.58
6.85 7.58
7.03 7.58
7.03 7.58
7.03 7.58
7.39 7.58
7.39 7.58
7.39 7.58
7.94 7.58
7.94 7.58
7.94 7.58
6.66 7.76
6.66 7.76
6.66 7.76
8.12 7.76
8.12 7.76
8.12 7.76
8.31 7.76
8.31 7.76
8.31 7.76
8.49 7.76
8.49 7.76
8.49 7.76
8.67 7.76
8.67 7.76
8.67 7.76
6.48 7.94
6.48 7.94
6.48 7.94
6.12 8.12
6.12 8.12
6.12 8.12
6.30 8.12
6.30 8.12
6.30 8.12
8.31 8.31
8.31 8.31
8.31 8.31
8.49 8.31
8.49 8.31
8.49 8.31
8.67 8.31
8.67 8.31
8.67 8.31
6.12 8.49
6.12 8.49
6.12 8.49
6.30 8.49
6.30 8.49
6.30 8.49
6.66 8.49
6.66 8.49
6.66 8.49
8.12 8.49
8.12 8.49
8.12 8.49
8.85 8.49
8.85 8.49
8.85 8.49
9.22 8.49
9.22 8.49
9.22 8.49
6.30 8.67
6.30 8.67
6.30 8.67
6.85 8.67
6.85 8.67
6.85 8.67
7.03 8.67
7.03 8.67
7.03 8.67
7.21 8.67
7.21 8.67
7.21 8.67
7.39 8.67
7.39 8.67
7.39 8.67
8.85 8.67
8.85 8.67
8.85 8.67
6.85 8.85
6.85 8.85
6.85 8.85
7.03 8.85
7.03 8.85
7.03 8.85
8.85 8.85
8.85 8.85
8.85 8.85
9.04 8.85
9.04 8.85
9.04 8.85
9.22 8.85
9.22 8.85
9.22 8.85
7.03 9.04
7.03 9.04
7.03 9.04
7.21 9.04
7.21 9.04
7.21 9.04
7.39 9.04
7.39 9.04
7.39 9.04
9.04 9.04
9.04 9.04
9.04 9.04
9.59 9.04
9.59 9.04
9.59 9.04
6.85 9.22
6.85 9.22
6.85 9.22
7.03 9.22
7.03 9.22
7.03 9.22
7.58 9.22
7.58 9.22
7.58 9.22
7.76 9.22
7.76 9.22
7.76 9.22
7.94 9.22
7.94 9.22
7.94 9.22
8.31 9.22
8.31 9.22
8.31 9.22
9.04 9.22
9.04 9.22
9.04 9.22
9.40 9.22
9.40 9.22
9.40 9.22
9.77 9.22
9.77 9.22
9.77 9.22
9.95 9.22
9.95 9.22
9.95 9.22
7.03 9.40
7.03 9.40
7.03 9.40
7.21 9.40
7.21 9.40
7.21 9.40
7.58 9.40
7.58 9.40
7.58 9.40
7.94 9.40
7.94 9.40
7.94 9.40
8.12 9.40
8.12 9.40
8.12 9.40
8.49 9.40
8.49 9.40
8.49 9.40
9.04 9.40
9.04 9.40
9.04 9.40
9.22 9.40
9.22 9.40
9.22 9.40
9.40 9.40
9.40 9.40
9.40 9.40
9.59 9.40
9.59 9.40
9.59 9.40
9.77 9.40
9.77 9.40
9.77 9.40
6.85 9.59
6.85 9.59
6.85 9.59
7.58 9.59
7.58 9.59
7.58 9.59
7.76 9.59
7.76 9.59
7.76 9.59
8.49 9.59
8.49 9.59
8.49 9.59
8.85 9.59
8.85 9.59
8.85 9.59
9.04 9.59
9.04 9.59
9.04 9.59
9.40 9.59
9.40 9.59
9.40 9.59
9.59 9.59
9.59 9.59
9.59 9.59
9.77 9.59
9.77 9.59
9.77 9.59
9.95 9.59
9.95 9.59
9.95 9.59
8.12 9.77
8.12 9.77
8.12 9.77
8.31 9.77
8.31 9.77
8.31 9.77
8.49 9.77
8.49 9.77
8.49 9.77
9.22 9.77
9.22 9.77
9.22 9.77
9.40 9.77
9.40 9.77
9.40 9.77
9.77 9.77
9.77 9.77
9.77 9.77
9.95 9.77
9.95 9.77
9.95 9.77
10.13 9.95
10.13 9.95
10.13 9.95
10.50 9.95
10.50 9.95
10.50 9.95
8.12 10.13
8.12 10.13
8.12 10.13
10.50 10.13
10.50 10.13
10.50 10.13
8.12 10.32
8.12 10.32
8.12 10.32
8.31 10.32
8.31 10.32
8.31 10.32
8.49 10.32
8.49 10.32
8.49 10.32
8.67 10.32
8.67 10.32
8.67 10.32
10.13 10.32
10.13 10.32
10.13 10.32
10.32 10.32
10.32 10.32
10.32 10.32
8.12 10.50
8.12 10.50
8.12 10.50
8.67 10.50
8.67 10.50
8.67 10.50
9.40 10.50
9.40 10.50
9.40 10.50
9.77 10.50
9.77 10.50
9.77 10.50
10.32 10.50
10.32 10.50
10.32 10.50
8.12 10.68
8.12 10.68
8.12 10.68
8.49 10.68
8.49 10.68
8.49 10.68
9.04 10.68
9.04 10.68
9.04 10.68
9.22 10.68
9.22 10.68
9.22 10.68
9.59 10.68
9.59 10.68
9.59 10.68
9.95 10.68
9.95 10.68
9.95 10.68
10.50 10.68
10.50 10.68
10.50 10.68
11.05 10.68
11.05 10.68
11.05 10.68
11.23 10.68
11.23 10.68
11.23 10.68
8.49 10.86
8.49 10.86
8.49 10.86
8.85 10.86
8.85 10.86
8.85 10.86
9.04 10.86
9.04 10.86
9.04 10.86
9.40 10.86
9.40 10.86
9.40 10.86
10.13 10.86
10.13 10.86
10.13 10.86
10.68 10.86
10.68 10.86
10.68 10.86
10.86 10.86
10.86 10.86
10.86 10.86
8.85 11.05
8.85 11.05
8.85 11.05
9.22 11.05
9.22 11.05
9.22 11.05
9.40 11.05
9.40 11.05
9.40 11.05
9.59 11.05
9.59 11.05
9.59 11.05
10.68 11.05
10.68 11.05
10.68 11.05
10.86 11.05
10.86 11.05
10.86 11.05
11.05 11.05
11.05 11.05
11.05 11.05
9.04 11.23
9.04 11.23
9.04 11.23
9.22 11.23
9.22 11.23
9.22 11.23
9.40 11.23
9.40 11.23
9.40 11.23
10.50 11.23
10.50 11.23
10.50 11.23
10.68 11.23
10.68 11.23
10.68 11.23
10.86 11.23
10.86 11.23
10.86 11.23
11.23 11.23
11.23 11.23
11.23 11.23
11.41 11.23
11.41 11.23
11.41 11.23
11.59 11.23
11.59 11.23
11.59 11.23
11.78 11.23
11.78 11.23
11.78 11.23
8.85 11.41
8.85 11.41
8.85 11.41
10.13 11.41
10.13 11.41
10.13 11.41
10.32 11.41
10.32 11.41
10.32 11.41
10.50 11.41
10.50 11.41
10.50 11.41
10.68 11.41
10.68 11.41
10.68 11.41
10.86 11.41
10.86 11.41
10.86 11.41
11.05 11.41
11.05 11.41
11.05 11.41
11.78 11.41
11.78 11.41
11.78 11.41
11.96 11.41
11.96 11.41
11.96 11.41
12.51 11.41
12.51 11.41
12.51 11.41
8.85 11.59
8.85 11.59
8.85 11.59
9.40 11.59
9.40 11.59
9.40 11.59
9.59 11.59
9.59 11.59
9.59 11.59
9.77 11.59
9.77 11.59
9.77 11.59
9.95 11.59
9.95 11.59
9.95 11.59
10.13 11.59
10.13 11.59
10.13 11.59
10.32 11.59
10.32 11.59
10.32 11.59
10.50 11.59
10.50 11.59
10.50 11.59
10.68 11.59
10.68 11.59
10.68 11.59
10.86 11.59
10.86 11.59
10.86 11.59
11.41 11.59
11.41 11.59
11.41 11.59
11.59 11.59
11.59 11.59
11.59 11.59
11.78 11.59
11.78 11.59
11.78 11.59
12.14 11.59
12.14 11.59
12.14 11.59
12.32 11.59
12.32 11.59
12.32 11.59
12.51 11.59
12.51 11.59
12.51 11.59
8.85 11.78
8.85 11.78
8.85 11.78
9.59 11.78
9.59 11.78
9.59 11.78
9.77 11.78
9.77 11.78
9.77 11.78
9.95 11.78
9.95 11.78
9.95 11.78
10.13 11.78
10.13 11.78
10.13 11.78
10.32 11.78
10.32 11.78
10.32 11.78
10.50 11.78
10.50 11.78
10.50 11.78
10.68 11.78
10.68 11.78
10.68 11.78
10.86 11.78
10.86 11.78
10.86 11.78
11.05 11.78
11.05 11.78
11.05 11.78
11.23 11.78
11.23 11.78
11.23 11.78
11.41 11.78
11.41 11.78
11.41 11.78
10.32 11.96
10.32 11.96
10.32 11.96
10.50 11.96
10.50 11.96
10.50 11.96
10.68 11.96
10.68 11.96
10.68 11.96
10.86 11.96
10.86 11.96
10.86 11.96
11.41 11.96
11.41 11.96
11.41 11.96
11.59 11.96
11.59 11.96
11.59 11.96
11.78 11.96
11.78 11.96
11.78 11.96
11.96 11.96
11.96 11.96
11.96 11.96
12.51 11.96
12.51 11.96
12.51 11.96
10.50 12.14
10.50 12.14
10.50 12.14
10.68 12.14
10.68 12.14
10.68 12.14
10.86 12.14
10.86 12.14
10.86 12.14
12.32 12.14
12.32 12.14
12.32 12.14
12.51 12.14
12.51 12.14
12.51 12.14
9.40 12.32
9.40 12.32
9.40 12.32
10.68 12.32
10.68 12.32
10.68 12.32
10.86 12.32
10.86 12.32
10.86 12.32
11.96 12.32
11.96 12.32
11.96 12.32
12.14 12.32
12.14 12.32
12.14 12.32
12.32 12.32
12.32 12.32
12.32 12.32
12.51 12.32
12.51 12.32
12.51 12.32
9.59 12.51
9.59 12.51
9.59 12.51
9.77 12.51
9.77 12.51
9.77 12.51
9.95 12.51
9.95 12.51
9.95 12.51
10.13 12.51
10.13 12.51
10.13 12.51
10.68 12.51
10.68 12.51
10.68 12.51
11.78 12.51
11.78 12.51
11.78 12.51
11.96 12.51
11.96 12.51
11.96 12.51
12.51 12.51
12.51 12.51
12.51 12.51
9.40 12.69
9.40 12.69
9.40 12.69
10.13 12.69
10.13 12.69
10.13 12.69
10.32 12.69
10.32 12.69
10.32 12.69
11.41 12.69
11.41 12.69
11.41 12.69
12.32 12.69
12.32 12.69
12.32 12.69
12.51 12.69
12.51 12.69
12.51 12.69
9.40 12.87
9.40 12.87
9.40 12.87
9.59 12.87
9.59 12.87
9.59 12.87
9.77 12.87
9.77 12.87
9.77 12.87
10.50 12.87
10.50 12.87
10.50 12.87
10.86 12.87
10.86 12.87
10.86 12.87
11.41 12.87
11.41 12.87
11.41 12.87
11.78 12.87
11.78 12.87
11.78 12.87
11.96 12.87
11.96 12.87
11.96 12.87
12.14 12.87
12.14 12.87
12.14 12.87
12.69 12.87
12.69 12.87
12.69 12.87
12.87 12.87
12.87 12.87
12.87 12.87
13.05 12.87
13.05 12.87
13.05 12.87
10.32 13.05
10.32 13.05
10.32 13.05
10.86 13.05
10.86 13.05
10.86 13.05
12.87 13.05
12.87 13.05
12.87 13.05
10.13 13.24
10.13 13.24
10.13 13.24
10.32 13.24
10.32 13.24
10.32 13.24
10.50 13.24
10.50 13.24
10.50 13.24
10.68 13.24
10.68 13.24
10.68 13.24
10.86 13.24
10.86 13.24
10.86 13.24
11.05 13.24
11.05 13.24
11.05 13.24
11.23 13.24
11.23 13.24
11.23 13.24
10.68 13.42
10.68 13.42
10.68 13.42
11.23 13.42
11.23 13.42
11.23 13.42
12.69 13.42
12.69 13.42
12.69 13.42
12.87 13.42
12.87 13.42
12.87 13.42
13.05 13.42
13.05 13.42
13.05 13.42
10.86 13.60
10.86 13.60
10.86 13.60
11.23 13.60
11.23 13.60
11.23 13.60
11.59 13.60
11.59 13.60
11.59 13.60
11.78 13.60
11.78 13.60
11.78 13.60
12.14 13.60
12.14 13.60
12.14 13.60
12.32 13.60
12.32 13.60
12.32 13.60
12.51 13.60
12.51 13.60
12.51 13.60
13.24 13.60
13.24 13.60
13.24 13.60
11.05 13.78
11.05 13.78
11.05 13.78
11.41 13.78
11.41 13.78
11.41 13.78
11.78 13.78
11.78 13.78
11.78 13.78
11.96 13.78
11.96 13.78
11.96 13.78
12.87 13.78
12.87 13.78
12.87 13.78
13.24 13.78
13.24 13.78
13.24 13.78
13.60 13.78
13.60 13.78
13.60 13.78
10.68 13.97
10.68 13.97
10.68 13.97
10.86 13.97
10.86 13.97
10.86 13.97
11.23 13.97
11.23 13.97
11.23 13.97
11.41 13.97
11.41 13.97
11.41 13.97
11.59 13.97
11.59 13.97
11.59 13.97
11.78 13.97
11.78 13.97
11.78 13.97
12.14 13.97
12.14 13.97
12.14 13.97
12.51 13.97
12.51 13.97
12.51 13.97
12.87 13.97
12.87 13.97
12.87 13.97
13.05 13.97
13.05 13.97
13.05 13.97
13.42 13.97
13.42 13.97
13.42 13.97
11.05 14.15
11.05 14.15
11.05 14.15
11.23 14.15
11.23 14.15
11.23 14.15
12.14 14.15
12.14 14.15
12.14 14.15
12.69 14.15
12.69 14.15
12.69 14.15
13.05 14.15
13.05 14.15
13.05 14.15
14.15 14.15
14.15 14.15
14.15 14.15
14.33 14.15
14.33 14.15
14.33 14.15
12.32 14.33
12.32 14.33
12.32 14.33
12.69 14.33
12.69 14.33
12.69 14.33
12.87 14.33
12.87 14.33
12.87 14.33
13.05 14.33
13.05 14.33
13.05 14.33
13.24 14.33
13.24 14.33
13.24 14.33
13.60 14.33
13.60 14.33
13.60 14.33
11.41 14.51
11.41 14.51
11.41 14.51
11.59 14.51
11.59 14.51
11.59 14.51
12.51 14.51
12.51 14.51
12.51 14.51
13.24 14.51
13.24 14.51
13.24 14.51
13.42 14.51
13.42 14.51
13.42 14.51
13.97 14.51
13.97 14.51
13.97 14.51
14.15 14.51
14.15 14.51
14.15 14.51
14.33 14.51
14.33 14.51
14.33 14.51
11.96 14.70
11.96 14.70
11.96 14.70
14.33 14.70
14.33 14.70
14.33 14.70
14.70 14.70
14.70 14.70
14.70 14.70
14.88 14.70
14.88 14.70
14.88 14.70
15.06 14.70
15.06 14.70
15.06 14.70
11.59 14.88
11.59 14.88
11.59 14.88
12.32 14.88
12.32 14.88
12.32 14.88
12.51 14.88
12.51 14.88
12.51 14.88
14.51 14.88
14.51 14.88
14.51 14.88
11.59 15.06
11.59 15.06
11.59 15.06
11.78 15.06
11.78 15.06
11.78 15.06
12.32 15.06
12.32 15.06
12.32 15.06
13.97 15.06
13.97 15.06
13.97 15.06
14.88 15.06
14.88 15.06
14.88 15.06
11.59 15.25
11.59 15.25
11.59 15.25
11.96 15.25
11.96 15.25
11.96 15.25
12.32 15.25
12.32 15.25
12.32 15.25
12.51 15.25
12.51 15.25
12.51 15.25
14.33 15.25
14.33 15.25
14.33 15.25
14.70 15.25
14.70 15.25
14.70 15.25
12.14 15.43
12.14 15.43
12.14 15.43
12.32 15.43
12.32 15.43
12.32 15.43
14.70 15.43
14.70 15.43
14.70 15.43
14.88 15.43
14.88 15.43
14.88 15.43
15.06 15.43
15.06 15.43
15.06 15.43
11.96 15.61
11.96 15.61
11.96 15.61
12.51 15.61
12.51 15.61
12.51 15.61
12.69 15.61
12.69 15.61
12.69 15.61
13.42 15.61
13.42 15.61
13.42 15.61
13.60 15.61
13.60 15.61
13.60 15.61
14.15 15.61
14.15 15.61
14.15 15.61
14.33 15.61
14.33 15.61
14.33 15.61
14.51 15.61
14.51 15.61
14.51 15.61
14.70 15.61
14.70 15.61
14.70 15.61
15.06 15.61
15.06 15.61
15.06 15.61
11.96 15.79
11.96 15.79
11.96 15.79
12.32 15.79
12.32 15.79
12.32 15.79
13.05 15.79
13.05 15.79
13.05 15.79
13.24 15.79
13.24 15.79
13.24 15.79
13.97 15.79
13.97 15.79
13.97 15.79
14.51 15.79
14.51 15.79
14.51 15.79
14.70 15.79
14.70 15.79
14.70 15.79
15.06 15.79
15.06 15.79
15.06 15.79
12.14 15.98
12.14 15.98
12.14 15.98
12.32 15.98
12.32 15.98
12.32 15.98
12.51 15.98
12.51 15.98
12.51 15.98
12.69 15.98
12.69 15.98
12.69 15.98
13.24 15.98
13.24 15.98
13.24 15.98
13.60 15.98
13.60 15.98
13.60 15.98
13.78 15.98
13.78 15.98
13.78 15.98
13.97 15.98
13.97 15.98
13.97 15.98
14.15 15.98
14.15 15.98
14.15 15.98
14.51 15.98
14.51 15.98
14.51 15.98
15.06 15.98
15.06 15.98
15.06 15.98
11.96 16.16
11.96 16.16
11.96 16.16
12.69 16.16
12.69 16.16
12.69 16.16
13.24 16.16
13.24 16.16
13.24 16.16
13.97 16.16
13.97 16.16
13.97 16.16
14.15 16.16
14.15 16.16
14.15 16.16
14.88 16.16
14.88 16.16
14.88 16.16
12.69 16.34
12.69 16.34
12.69 16.34
12.87 16.34
12.87 16.34
12.87 16.34
13.42 16.34
13.42 16.34
13.42 16.34
13.60 16.34
13.60 16.34
13.60 16.34
13.78 16.34
13.78 16.34
13.78 16.34
13.97 16.34
13.97 16.34
13.97 16.34
14.33 16.34
14.33 16.34
14.33 16.34
13.42 16.52
13.42 16.52
13.42 16.52
13.78 16.52
13.78 16.52
13.78 16.52
13.97 16.52
13.97 16.52
13.97 16.52
14.33 16.52
14.33 16.52
14.33 16.52
12.69 16.71
12.69 16.71
12.69 16.71
12.87 16.71
12.87 16.71
12.87 16.71
13.42 16.71
13.42 16.71
13.42 16.71
13.97 16.71
13.97 16.71
13.97 16.71
14.33 16.71
14.33 16.71
14.33 16.71
12.69 16.89
12.69 16.89
12.69 16.89
13.24 16.89
13.24 16.89
13.24 16.89
13.60 16.89
13.60 16.89
13.60 16.89
13.97 16.89
13.97 16.89
13.97 16.89
13.42 17.07
13.42 17.07
13.42 17.07
13.60 17.07
13.60 17.07
13.60 17.07
13.78 17.07
13.78 17.07
13.78 17.07
13.24 17.44
13.24 17.44
13.24 17.44
13.78 17.44
13.78 17.44
13.78 17.44
13.42 17.62
13.42 17.62
13.42 17.62
13.60 17.62
13.60 17.62
13.60 17.62
13.78 17.62
13.78 17.62
13.78 17.62
13.24 17.80
13.24 17.80
13.24 17.80
13.42 17.80
13.42 17.80
13.42 17.80
13.60 17.80
13.60 17.80
13.60 17.80
